#!ascii label /projectnb/somerslab/tom/projects/spacetime_network/data/ROIs/probabilistic_cmSFG_lh_thresh5.label , from subject  vox2ras=TkReg
571
246  -6.937  -0.221  65.060 6.0000000000
1099  -6.059  0.159  61.570 6.0000000000
2146  -6.594  6.861  64.634 6.0000000000
4736  -7.088  0.502  59.597 6.0000000000
4737  -7.529  3.676  61.731 6.0000000000
6584  -7.060  -2.842  62.647 5.0000000000
6585  -6.131  -0.073  63.407 5.0000000000
6587  -5.891  -2.609  59.251 5.0000000000
9007  -6.643  3.519  63.586 6.0000000000
9008  -6.782  7.129  62.483 5.0000000000
12413  -7.467  1.333  66.117 5.0000000000
12415  -6.879  1.336  65.437 5.0000000000
12417  -8.112  1.969  59.692 5.0000000000
14814  -6.622  -2.902  61.884 5.0000000000
14819  -6.080  -2.368  58.383 5.0000000000
19966  -5.956  -0.038  62.492 7.0000000000
19967  -6.294  1.486  63.697 6.0000000000
19968  -6.486  1.729  62.742 6.0000000000
19969  -7.802  5.551  61.016 5.0000000000
19970  -7.183  5.477  62.187 6.0000000000
19971  -7.283  7.129  61.157 5.0000000000
26955  -6.637  5.107  65.155 6.0000000000
26956  -6.505  0.344  60.590 6.0000000000
26957  -6.852  1.822  61.778 5.0000000000
26958  -7.487  1.919  60.823 6.0000000000
26959  -8.234  3.680  60.594 5.0000000000
30722  -6.803  -1.592  63.854 6.0000000000
30723  -6.404  -0.183  64.383 6.0000000000
30724  -6.267  -1.613  63.094 6.0000000000
30725  -5.895  -1.609  62.174 5.0000000000
30726  -5.695  -1.500  61.288 5.0000000000
30728  -5.988  -2.855  60.165 5.0000000000
30729  -5.764  -1.267  60.370 6.0000000000
30730  -6.124  -1.017  59.385 6.0000000000
30731  -6.662  -0.868  58.392 5.0000000000
37267  -6.508  1.439  64.613 5.0000000000
37268  -6.551  3.339  64.576 6.0000000000
37269  -6.577  5.230  64.212 6.0000000000
37270  -6.975  3.639  62.676 6.0000000000
37271  -6.731  5.387  63.246 6.0000000000
37272  -6.574  6.999  63.644 5.0000000000
37273  -6.582  8.522  62.756 5.0000000000
43133  -7.180  0.538  65.626 5.0000000000
43134  -7.153  1.341  65.796 5.0000000000
43135  -6.899  0.504  65.286 5.0000000000
50681  -6.656  6.769  65.066 6.0000000000
50682  -6.732  7.564  65.217 5.0000000000
50683  -6.606  7.681  64.789 6.0000000000
50685  -6.540  7.779  64.300 6.0000000000
50686  -5.956  0.036  62.035 7.0000000000
50687  -6.166  0.842  62.635 6.0000000000
50688  -6.276  0.909  62.161 6.0000000000
50690  -7.527  6.330  61.109 5.0000000000
50691  -7.560  7.102  60.457 5.0000000000
60285  -6.671  4.142  65.385 5.0000000000
60286  -6.761  0.418  60.096 6.0000000000
60287  -6.983  1.119  60.737 6.0000000000
60288  -7.281  1.125  60.193 6.0000000000
60290  -8.236  2.754  60.213 5.0000000000
67478  -6.889  -2.226  63.263 5.0000000000
67479  -6.518  -1.606  63.525 6.0000000000
67480  -6.603  -2.263  62.890 6.0000000000
67481  -6.417  -2.948  61.473 5.0000000000
67482  -6.172  -2.300  62.054 5.0000000000
67484  -5.759  -1.557  61.741 5.0000000000
67489  -6.133  -3.311  59.210 5.0000000000
67490  -6.223  -3.411  59.624 5.0000000000
67491  -5.883  -2.704  59.751 5.0000000000
67492  -5.716  -2.053  60.287 5.0000000000
67493  -5.761  -1.938  59.791 5.0000000000
67494  -5.906  -1.123  59.884 6.0000000000
67495  -5.860  -1.830  59.291 5.0000000000
67496  -6.317  -2.245  57.941 5.0000000000
67497  -6.286  -1.618  58.367 5.0000000000
72896  -8.857  -2.313  63.826 5.0000000000
72897  -8.813  -1.734  64.414 5.0000000000
82936  -6.240  -0.122  63.925 6.0000000000
82937  -6.456  0.532  64.536 5.0000000000
82939  -6.498  2.509  63.712 6.0000000000
82940  -6.451  2.413  64.192 6.0000000000
82941  -6.566  3.430  64.070 6.0000000000
82942  -6.573  4.310  64.410 6.0000000000
82943  -6.574  4.411  63.928 6.0000000000
82944  -7.272  2.765  61.832 5.0000000000
82945  -7.008  2.728  62.300 5.0000000000
82946  -7.230  3.647  62.207 6.0000000000
82947  -6.966  6.323  62.340 6.0000000000
82948  -6.913  5.454  62.729 6.0000000000
82949  -6.755  6.303  62.930 6.0000000000
82950  -6.628  6.176  63.451 6.0000000000
82951  -6.638  7.085  63.103 5.0000000000
82952  -6.572  7.817  63.233 5.0000000000
82953  -6.655  7.835  62.634 5.0000000000
96076  -7.388  0.519  59.062 6.0000000000
96077  -7.600  1.186  59.655 6.0000000000
96078  -7.912  1.249  59.099 5.0000000000
100391  -7.354  -3.367  62.045 5.0000000000
100392  -6.825  -2.873  62.280 5.0000000000
100393  -7.122  -3.430  61.701 5.0000000000
100400  -6.094  -3.266  58.788 5.0000000000
100401  -5.950  -2.495  58.808 5.0000000000
100402  -6.137  -3.156  58.383 5.0000000000
100403  -6.218  -3.033  57.986 5.0000000000
103645  -8.630  -2.982  63.044 5.0000000000
109666  -6.012  -0.099  62.944 7.0000000000
109667  -6.204  0.653  63.577 6.0000000000
109668  -6.124  0.689  63.094 6.0000000000
109669  -6.369  1.615  63.213 6.0000000000
109670  -6.605  2.612  63.230 6.0000000000
109671  -7.730  4.634  61.452 6.0000000000
109672  -7.378  4.584  61.998 6.0000000000
109673  -7.486  5.511  61.607 6.0000000000
109674  -7.232  6.327  61.740 5.0000000000
109675  -6.992  7.141  61.820 5.0000000000
109676  -6.791  7.855  61.994 5.0000000000
109677  -6.988  7.836  61.332 5.0000000000
124335  -6.571  6.019  64.900 6.0000000000
124336  -6.268  0.258  61.081 6.0000000000
124337  -6.456  0.973  61.695 6.0000000000
124338  -6.691  1.038  61.230 6.0000000000
124339  -7.177  1.905  61.340 6.0000000000
124340  -7.585  2.787  61.345 5.0000000000
124341  -7.786  1.912  60.272 6.0000000000
124342  -7.922  2.777  60.815 5.0000000000
124343  -7.902  3.706  61.202 6.0000000000
124344  -8.066  4.677  60.859 6.0000000000
133856  -6.812  -0.932  64.448 6.0000000000
133857  -6.635  -0.222  64.763 6.0000000000
133858  -6.513  -0.928  64.130 6.0000000000
133859  -6.277  -0.891  63.753 6.0000000000
133860  -6.094  -0.885  63.310 5.0000000000
133861  -6.360  -2.270  62.494 6.0000000000
133862  -6.064  -1.619  62.628 5.0000000000
133863  -5.970  -0.880  62.818 5.0000000000
133864  -5.873  -0.828  62.339 5.0000000000
133865  -5.793  -0.802  61.890 7.0000000000
133866  -5.796  -0.708  61.434 6.0000000000
133871  -6.335  -3.512  60.052 5.0000000000
133872  -6.090  -2.936  60.604 5.0000000000
133873  -5.757  -2.208  60.670 5.0000000000
133874  -5.696  -1.401  60.825 6.0000000000
133875  -5.881  -0.587  60.948 6.0000000000
133876  -6.077  -0.417  60.500 6.0000000000
133877  -6.300  -0.339  59.998 6.0000000000
133878  -6.563  -0.275  59.477 6.0000000000
133879  -6.001  -1.692  58.852 5.0000000000
133880  -6.378  -0.930  58.896 5.0000000000
133881  -6.855  -0.198  58.971 5.0000000000
133882  -7.162  -0.177  58.452 5.0000000000
140592  -7.498  0.581  65.941 5.0000000000
140593  -7.246  -0.161  65.421 5.0000000000
140615  -9.166  -1.647  64.638 5.0000000000
140620  -7.132  -0.880  64.791 6.0000000000
152767  -6.656  0.498  64.923 5.0000000000
152768  -6.661  1.402  65.056 5.0000000000
152770  -6.391  1.470  64.167 6.0000000000
152771  -6.529  2.367  64.674 6.0000000000
152772  -6.606  3.258  65.099 6.0000000000
152773  -6.600  4.223  64.905 6.0000000000
152774  -6.580  5.187  64.699 6.0000000000
152775  -6.568  6.049  64.428 7.0000000000
152776  -6.638  1.793  62.270 5.0000000000
152777  -6.788  2.712  62.738 6.0000000000
152778  -6.750  3.649  63.169 6.0000000000
152779  -7.093  4.563  62.494 6.0000000000
152780  -6.846  4.549  63.008 6.0000000000
152781  -6.665  4.508  63.494 7.0000000000
152782  -6.620  5.310  63.741 7.0000000000
152783  -6.578  6.095  63.946 7.0000000000
152784  -6.569  6.946  64.156 6.0000000000
152785  -6.511  7.821  63.793 5.0000000000
152786  -6.514  8.549  63.367 5.0000000000
152788  -6.658  8.508  62.125 5.0000000000
2147  -7.830  7.069  59.770 0.0000000000
4735  -6.762  3.187  65.529 0.0000000000
6586  -6.222  -2.969  61.044 0.0000000000
6588  -6.580  -2.175  57.451 0.0000000000
7564  -8.457  -2.411  63.655 0.0000000000
12416  -7.684  0.528  58.490 0.0000000000
14813  -7.685  -3.893  61.447 0.0000000000
14817  -6.500  -3.931  59.088 0.0000000000
14818  -6.354  -3.887  58.313 0.0000000000
14820  -6.327  -3.706  57.556 0.0000000000
16619  -9.253  -2.241  64.006 0.0000000000
16621  -8.878  -3.567  62.486 0.0000000000
19961  -6.815  6.698  65.483 0.0000000000
19963  -6.672  8.424  64.865 0.0000000000
19965  -6.508  8.576  63.937 0.0000000000
19972  -6.848  8.516  61.440 0.0000000000
30727  -6.825  -4.033  59.939 0.0000000000
33139  -7.587  -0.103  65.748 0.0000000000
33146  -9.078  -1.090  65.373 0.0000000000
33147  -8.315  -1.260  64.890 0.0000000000
33148  -7.512  -1.470  64.454 0.0000000000
43137  -8.195  1.279  58.480 0.0000000000
45534  -7.436  -4.011  61.116 0.0000000000
45539  -6.313  -3.803  57.980 0.0000000000
50684  -6.555  8.523  64.436 0.0000000000
50689  -7.813  6.353  60.421 0.0000000000
50692  -7.271  7.796  60.557 0.0000000000
50693  -7.539  7.762  59.800 0.0000000000
60283  -6.869  4.049  65.812 0.0000000000
60284  -6.777  5.026  65.588 0.0000000000
60289  -8.507  2.768  59.549 0.0000000000
60291  -8.517  3.663  59.984 0.0000000000
60292  -8.365  4.695  60.213 0.0000000000
67483  -5.989  -2.248  61.637 0.0000000000
67485  -5.846  -2.208  61.185 0.0000000000
67498  -6.587  -1.554  57.883 0.0000000000
67499  -6.978  -0.826  57.851 0.0000000000
72876  -7.837  0.616  66.256 0.0000000000
72895  -9.506  -1.589  64.885 0.0000000000
72898  -8.410  -1.860  64.218 0.0000000000
72902  -8.126  -2.550  63.465 0.0000000000
82938  -6.360  0.647  64.074 0.0000000000
82955  -6.728  9.208  61.523 0.0000000000
96071  -7.729  2.115  66.540 0.0000000000
96073  -7.358  2.147  66.279 0.0000000000
96074  -7.052  2.184  65.953 0.0000000000
96075  -6.827  2.192  65.564 0.0000000000
96079  -8.387  2.014  59.033 0.0000000000
100394  -6.898  -3.491  61.311 0.0000000000
100395  -6.689  -3.539  60.906 0.0000000000
100399  -6.406  -3.906  58.681 0.0000000000
100404  -6.337  -2.908  57.562 0.0000000000
103641  -9.631  -2.187  64.211 0.0000000000
103643  -9.393  -2.832  63.456 0.0000000000
103644  -9.000  -2.915  63.244 0.0000000000
103646  -9.199  -3.489  62.703 0.0000000000
109659  -6.951  7.512  65.552 0.0000000000
109660  -6.879  8.358  65.233 0.0000000000
109665  -6.500  9.315  63.514 0.0000000000
109678  -7.044  8.460  60.701 0.0000000000
124334  -6.712  5.925  65.341 0.0000000000
124345  -8.129  5.589  60.410 0.0000000000
133869  -6.474  -3.572  60.502 0.0000000000
133870  -6.662  -4.002  59.512 0.0000000000
133883  -7.478  -0.154  57.900 0.0000000000
140591  -7.819  1.300  66.366 0.0000000000
140616  -8.709  -1.136  65.172 0.0000000000
140619  -7.465  -0.813  65.132 0.0000000000
140621  -7.125  -1.550  64.149 0.0000000000
140622  -7.192  -2.163  63.568 0.0000000000
140623  -7.371  -2.736  62.974 0.0000000000
140624  -8.307  -3.053  62.856 0.0000000000
140626  -7.631  -3.274  62.351 0.0000000000
140627  -7.941  -3.802  61.759 0.0000000000
152769  -6.654  2.276  65.132 0.0000000000
152787  -6.478  9.258  62.911 0.0000000000
152789  -6.571  9.271  62.196 0.0000000000
4733  -7.960  3.001  66.821 0.0000000000
4738  -8.745  3.688  59.371 0.0000000000
7563  -9.964  -2.111  64.458 0.0000000000
9006  -6.508  10.083  62.993 0.0000000000
12414  -7.257  3.067  66.320 0.0000000000
12418  -8.622  2.040  58.335 0.0000000000
14815  -7.230  -4.062  60.740 0.0000000000
16620  -9.472  -3.381  62.932 0.0000000000
19962  -7.156  8.329  65.528 0.0000000000
19973  -7.269  8.388  59.901 0.0000000000
26954  -6.990  4.947  65.989 0.0000000000
26960  -8.397  5.575  59.676 0.0000000000
30732  -7.311  -0.830  57.374 0.0000000000
33138  -8.182  1.319  66.657 0.0000000000
33149  -7.752  -2.646  63.240 0.0000000000
33150  -8.216  -3.721  62.051 0.0000000000
37274  -6.667  9.951  61.636 0.0000000000
43136  -7.983  0.561  57.892 0.0000000000
43138  -8.423  1.302  57.765 0.0000000000
45533  -8.032  -4.485  60.894 0.0000000000
45535  -7.815  -4.550  60.547 0.0000000000
45537  -6.751  -4.486  58.253 0.0000000000
45538  -6.618  -4.453  57.872 0.0000000000
45540  -6.517  -4.423  57.458 0.0000000000
45541  -6.466  -4.352  57.031 0.0000000000
47339  -9.852  -3.327  63.171 0.0000000000
47341  -9.672  -4.055  62.456 0.0000000000
50694  -7.469  8.384  59.133 0.0000000000
50695  -7.779  7.716  59.090 0.0000000000
60281  -6.981  3.124  65.937 0.0000000000
60282  -7.119  4.003  66.169 0.0000000000
60293  -8.612  4.678  59.526 0.0000000000
67487  -7.433  -4.580  59.804 0.0000000000
67488  -7.242  -4.546  59.412 0.0000000000
67500  -6.878  -1.505  57.414 0.0000000000
67502  -6.777  -2.092  56.964 0.0000000000
72875  -8.188  0.654  66.575 0.0000000000
72877  -7.938  -0.086  66.026 0.0000000000
72893  -9.847  -1.559  65.148 0.0000000000
72894  -9.436  -1.046  65.612 0.0000000000
72899  -7.913  -1.377  64.650 0.0000000000
72900  -8.009  -1.977  64.039 0.0000000000
72901  -7.614  -2.084  63.835 0.0000000000
72903  -9.093  -4.210  62.015 0.0000000000
72904  -8.543  -3.640  62.277 0.0000000000
72906  -8.502  -4.344  61.523 0.0000000000
82924  -7.097  9.240  65.179 0.0000000000
82931  -6.533  10.122  63.586 0.0000000000
82954  -6.906  9.134  60.821 0.0000000000
82956  -6.811  9.846  60.910 0.0000000000
96072  -7.565  3.048  66.636 0.0000000000
96080  -8.751  2.811  58.829 0.0000000000
100397  -7.057  -4.510  58.980 0.0000000000
100398  -6.914  -4.531  58.595 0.0000000000
100405  -6.504  -2.788  57.097 0.0000000000
100406  -6.363  -3.574  57.137 0.0000000000
103640  -10.101  -2.663  63.903 0.0000000000
103642  -9.726  -2.707  63.661 0.0000000000
103647  -9.396  -4.116  62.216 0.0000000000
109657  -7.061  6.632  65.788 0.0000000000
109658  -7.255  7.418  65.799 0.0000000000
109661  -6.836  9.262  64.865 0.0000000000
109663  -6.636  9.278  64.499 0.0000000000
109664  -6.547  9.332  64.043 0.0000000000
109679  -7.079  9.037  60.045 0.0000000000
124333  -6.907  5.853  65.725 0.0000000000
124346  -8.119  6.342  59.756 0.0000000000
124347  -8.100  7.016  59.101 0.0000000000
133868  -7.016  -4.061  60.347 0.0000000000
133884  -7.792  -0.131  57.326 0.0000000000
140590  -8.128  2.115  66.745 0.0000000000
140613  -9.090  -0.502  66.101 0.0000000000
140614  -8.642  -0.588  65.846 0.0000000000
140617  -8.227  -0.656  65.627 0.0000000000
140618  -7.843  -0.731  65.389 0.0000000000
140625  -7.952  -3.168  62.620 0.0000000000
140628  -8.260  -4.410  61.212 0.0000000000
152790  -6.566  10.031  62.350 0.0000000000
500  -8.237  0.588  57.196 0.0000000000
1098  -8.394  -5.086  60.361 0.0000000000
1100  -6.911  -5.076  57.263 0.0000000000
3019  -7.669  -5.110  58.844 0.0000000000
4734  -7.370  6.547  66.032 0.0000000000
7561  -8.326  -0.028  66.302 0.0000000000
7565  -9.246  -4.878  61.625 0.0000000000
9005  -6.997  10.129  64.924 0.0000000000
9009  -6.991  9.753  60.146 0.0000000000
14816  -7.249  -5.061  58.103 0.0000000000
14821  -6.412  -3.393  56.719 0.0000000000
14822  -6.556  -4.913  56.507 0.0000000000
16612  -9.188  0.038  66.812 0.0000000000
16618  -10.200  -3.302  63.407 0.0000000000
16622  -9.779  -4.735  62.037 0.0000000000
19964  -6.622  10.124  64.081 0.0000000000
19975  -7.655  8.310  58.429 0.0000000000
23865  -8.047  -5.143  59.599 0.0000000000
26961  -8.327  6.958  58.405 0.0000000000
30734  -6.909  -2.002  56.474 0.0000000000
33145  -9.799  -1.020  65.875 0.0000000000
33151  -8.791  -5.029  61.035 0.0000000000
43139  -8.831  2.059  57.601 0.0000000000
43140  -8.634  1.338  57.050 0.0000000000
45536  -7.092  -5.117  57.659 0.0000000000
45542  -6.732  -4.992  56.903 0.0000000000
47338  -10.297  -4.007  62.948 0.0000000000
47340  -9.986  -4.027  62.693 0.0000000000
47342  -10.029  -4.668  62.295 0.0000000000
60278  -8.180  3.843  66.907 0.0000000000
60280  -7.752  3.953  66.745 0.0000000000
60294  -8.655  5.534  58.941 0.0000000000
60295  -8.865  4.664  58.765 0.0000000000
67486  -7.848  -5.129  59.275 0.0000000000
67501  -7.171  -1.414  56.926 0.0000000000
72873  -8.537  0.659  66.858 0.0000000000
72874  -8.556  1.341  66.946 0.0000000000
72889  -10.453  -2.666  64.152 0.0000000000
72891  -10.317  -2.108  64.734 0.0000000000
72892  -10.233  -1.552  65.415 0.0000000000
72905  -8.788  -4.283  61.789 0.0000000000
72907  -9.010  -4.961  61.346 0.0000000000
82923  -7.610  7.308  65.988 0.0000000000
82925  -7.410  9.162  65.418 0.0000000000
82926  -7.310  10.051  65.153 0.0000000000
82932  -6.611  10.927  63.593 0.0000000000
82933  -6.549  10.863  63.015 0.0000000000
82935  -6.589  10.803  62.365 0.0000000000
82957  -6.778  10.586  60.973 0.0000000000
82958  -6.937  10.473  60.234 0.0000000000
96081  -8.956  3.737  58.528 0.0000000000
96082  -8.946  2.865  58.091 0.0000000000
100396  -7.469  -5.083  58.459 0.0000000000
100407  -6.404  -4.204  56.645 0.0000000000
103630  -8.751  0.020  66.556 0.0000000000
103639  -10.533  -3.306  63.659 0.0000000000
103648  -9.529  -4.822  61.808 0.0000000000
109662  -6.776  10.129  64.520 0.0000000000
109680  -7.132  9.645  59.374 0.0000000000
109681  -7.253  8.994  59.230 0.0000000000
109682  -7.395  8.924  58.472 0.0000000000
117123  -8.221  -5.123  59.977 0.0000000000
124330  -7.411  3.982  66.474 0.0000000000
124331  -7.296  4.890  66.305 0.0000000000
124332  -7.158  5.794  66.028 0.0000000000
124348  -8.391  6.309  59.066 0.0000000000
133867  -7.615  -4.585  60.160 0.0000000000
133885  -8.082  -0.096  56.715 0.0000000000
133886  -7.621  -0.780  56.859 0.0000000000
133889  -6.634  -2.681  56.607 0.0000000000
140587  -8.383  2.983  66.972 0.0000000000
140589  -8.518  2.129  66.957 0.0000000000
140612  -9.480  -0.486  66.365 0.0000000000
140629  -8.587  -5.064  60.703 0.0000000000
152752  -7.499  8.230  65.725 0.0000000000
152791  -6.669  10.707  61.693 0.0000000000
152803  -8.001  7.633  58.410 0.0000000000
1596  -10.299  -4.675  62.584 0.0000000000
12419  -9.146  3.756  57.713 0.0000000000
12420  -9.013  2.116  56.833 0.0000000000
16611  -8.934  1.363  67.217 0.0000000000
16617  -10.828  -3.349  63.949 0.0000000000
19974  -7.276  9.557  58.584 0.0000000000
26951  -8.448  4.650  66.842 0.0000000000
26953  -7.656  4.820  66.560 0.0000000000
26962  -8.892  5.491  58.202 0.0000000000
30733  -7.894  -0.708  56.315 0.0000000000
33137  -8.820  3.028  67.091 0.0000000000
33144  -10.668  -2.131  65.041 0.0000000000
37261  -7.883  8.112  65.828 0.0000000000
37262  -7.689  9.951  65.283 0.0000000000
37265  -6.661  11.646  63.056 0.0000000000
37266  -6.690  11.467  61.802 0.0000000000
37275  -6.936  11.181  60.326 0.0000000000
43141  -8.852  1.401  56.372 0.0000000000
43142  -8.486  0.642  56.555 0.0000000000
47331  -9.408  0.647  67.356 0.0000000000
47332  -9.618  0.059  67.081 0.0000000000
47336  -10.543  -4.721  62.945 0.0000000000
47337  -10.564  -4.017  63.246 0.0000000000
60279  -8.040  4.742  66.736 0.0000000000
67503  -6.365  -4.066  56.244 0.0000000000
67504  -6.507  -3.317  56.204 0.0000000000
72890  -10.774  -2.717  64.420 0.0000000000
82921  -7.740  6.445  66.209 0.0000000000
82922  -8.004  7.179  66.102 0.0000000000
82927  -7.608  10.783  65.049 0.0000000000
82928  -7.247  10.841  64.879 0.0000000000
82930  -6.975  10.919  64.534 0.0000000000
82934  -6.645  11.557  62.472 0.0000000000
82959  -7.083  11.027  59.591 0.0000000000
82960  -7.069  10.353  59.500 0.0000000000
82961  -7.420  9.463  57.835 0.0000000000
82966  -8.548  6.882  57.684 0.0000000000
82967  -8.210  7.533  57.729 0.0000000000
96083  -9.143  2.882  57.299 0.0000000000
100408  -6.426  -4.849  56.147 0.0000000000
103629  -8.963  0.654  67.121 0.0000000000
103638  -10.837  -4.048  63.553 0.0000000000
109683  -7.537  8.827  57.774 0.0000000000
117122  -8.730  -5.796  59.822 0.0000000000
117124  -8.573  -5.785  59.461 0.0000000000
117125  -8.393  -5.764  59.094 0.0000000000
117126  -8.216  -5.770  58.707 0.0000000000
117129  -8.037  -5.749  58.305 0.0000000000
117130  -7.826  -5.724  57.920 0.0000000000
117131  -7.612  -5.718  57.531 0.0000000000
117132  -7.383  -5.704  57.150 0.0000000000
117133  -7.184  -5.630  56.784 0.0000000000
119653  -10.233  -5.454  62.295 0.0000000000
124329  -7.483  5.714  66.304 0.0000000000
124349  -8.631  6.257  58.346 0.0000000000
124351  -9.071  4.637  57.998 0.0000000000
133887  -7.422  -1.337  56.455 0.0000000000
133888  -7.139  -1.945  56.081 0.0000000000
133890  -6.762  -2.595  56.133 0.0000000000
133895  -6.933  -5.548  56.439 0.0000000000
133896  -6.674  -5.475  56.085 0.0000000000
140586  -8.630  3.814  67.005 0.0000000000
140588  -8.919  2.097  67.144 0.0000000000
140609  -10.580  -1.584  65.728 0.0000000000
140610  -10.172  -1.015  66.173 0.0000000000
140611  -9.859  -0.480  66.664 0.0000000000
140630  -10.031  -5.439  62.042 0.0000000000
140631  -9.821  -5.502  61.764 0.0000000000
140632  -9.617  -5.560  61.495 0.0000000000
140635  -9.416  -5.612  61.225 0.0000000000
140636  -9.226  -5.681  60.911 0.0000000000
140637  -9.047  -5.705  60.567 0.0000000000
140638  -8.881  -5.730  60.211 0.0000000000
152753  -7.788  9.047  65.552 0.0000000000
152761  -6.761  10.952  64.090 0.0000000000
152762  -6.747  11.756  63.611 0.0000000000
152792  -6.790  11.317  61.038 0.0000000000
152797  -7.200  10.220  58.757 0.0000000000
152804  -7.844  8.196  57.738 0.0000000000
152848  -8.301  -0.020  56.140 0.0000000000
1595  -10.007  0.050  67.350 0.0000000000
4739  -8.733  6.808  56.953 0.0000000000
6589  -7.295  -1.858  55.591 0.0000000000
6590  -6.339  -4.748  55.759 0.0000000000
9010  -7.532  9.341  57.123 0.0000000000
12422  -8.710  0.709  55.937 0.0000000000
16610  -9.782  1.377  67.608 0.0000000000
16616  -10.779  -4.735  63.277 0.0000000000
23864  -8.982  -6.526  59.372 0.0000000000
23866  -8.680  -6.485  58.581 0.0000000000
23867  -8.350  -6.439  57.832 0.0000000000
23868  -7.826  -6.351  57.004 0.0000000000
23869  -7.353  -6.237  56.279 0.0000000000
24949  -10.187  -6.167  62.120 0.0000000000
26952  -8.156  6.372  66.271 0.0000000000
30735  -6.613  -3.233  55.725 0.0000000000
30737  -6.793  -6.122  55.579 0.0000000000
33142  -10.536  -1.076  66.468 0.0000000000
33152  -9.900  -6.273  61.501 0.0000000000
33153  -9.571  -6.366  60.840 0.0000000000
33154  -9.291  -6.414  60.112 0.0000000000
37263  -7.566  11.638  64.710 0.0000000000
37264  -6.946  11.752  64.081 0.0000000000
37276  -7.221  10.862  58.823 0.0000000000
37279  -8.026  8.049  57.058 0.0000000000
47330  -9.854  0.647  67.590 0.0000000000
55134  -8.824  -6.476  59.012 0.0000000000
55139  -8.095  -6.408  57.407 0.0000000000
60296  -9.329  3.741  56.912 0.0000000000
60297  -9.241  4.611  57.237 0.0000000000
67505  -6.385  -3.989  55.766 0.0000000000
67509  -7.077  -6.175  55.952 0.0000000000
72871  -9.130  3.812  67.059 0.0000000000
72872  -9.235  3.009  67.217 0.0000000000
72885  -10.904  -1.658  66.060 0.0000000000
72909  -10.043  -6.184  61.799 0.0000000000
72914  -9.464  -6.379  60.488 0.0000000000
82929  -7.212  11.715  64.440 0.0000000000
82962  -7.356  10.113  57.967 0.0000000000
82963  -7.498  9.985  57.244 0.0000000000
82968  -8.396  7.427  57.030 0.0000000000
83003  -7.631  -1.277  55.958 0.0000000000
83004  -8.060  -0.635  55.768 0.0000000000
96084  -9.300  2.930  56.528 0.0000000000
96086  -9.148  2.195  56.112 0.0000000000
96087  -8.997  1.473  55.707 0.0000000000
103627  -9.332  2.081  67.316 0.0000000000
103628  -9.359  1.373  67.405 0.0000000000
103636  -11.010  -4.740  63.587 0.0000000000
103637  -11.091  -4.067  63.910 0.0000000000
117128  -8.524  -6.468  58.190 0.0000000000
117134  -7.582  -6.291  56.636 0.0000000000
119651  -10.634  -5.460  63.035 0.0000000000
119652  -10.433  -5.459  62.637 0.0000000000
119654  -10.337  -6.168  62.450 0.0000000000
124325  -8.788  5.420  66.594 0.0000000000
124327  -8.314  5.517  66.568 0.0000000000
124328  -7.880  5.616  66.477 0.0000000000
124350  -8.821  6.203  57.627 0.0000000000
124352  -9.064  5.439  57.478 0.0000000000
133891  -6.894  -2.532  55.664 0.0000000000
133897  -6.481  -5.437  55.673 0.0000000000
140585  -8.946  4.613  66.861 0.0000000000
140602  -10.216  -0.503  66.960 0.0000000000
140606  -11.091  -3.372  64.310 0.0000000000
140607  -11.047  -2.746  64.818 0.0000000000
140608  -10.979  -2.170  65.415 0.0000000000
140634  -9.715  -6.329  61.176 0.0000000000
140639  -9.133  -6.478  59.735 0.0000000000
152749  -8.472  7.092  66.013 0.0000000000
152750  -8.305  7.978  65.825 0.0000000000
152751  -8.197  8.945  65.561 0.0000000000
152754  -8.126  9.831  65.334 0.0000000000
152755  -8.023  10.695  65.091 0.0000000000
152756  -7.924  11.539  64.798 0.0000000000
152760  -6.932  12.528  63.612 0.0000000000
152763  -6.774  12.449  63.082 0.0000000000
152764  -6.697  12.333  62.494 0.0000000000
152765  -6.699  12.220  61.871 0.0000000000
152766  -6.774  12.055  61.151 0.0000000000
152793  -6.913  11.902  60.418 0.0000000000
152794  -7.071  11.754  59.697 0.0000000000
152795  -7.222  11.570  58.946 0.0000000000
152798  -7.396  10.725  58.099 0.0000000000
152805  -7.709  8.680  57.095 0.0000000000
152849  -8.477  0.072  55.567 0.0000000000
