#!ascii label /projectnb/somerslab/tom/projects/spacetime_network/data/ROIs/probabilistic_CO_lh_thresh5.label , from subject  vox2ras=TkReg
1239
182  -61.722  -9.075  11.044 6.0000000000
662  -58.853  -5.185  10.402 5.0000000000
992  -58.672  1.629  22.990 6.0000000000
1036  -56.074  -3.489  17.332 7.0000000000
2068  -57.843  -4.601  13.802 7.0000000000
2582  -57.643  -2.945  10.792 5.0000000000
2956  -57.100  -0.873  22.109 5.0000000000
3427  -62.856  -11.198  12.619 6.0000000000
4412  -58.655  0.929  16.320 6.0000000000
4413  -58.719  3.070  15.184 6.0000000000
4414  -59.153  3.663  17.318 5.0000000000
4543  -57.557  -0.977  18.285 6.0000000000
4544  -56.790  -4.211  15.463 7.0000000000
4545  -57.745  -1.357  16.186 6.0000000000
4546  -57.554  -2.039  14.213 7.0000000000
5800  -60.413  -7.124  10.518 6.0000000000
6394  -59.034  4.390  22.029 5.0000000000
6472  -57.230  -0.730  20.380 7.0000000000
7299  -59.011  -9.891  10.973 5.0000000000
8614  -58.233  2.660  13.134 6.0000000000
8772  -57.452  -7.123  15.216 5.0000000000
8773  -59.112  -7.126  13.703 6.0000000000
8774  -60.269  -7.057  12.131 5.0000000000
8775  -58.568  -5.099  12.153 6.0000000000
8776  -57.555  -2.681  12.588 5.0000000000
11107  -62.387  -10.230  11.693 6.0000000000
11108  -62.174  -11.042  11.719 5.0000000000
12092  -58.947  1.091  17.345 5.0000000000
12093  -59.051  2.285  16.878 7.0000000000
12094  -59.255  2.440  17.955 5.0000000000
12223  -58.485  0.099  18.506 5.0000000000
12224  -57.733  -1.191  17.237 8.0000000000
12225  -58.512  -0.071  17.378 5.0000000000
12226  -58.383  -0.277  16.292 6.0000000000
13507  -59.657  -6.228  10.337 5.0000000000
13508  -59.899  -6.773  9.768 6.0000000000
14492  -58.810  1.586  21.873 6.0000000000
14493  -59.195  2.954  21.443 5.0000000000
14494  -59.019  3.090  22.671 5.0000000000
14623  -58.002  0.289  22.668 6.0000000000
14624  -57.145  -0.769  21.375 7.0000000000
14625  -58.130  0.374  21.708 6.0000000000
14626  -58.240  0.304  20.635 6.0000000000
16052  -58.619  -8.934  10.193 5.0000000000
18996  -58.551  4.023  14.603 5.0000000000
19000  -58.643  5.179  20.202 5.0000000000
19001  -58.727  4.979  19.086 5.0000000000
19384  -56.738  -6.965  15.955 5.0000000000
19385  -56.359  -5.372  15.928 6.0000000000
19386  -57.319  -4.415  14.634 6.0000000000
19387  -57.619  -5.842  14.483 7.0000000000
19388  -58.358  -5.887  13.735 7.0000000000
19389  -59.755  -6.939  12.933 6.0000000000
19390  -58.950  -5.884  12.851 5.0000000000
19391  -59.403  -6.145  12.047 5.0000000000
19392  -58.281  -4.856  12.962 6.0000000000
19394  -57.518  -2.366  13.404 6.0000000000
19395  -57.468  -0.979  13.584 5.0000000000
19396  -57.362  -1.248  12.721 5.0000000000
20412  -56.597  4.432  7.989 5.0000000000
23080  -58.188  -4.132  10.530 6.0000000000
23672  -58.576  1.604  23.986 6.0000000000
23673  -58.892  3.275  23.767 5.0000000000
23752  -57.900  0.158  23.473 5.0000000000
24603  -62.515  -12.109  12.867 5.0000000000
24604  -61.551  -11.809  12.195 5.0000000000
24605  -60.489  -11.399  11.978 6.0000000000
24607  -57.299  -8.691  10.336 5.0000000000
24608  -56.121  -8.444  10.391 5.0000000000
26372  -58.343  0.693  15.387 6.0000000000
26373  -58.369  1.785  14.834 5.0000000000
26374  -58.737  2.025  15.836 6.0000000000
26375  -58.972  3.390  16.247 6.0000000000
26607  -56.587  -2.160  17.931 6.0000000000
26608  -56.364  -3.839  16.413 7.0000000000
26609  -56.897  -2.436  16.932 7.0000000000
26610  -57.110  -2.713  15.889 8.0000000000
26611  -57.356  -2.943  14.945 7.0000000000
26612  -57.580  -3.280  14.038 8.0000000000
26613  -57.620  -1.619  15.160 7.0000000000
26614  -58.068  -0.486  15.290 7.0000000000
28894  -61.081  -8.107  10.688 5.0000000000
28895  -61.101  -8.734  10.391 5.0000000000
28896  -60.560  -7.717  10.051 6.0000000000
28898  -58.799  -7.177  9.218 5.0000000000
30274  -59.328  2.820  20.242 5.0000000000
30275  -59.200  4.223  20.806 5.0000000000
30455  -55.883  -3.289  18.190 5.0000000000
30456  -56.278  -1.922  20.556 5.0000000000
30457  -56.339  -1.911  19.802 8.0000000000
30458  -56.429  -1.983  18.892 7.0000000000
30459  -57.362  -0.828  19.312 7.0000000000
30460  -58.370  0.181  19.511 5.0000000000
32428  -60.166  -10.254  10.976 6.0000000000
36096  -58.186  3.542  12.554 5.0000000000
36097  -58.504  2.889  14.140 5.0000000000
36103  -59.293  3.874  18.491 5.0000000000
36104  -58.763  4.788  17.813 5.0000000000
36567  -56.964  -5.698  15.173 7.0000000000
36568  -58.297  -7.170  14.463 5.0000000000
36573  -60.403  -7.099  11.321 5.0000000000
36574  -59.593  -6.251  11.202 5.0000000000
36575  -58.799  -5.250  11.249 5.0000000000
36576  -57.792  -3.661  13.191 7.0000000000
36577  -57.956  -3.921  12.329 7.0000000000
36578  -58.115  -4.124  11.418 7.0000000000
36579  -57.618  -2.884  11.642 5.0000000000
41827  -62.094  -9.695  11.370 6.0000000000
41828  -62.032  -10.095  11.289 5.0000000000
41829  -61.713  -9.483  10.961 5.0000000000
42812  -59.033  1.192  17.903 5.0000000000
42813  -59.103  1.737  17.671 5.0000000000
42944  -58.522  0.023  17.947 5.0000000000
42945  -58.815  0.594  17.949 5.0000000000
42946  -58.779  0.514  17.380 5.0000000000
44227  -59.248  -5.722  10.344 5.0000000000
44228  -59.438  -5.998  9.987 5.0000000000
44229  -59.057  -5.476  10.017 5.0000000000
45212  -58.704  1.639  22.445 6.0000000000
45213  -58.948  2.335  22.263 6.0000000000
45214  -58.903  2.378  22.828 6.0000000000
45343  -58.375  0.925  22.840 6.0000000000
45344  -58.065  0.349  22.212 6.0000000000
45345  -58.439  0.968  22.364 6.0000000000
45346  -58.520  0.947  21.818 6.0000000000
50103  -55.969  -4.231  16.977 5.0000000000
50104  -56.113  -5.200  16.338 5.0000000000
50105  -56.122  -4.421  16.566 6.0000000000
50106  -57.583  -4.509  14.211 6.0000000000
50107  -57.801  -5.229  14.147 6.0000000000
50108  -58.092  -5.220  13.759 7.0000000000
50109  -58.668  -5.874  13.317 7.0000000000
50110  -58.348  -5.266  13.330 6.0000000000
50111  -58.593  -5.376  12.877 5.0000000000
50112  -58.075  -4.723  13.392 7.0000000000
50114  -57.593  -0.829  14.024 5.0000000000
51133  -56.338  4.458  7.462 5.0000000000
53827  -57.901  -3.552  10.646 5.0000000000
54812  -58.514  1.506  24.388 5.0000000000
54945  -58.224  0.769  24.185 5.0000000000
54946  -58.267  0.839  23.753 5.0000000000
56364  -62.742  -11.659  12.679 5.0000000000
56365  -61.693  -10.849  11.394 5.0000000000
56366  -61.916  -11.433  11.901 5.0000000000
56367  -61.400  -11.243  11.672 5.0000000000
56368  -61.052  -11.630  12.083 6.0000000000
56369  -60.910  -11.049  11.506 6.0000000000
59312  -58.506  0.817  15.848 6.0000000000
59313  -58.544  1.319  15.638 6.0000000000
59314  -58.684  1.452  16.130 5.0000000000
59315  -59.155  2.992  17.105 6.0000000000
59316  -59.033  2.878  16.569 7.0000000000
59317  -59.076  3.534  16.779 6.0000000000
59318  -58.938  4.061  16.415 5.0000000000
59319  -58.991  4.163  16.981 5.0000000000
59703  -57.040  -1.568  18.140 6.0000000000
59704  -56.739  -2.288  17.443 6.0000000000
59705  -57.186  -1.699  17.632 6.0000000000
59706  -57.749  -1.280  16.704 7.0000000000
59707  -57.339  -1.901  16.565 8.0000000000
59708  -57.383  -2.032  16.045 7.0000000000
59709  -57.241  -2.843  15.408 8.0000000000
59710  -57.428  -2.138  15.553 7.0000000000
59711  -57.458  -2.256  15.072 6.0000000000
59712  -57.695  -1.458  15.664 6.0000000000
59713  -58.544  0.293  16.302 6.0000000000
59714  -58.226  -0.401  15.737 7.0000000000
59715  -58.381  0.206  15.785 6.0000000000
59716  -58.223  0.094  15.346 7.0000000000
63562  -60.756  -7.633  10.571 6.0000000000
63563  -60.840  -7.941  10.328 6.0000000000
63564  -60.510  -7.434  10.236 6.0000000000
66515  -59.181  3.695  21.762 5.0000000000
66516  -59.270  3.620  21.139 5.0000000000
66517  -59.141  4.282  21.387 5.0000000000
66518  -58.937  4.821  21.065 5.0000000000
66519  -58.869  4.885  21.650 5.0000000000
66521  -58.911  3.931  23.560 5.0000000000
66906  -57.184  -0.735  20.900 7.0000000000
66907  -56.694  -1.282  20.607 7.0000000000
66908  -56.752  -1.281  20.131 7.0000000000
66909  -56.379  -1.944  19.355 8.0000000000
66910  -56.791  -1.333  19.647 7.0000000000
66911  -56.818  -1.391  19.132 7.0000000000
66912  -57.295  -0.759  19.839 7.0000000000
66913  -58.649  0.888  20.708 5.0000000000
66914  -58.305  0.254  20.075 6.0000000000
66915  -58.705  0.832  20.143 5.0000000000
71191  -60.986  -9.109  10.374 5.0000000000
71192  -60.580  -8.984  10.154 5.0000000000
71193  -59.416  -9.537  10.476 5.0000000000
71194  -59.982  -9.692  10.566 5.0000000000
71195  -59.595  -10.073  10.943 5.0000000000
71196  -59.769  -10.626  11.416 6.0000000000
71198  -56.865  -9.050  10.812 5.0000000000
71199  -57.496  -9.165  10.786 5.0000000000
80018  -58.201  3.090  12.313 5.0000000000
80019  -58.269  3.141  12.828 5.0000000000
80020  -58.574  2.417  15.000 5.0000000000
80021  -58.442  2.373  14.491 5.0000000000
80024  -58.436  3.851  14.053 5.0000000000
80038  -58.248  5.240  18.729 5.0000000000
80039  -58.758  4.871  18.422 5.0000000000
81186  -57.083  -7.060  15.584 5.0000000000
81188  -57.778  -7.843  15.334 5.0000000000
81190  -58.192  -7.817  14.941 5.0000000000
81191  -56.559  -4.017  15.934 7.0000000000
81192  -56.536  -4.771  15.727 7.0000000000
81193  -56.786  -4.960  15.299 7.0000000000
81194  -58.326  -6.532  14.079 7.0000000000
81195  -57.945  -6.517  14.444 7.0000000000
81196  -58.716  -7.165  14.083 7.0000000000
81198  -59.558  -7.713  13.787 6.0000000000
81200  -59.909  -7.584  13.415 5.0000000000
81201  -60.004  -6.946  12.535 5.0000000000
81206  -60.792  -7.541  11.377 5.0000000000
81208  -58.985  -5.640  12.068 5.0000000000
81209  -59.538  -6.212  11.638 5.0000000000
81210  -59.091  -5.714  11.655 5.0000000000
81211  -59.164  -5.785  11.190 5.0000000000
81212  -58.693  -5.193  11.722 5.0000000000
81213  -57.524  -2.642  14.144 7.0000000000
81214  -57.726  -3.468  13.596 7.0000000000
81215  -57.602  -2.834  13.733 7.0000000000
81216  -57.547  -2.549  13.023 6.0000000000
81217  -57.670  -3.182  12.898 6.0000000000
81218  -57.729  -3.326  12.464 6.0000000000
81219  -58.044  -4.042  11.884 6.0000000000
81220  -57.772  -3.442  12.026 6.0000000000
81221  -57.834  -3.515  11.547 6.0000000000
81222  -57.575  -2.796  12.124 6.0000000000
81225  -57.278  -0.638  12.223 5.0000000000
93721  -62.641  -10.731  12.107 6.0000000000
93722  -62.555  -11.157  12.138 5.0000000000
93723  -62.314  -10.635  11.628 6.0000000000
93724  -61.905  -10.476  11.274 5.0000000000
93727  -55.338  -7.844  10.051 5.0000000000
95492  -58.813  0.981  16.821 5.0000000000
95493  -58.857  1.567  16.628 5.0000000000
95494  -59.019  1.660  17.125 5.0000000000
95495  -59.172  2.352  17.418 6.0000000000
95496  -59.246  3.067  17.668 5.0000000000
95727  -58.060  -0.481  18.395 5.0000000000
95728  -57.671  -1.103  17.760 7.0000000000
95729  -58.142  -0.532  17.869 7.0000000000
95730  -58.164  -0.634  17.325 7.0000000000
95731  -58.159  -0.721  16.780 6.0000000000
95732  -58.122  -0.800  16.249 6.0000000000
95733  -58.478  -0.163  16.838 5.0000000000
95734  -58.692  0.390  16.847 5.0000000000
98041  -60.051  -6.683  10.423 5.0000000000
98042  -60.171  -6.958  10.123 6.0000000000
98043  -59.833  -6.496  10.002 5.0000000000
98044  -59.538  -6.290  9.711 5.0000000000
99812  -58.894  1.558  21.321 5.0000000000
99813  -59.079  2.225  21.116 5.0000000000
99814  -59.002  2.280  21.712 6.0000000000
99815  -59.123  3.020  22.036 5.0000000000
99816  -59.082  3.790  22.394 5.0000000000
100047  -57.571  -0.311  22.444 5.0000000000
100048  -57.120  -0.818  21.758 6.0000000000
100049  -57.607  -0.241  22.038 6.0000000000
100050  -57.657  -0.185  21.569 6.0000000000
100051  -57.694  -0.200  21.051 7.0000000000
100052  -57.752  -0.222  20.531 7.0000000000
100053  -58.183  0.329  21.173 6.0000000000
100054  -58.598  0.907  21.260 5.0000000000
102618  -59.893  -8.233  9.752 5.0000000000
102619  -60.096  -8.753  10.016 5.0000000000
102622  -58.822  -9.398  10.566 6.0000000000
107916  -58.144  2.154  13.518 5.0000000000
107917  -58.759  3.719  15.403 5.0000000000
107918  -58.704  3.563  14.880 6.0000000000
107919  -58.657  4.133  15.150 6.0000000000
107929  -58.190  5.301  19.283 5.0000000000
108617  -56.207  -6.044  16.272 5.0000000000
108618  -56.491  -6.179  15.900 5.0000000000
108619  -56.813  -6.297  15.527 5.0000000000
108620  -57.051  -4.309  15.055 6.0000000000
108621  -57.106  -5.067  14.904 6.0000000000
108622  -57.458  -5.162  14.512 6.0000000000
108623  -58.011  -5.883  14.125 6.0000000000
108624  -58.702  -6.510  13.703 6.0000000000
108625  -59.474  -7.006  13.334 7.0000000000
108626  -59.053  -6.453  13.316 7.0000000000
108627  -59.330  -6.418  12.884 5.0000000000
108628  -59.598  -6.492  12.473 5.0000000000
108629  -59.823  -6.605  12.077 5.0000000000
108630  -59.206  -6.031  12.449 5.0000000000
108631  -58.833  -5.544  12.465 5.0000000000
108632  -58.450  -4.984  12.506 6.0000000000
108633  -57.649  -1.331  14.368 6.0000000000
108634  -57.543  -2.203  13.795 7.0000000000
108635  -57.567  -1.480  13.930 5.0000000000
108636  -57.485  -1.642  13.514 5.0000000000
108637  -57.407  -1.827  13.114 6.0000000000
108639  -57.388  -1.108  13.152 5.0000000000
115294  -58.506  -4.700  10.452 7.0000000000
115295  -58.696  -4.983  10.060 5.0000000000
116672  -58.629  1.621  23.503 6.0000000000
116673  -58.866  2.415  23.427 6.0000000000
116674  -58.750  2.399  23.963 6.0000000000
116858  -57.544  -0.387  22.796 5.0000000000
116859  -57.951  0.220  23.067 5.0000000000
116860  -58.318  0.889  23.300 6.0000000000
118848  -62.376  -11.587  12.270 5.0000000000
118849  -62.053  -11.984  12.498 5.0000000000
118851  -61.145  -12.162  12.649 5.0000000000
118852  -60.606  -11.955  12.558 5.0000000000
118857  -56.687  -8.561  10.355 5.0000000000
118858  -56.288  -8.940  10.840 5.0000000000
118859  -55.523  -8.328  10.428 5.0000000000
122973  -58.104  1.120  14.634 5.0000000000
122974  -58.316  1.206  15.122 6.0000000000
122975  -58.559  1.884  15.336 6.0000000000
122976  -58.743  2.554  15.520 7.0000000000
122977  -58.887  2.222  16.324 7.0000000000
122978  -58.895  2.722  16.045 7.0000000000
122979  -58.836  3.230  15.714 7.0000000000
122980  -58.822  3.892  15.916 5.0000000000
123519  -56.266  -2.811  17.665 6.0000000000
123520  -56.200  -3.681  16.888 6.0000000000
123521  -56.400  -2.967  17.184 6.0000000000
123522  -56.561  -3.105  16.679 7.0000000000
123523  -56.726  -3.278  16.167 7.0000000000
123524  -57.290  -1.820  17.103 8.0000000000
123525  -56.988  -2.578  16.381 8.0000000000
123526  -56.903  -3.440  15.683 7.0000000000
123527  -57.108  -3.570  15.245 8.0000000000
123528  -57.304  -3.672  14.788 8.0000000000
123529  -57.503  -3.789  14.359 8.0000000000
123530  -57.699  -3.933  13.943 7.0000000000
123531  -57.459  -3.102  14.492 6.0000000000
123532  -57.445  -2.454  14.576 6.0000000000
123533  -57.520  -1.859  14.679 6.0000000000
123534  -58.010  -0.935  15.731 7.0000000000
123535  -57.877  -1.055  15.244 7.0000000000
123536  -57.750  -1.180  14.784 6.0000000000
123537  -57.920  -0.575  14.866 7.0000000000
123538  -58.047  0.017  14.924 6.0000000000
128896  -61.393  -8.571  10.841 6.0000000000
128897  -61.407  -8.893  10.696 5.0000000000
128898  -61.143  -8.426  10.518 5.0000000000
128901  -60.220  -7.257  9.881 6.0000000000
128904  -59.604  -7.738  9.535 5.0000000000
132635  -59.336  2.790  19.650 5.0000000000
132636  -59.368  3.514  19.957 5.0000000000
132637  -59.266  2.888  20.843 5.0000000000
132638  -59.334  3.546  20.544 5.0000000000
132639  -59.254  4.183  20.222 5.0000000000
132640  -58.984  4.777  20.493 5.0000000000
132641  -58.586  5.265  20.764 5.0000000000
132643  -58.948  3.187  23.244 5.0000000000
132644  -58.983  3.874  23.008 5.0000000000
132645  -58.921  4.480  22.672 5.0000000000
133126  -55.824  -4.114  17.428 5.0000000000
133127  -55.969  -3.376  17.761 7.0000000000
133129  -55.941  -2.524  20.102 5.0000000000
133131  -56.678  -1.320  20.996 7.0000000000
133134  -56.073  -2.558  19.016 8.0000000000
133135  -56.119  -2.614  18.544 7.0000000000
133136  -56.171  -2.675  18.131 7.0000000000
133137  -56.460  -2.053  18.405 6.0000000000
133138  -56.864  -1.464  18.605 6.0000000000
133139  -57.448  -0.907  18.785 6.0000000000
133140  -57.821  -0.260  19.999 7.0000000000
133141  -57.884  -0.344  19.415 6.0000000000
133142  -57.972  -0.415  18.903 6.0000000000
133143  -58.432  0.157  19.038 5.0000000000
138531  -61.343  -9.273  10.633 5.0000000000
138534  -60.316  -9.322  10.311 5.0000000000
138535  -60.505  -9.882  10.658 5.0000000000
138537  -60.352  -10.811  11.398 5.0000000000
138538  -59.923  -11.175  11.920 5.0000000000
138540  -57.945  -8.802  10.292 6.0000000000
138541  -58.162  -9.279  10.671 6.0000000000
138542  -58.383  -9.735  11.042 5.0000000000
149261  -58.143  3.487  12.033 5.0000000000
149263  -58.199  1.758  14.336 5.0000000000
149264  -58.297  2.286  13.998 5.0000000000
149265  -58.354  2.755  13.656 5.0000000000
149266  -58.618  3.471  14.339 5.0000000000
149267  -58.481  3.333  13.823 5.0000000000
149283  -59.236  3.749  17.914 5.0000000000
149284  -59.107  4.486  18.750 5.0000000000
149285  -59.098  4.364  18.149 5.0000000000
149286  -59.041  4.259  17.562 5.0000000000
149287  -58.751  4.709  17.221 5.0000000000
150653  -63.040  -11.050  12.998 5.0000000000
150656  -62.831  -10.623  12.476 5.0000000000
150657  -62.577  -10.159  12.038 5.0000000000
150659  -61.844  -9.065  11.413 6.0000000000
150669  -56.313  -4.592  16.153 7.0000000000
150670  -56.642  -5.575  15.503 7.0000000000
150671  -57.170  -6.384  15.164 6.0000000000
150672  -57.280  -5.784  14.837 7.0000000000
150673  -57.552  -6.461  14.806 7.0000000000
150674  -57.844  -7.141  14.854 5.0000000000
150675  -58.653  -7.798  14.547 5.0000000000
150681  -60.209  -7.477  13.018 5.0000000000
150686  -61.495  -8.553  11.178 6.0000000000
150687  -61.163  -8.073  11.028 5.0000000000
150688  -60.834  -7.621  10.930 5.0000000000
150689  -60.477  -7.176  10.872 6.0000000000
150690  -59.947  -6.657  11.673 5.0000000000
150691  -60.034  -6.697  11.257 6.0000000000
150692  -60.069  -6.704  10.842 5.0000000000
150693  -59.644  -6.256  10.758 5.0000000000
150694  -59.237  -5.765  10.734 5.0000000000
150695  -58.843  -5.233  10.786 5.0000000000
150696  -57.879  -4.097  13.472 7.0000000000
150697  -58.022  -4.264  13.048 7.0000000000
150698  -58.140  -4.409  12.643 7.0000000000
150699  -57.607  -3.027  13.316 7.0000000000
150700  -57.870  -3.804  12.766 8.0000000000
150701  -58.242  -4.507  12.214 7.0000000000
150702  -58.364  -4.619  11.762 7.0000000000
150703  -58.449  -4.696  11.297 7.0000000000
150704  -58.504  -4.746  10.830 7.0000000000
150705  -58.165  -4.156  10.965 7.0000000000
150706  -57.880  -3.542  11.082 5.0000000000
150707  -57.655  -2.916  11.206 5.0000000000
452  -59.065  1.269  18.479 0.0000000000
2012  -57.916  0.523  14.455 0.0000000000
2912  -58.475  1.438  24.818 0.0000000000
3429  -61.215  -10.660  11.186 0.0000000000
3430  -55.773  -7.405  9.685 0.0000000000
3431  -56.452  -9.377  11.339 0.0000000000
5801  -60.326  -8.433  9.903 0.0000000000
6392  -58.954  1.527  20.769 0.0000000000
6393  -59.304  4.147  19.654 0.0000000000
8612  -57.394  0.168  12.587 0.0000000000
8617  -57.698  5.329  18.482 0.0000000000
11109  -61.626  -9.910  10.932 0.0000000000
11111  -54.928  -8.224  10.458 0.0000000000
13509  -59.165  -5.798  9.676 0.0000000000
14622  -55.539  -3.180  19.673 0.0000000000
16045  -60.717  -12.511  13.121 0.0000000000
16050  -59.321  -8.127  9.644 0.0000000000
16051  -59.790  -9.138  10.216 0.0000000000
18994  -58.045  1.658  13.864 0.0000000000
18995  -58.670  4.338  15.658 0.0000000000
19002  -57.577  5.436  19.552 0.0000000000
19383  -55.897  -5.040  16.749 0.0000000000
19393  -57.773  -0.678  14.457 0.0000000000
20407  -58.111  3.427  11.498 0.0000000000
20414  -56.153  4.483  6.963 0.0000000000
23081  -58.515  -4.822  9.716 0.0000000000
26376  -58.712  4.614  16.657 0.0000000000
28897  -59.755  -7.385  9.523 0.0000000000
30273  -59.336  2.698  19.087 0.0000000000
30276  -58.557  5.300  21.332 0.0000000000
30277  -58.818  4.549  23.300 0.0000000000
32427  -60.795  -9.515  10.456 0.0000000000
32429  -59.354  -10.983  11.943 0.0000000000
32430  -57.719  -9.601  11.152 0.0000000000
36095  -58.054  2.554  12.126 0.0000000000
36098  -58.323  3.679  13.525 0.0000000000
36561  -63.174  -10.883  13.468 0.0000000000
36562  -62.652  -10.044  12.479 0.0000000000
36563  -61.909  -9.030  11.812 0.0000000000
36565  -58.177  -8.492  15.533 0.0000000000
36566  -59.072  -8.392  14.664 0.0000000000
36569  -59.960  -8.163  13.907 0.0000000000
36570  -60.628  -7.968  13.130 0.0000000000
36572  -61.184  -8.035  11.436 0.0000000000
36580  -57.319  -1.456  11.802 0.0000000000
42814  -59.195  1.857  18.223 0.0000000000
42943  -58.820  0.681  18.531 0.0000000000
46765  -60.176  -12.281  13.060 0.0000000000
46771  -58.994  -8.510  9.865 0.0000000000
46772  -58.380  -8.408  9.840 0.0000000000
49714  -57.917  1.058  14.168 0.0000000000
49716  -58.323  4.632  15.472 0.0000000000
49720  -58.113  5.448  20.413 0.0000000000
49721  -58.140  5.389  19.842 0.0000000000
50113  -57.849  -0.077  14.493 0.0000000000
50115  -57.639  -0.183  14.045 0.0000000000
50116  -57.502  -0.310  13.576 0.0000000000
51127  -57.976  3.851  11.775 0.0000000000
51131  -56.355  4.488  8.753 0.0000000000
51132  -56.080  4.507  8.207 0.0000000000
51134  -55.770  4.494  7.676 0.0000000000
53828  -58.050  -3.946  10.181 0.0000000000
53829  -57.756  -3.367  10.311 0.0000000000
54813  -58.668  2.357  24.429 0.0000000000
54814  -58.629  2.292  24.824 0.0000000000
54943  -58.219  0.640  24.528 0.0000000000
54944  -57.866  0.056  23.855 0.0000000000
56362  -63.057  -11.664  13.173 0.0000000000
56363  -62.886  -12.140  13.278 0.0000000000
56371  -56.541  -8.032  9.970 0.0000000000
56372  -55.943  -7.912  10.008 0.0000000000
56374  -55.125  -8.667  10.927 0.0000000000
63565  -59.565  -6.580  9.514 0.0000000000
63566  -59.885  -7.061  9.604 0.0000000000
63568  -59.282  -7.259  9.351 0.0000000000
63569  -58.977  -6.818  9.197 0.0000000000
66512  -58.982  1.456  20.162 0.0000000000
66513  -59.199  2.103  19.907 0.0000000000
66514  -59.153  2.154  20.491 0.0000000000
66520  -58.847  3.958  24.112 0.0000000000
66522  -58.757  4.584  23.866 0.0000000000
66901  -55.692  -4.013  17.838 0.0000000000
66902  -55.821  -3.220  18.613 0.0000000000
66903  -56.609  -1.405  21.672 0.0000000000
66904  -56.203  -1.973  20.880 0.0000000000
66905  -56.677  -1.383  21.324 0.0000000000
66916  -58.747  0.781  19.605 0.0000000000
71190  -60.758  -8.578  10.105 0.0000000000
71197  -59.190  -10.422  11.442 0.0000000000
71200  -57.080  -9.502  11.266 0.0000000000
80012  -57.337  0.073  12.102 0.0000000000
80015  -58.053  2.087  12.983 0.0000000000
80017  -58.133  2.593  12.617 0.0000000000
80022  -58.612  2.968  14.659 0.0000000000
80023  -58.192  4.302  14.403 0.0000000000
80025  -58.092  4.142  13.852 0.0000000000
80035  -59.384  3.452  19.376 0.0000000000
80036  -59.381  3.323  18.807 0.0000000000
80037  -59.318  4.013  19.062 0.0000000000
80040  -58.284  5.164  18.153 0.0000000000
80041  -58.272  5.067  17.549 0.0000000000
81181  -62.328  -9.544  12.127 0.0000000000
81187  -57.408  -7.784  15.708 0.0000000000
81189  -58.610  -8.448  15.084 0.0000000000
81197  -59.113  -7.768  14.159 0.0000000000
81199  -60.319  -8.050  13.524 0.0000000000
81202  -60.460  -7.411  12.597 0.0000000000
81203  -60.611  -7.457  12.198 0.0000000000
81205  -60.722  -7.497  11.792 0.0000000000
81207  -60.324  -7.046  11.754 0.0000000000
81223  -57.336  -0.535  12.698 0.0000000000
81224  -57.325  -1.354  12.270 0.0000000000
81226  -57.258  -0.716  11.734 0.0000000000
92200  -57.437  -2.310  10.927 0.0000000000
92201  -57.508  -2.749  10.443 0.0000000000
93725  -61.452  -10.279  10.995 0.0000000000
93726  -55.142  -7.334  9.738 0.0000000000
93728  -54.710  -7.744  10.093 0.0000000000
98045  -59.191  -6.114  9.425 0.0000000000
100046  -55.658  -3.160  19.328 0.0000000000
102609  -61.251  -12.735  13.245 0.0000000000
102620  -59.590  -8.604  9.914 0.0000000000
102621  -59.259  -9.002  10.156 0.0000000000
107915  -57.924  1.560  13.381 0.0000000000
107920  -58.269  4.462  14.941 0.0000000000
107926  -59.052  4.725  19.924 0.0000000000
107927  -59.092  4.612  19.343 0.0000000000
107928  -58.692  5.082  19.645 0.0000000000
107930  -57.641  5.387  19.013 0.0000000000
108615  -55.945  -5.872  16.652 0.0000000000
108616  -56.380  -6.789  16.312 0.0000000000
108638  -57.419  -1.931  12.652 0.0000000000
108640  -57.407  -0.426  13.138 0.0000000000
110469  -56.853  4.403  8.551 0.0000000000
110470  -57.020  4.236  7.753 0.0000000000
110472  -56.796  4.308  7.240 0.0000000000
110473  -56.581  4.337  6.751 0.0000000000
115296  -58.372  -4.495  10.105 0.0000000000
116675  -58.802  3.199  24.311 0.0000000000
116855  -57.068  -0.942  22.458 0.0000000000
116857  -57.489  -0.455  23.169 0.0000000000
118846  -62.610  -12.605  13.477 0.0000000000
118847  -62.172  -12.528  13.112 0.0000000000
118850  -61.648  -12.354  12.770 0.0000000000
118853  -60.037  -11.731  12.510 0.0000000000
118855  -57.744  -8.320  9.923 0.0000000000
118856  -57.131  -8.173  9.958 0.0000000000
118860  -55.703  -8.801  10.868 0.0000000000
118861  -55.867  -9.246  11.377 0.0000000000
122972  -58.119  0.587  14.927 0.0000000000
122981  -58.688  4.500  16.158 0.0000000000
128899  -60.846  -8.215  10.193 0.0000000000
128900  -60.475  -8.060  9.925 0.0000000000
128902  -60.181  -7.560  9.747 0.0000000000
128903  -60.076  -7.897  9.689 0.0000000000
128905  -59.074  -7.660  9.411 0.0000000000
128906  -58.511  -7.492  9.353 0.0000000000
128907  -58.820  -5.280  9.697 0.0000000000
128913  -58.492  -6.663  9.041 0.0000000000
128914  -58.257  -6.973  9.092 0.0000000000
132634  -59.208  2.084  19.374 0.0000000000
132642  -58.090  5.504  20.989 0.0000000000
132647  -58.656  5.058  22.940 0.0000000000
132648  -58.759  4.988  22.261 0.0000000000
132649  -58.475  5.360  21.918 0.0000000000
133125  -55.731  -4.872  17.185 0.0000000000
133128  -55.847  -2.542  20.484 0.0000000000
133130  -56.031  -2.508  19.787 0.0000000000
133132  -56.340  -1.875  20.229 0.0000000000
133133  -56.050  -2.520  19.432 0.0000000000
133144  -58.789  0.784  19.111 0.0000000000
138532  -61.214  -9.692  10.661 0.0000000000
138533  -60.988  -10.077  10.770 0.0000000000
138536  -60.705  -10.455  11.040 0.0000000000
138539  -59.469  -11.493  12.497 0.0000000000
138544  -57.917  -10.079  11.598 0.0000000000
138545  -58.593  -10.227  11.505 0.0000000000
149260  -58.158  3.019  11.783 0.0000000000
149262  -57.992  3.908  12.308 0.0000000000
149268  -58.359  3.227  13.318 0.0000000000
149269  -58.242  3.599  13.060 0.0000000000
149270  -58.022  3.944  12.816 0.0000000000
149281  -59.316  2.572  18.529 0.0000000000
149282  -59.322  3.180  18.244 0.0000000000
149288  -58.336  5.008  17.007 0.0000000000
150652  -63.244  -11.465  13.570 0.0000000000
150655  -62.923  -10.483  12.930 0.0000000000
150658  -62.242  -9.631  11.712 0.0000000000
150663  -57.034  -7.691  16.080 0.0000000000
150676  -59.540  -8.313  14.282 0.0000000000
150682  -60.885  -7.942  12.721 0.0000000000
150685  -61.547  -8.529  11.577 0.0000000000
150708  -57.437  -2.067  12.214 0.0000000000
150709  -57.457  -2.195  11.789 0.0000000000
150710  -57.474  -2.235  11.350 0.0000000000
663  -58.158  -7.873  9.586 0.0000000000
993  -57.516  5.578  20.646 0.0000000000
1482  -59.611  -12.086  13.093 0.0000000000
2013  -57.704  4.199  12.067 0.0000000000
2208  -55.434  4.411  8.449 0.0000000000
2913  -58.698  4.592  24.430 0.0000000000
3428  -61.777  -12.901  13.431 0.0000000000
5802  -59.118  -6.450  9.264 0.0000000000
6470  -56.089  -6.649  16.694 0.0000000000
6471  -55.750  -3.178  18.979 0.0000000000
8615  -57.719  4.449  14.179 0.0000000000
9187  -57.315  3.927  7.556 0.0000000000
10262  -57.303  -1.586  10.891 0.0000000000
10263  -57.333  -2.508  10.115 0.0000000000
10636  -57.864  -0.098  24.182 0.0000000000
11110  -54.506  -7.281  9.779 0.0000000000
18992  -57.578  0.338  13.515 0.0000000000
18993  -57.856  1.510  12.859 0.0000000000
18997  -57.812  4.739  15.224 0.0000000000
20410  -56.070  4.507  9.466 0.0000000000
20411  -57.116  4.358  8.965 0.0000000000
20413  -56.894  4.121  6.570 0.0000000000
23082  -57.889  -3.720  9.864 0.0000000000
23674  -58.737  3.143  24.803 0.0000000000
23750  -56.150  -1.989  21.261 0.0000000000
23751  -57.026  -1.030  22.815 0.0000000000
24601  -63.204  -12.133  13.810 0.0000000000
24602  -62.725  -13.057  14.039 0.0000000000
24606  -56.975  -7.638  9.601 0.0000000000
24609  -55.304  -9.108  11.421 0.0000000000
28900  -58.199  -6.179  8.895 0.0000000000
28901  -57.713  -6.846  9.061 0.0000000000
30272  -59.013  1.417  19.609 0.0000000000
30278  -58.383  5.428  22.530 0.0000000000
30454  -55.544  -4.791  17.561 0.0000000000
32431  -58.111  -10.582  12.115 0.0000000000
36092  -57.267  0.039  11.608 0.0000000000
36099  -57.688  4.245  13.081 0.0000000000
36105  -57.754  5.181  17.360 0.0000000000
36564  -57.363  -8.360  16.278 0.0000000000
36571  -61.027  -7.921  12.293 0.0000000000
41831  -54.139  -7.671  10.115 0.0000000000
45341  -55.144  -3.841  19.367 0.0000000000
45342  -55.394  -3.187  20.085 0.0000000000
46766  -60.296  -12.929  13.597 0.0000000000
46767  -59.768  -12.705  13.642 0.0000000000
46770  -58.743  -8.008  9.589 0.0000000000
49712  -57.734  0.450  13.981 0.0000000000
49713  -57.801  1.006  13.706 0.0000000000
49715  -58.356  4.785  15.942 0.0000000000
49717  -57.846  4.895  15.742 0.0000000000
49722  -57.507  5.480  20.105 0.0000000000
51128  -58.044  3.646  11.157 0.0000000000
51129  -57.859  4.057  11.425 0.0000000000
51130  -55.748  4.447  8.967 0.0000000000
56370  -56.382  -7.502  9.633 0.0000000000
56373  -54.554  -8.564  10.965 0.0000000000
56375  -54.770  -8.998  11.475 0.0000000000
63567  -59.438  -6.918  9.388 0.0000000000
63570  -58.264  -4.623  9.418 0.0000000000
63571  -58.533  -5.139  9.396 0.0000000000
63576  -57.998  -6.510  8.918 0.0000000000
66524  -58.315  5.491  23.193 0.0000000000
66526  -57.994  5.630  22.176 0.0000000000
66898  -55.438  -3.895  18.612 0.0000000000
66900  -55.559  -3.944  18.216 0.0000000000
71175  -62.278  -13.046  13.693 0.0000000000
71202  -57.490  -10.387  12.204 0.0000000000
80013  -57.455  0.739  11.730 0.0000000000
80014  -57.553  0.818  12.243 0.0000000000
80016  -57.959  2.038  12.477 0.0000000000
80026  -58.054  4.020  13.330 0.0000000000
80027  -57.695  4.338  13.635 0.0000000000
80042  -57.710  5.243  17.903 0.0000000000
81176  -63.366  -11.246  14.033 0.0000000000
81177  -63.184  -10.699  13.948 0.0000000000
81179  -62.656  -9.912  12.921 0.0000000000
81180  -62.348  -9.451  12.571 0.0000000000
81182  -61.915  -8.962  12.250 0.0000000000
81185  -56.662  -7.588  16.442 0.0000000000
81204  -61.121  -7.954  11.865 0.0000000000
84273  -57.249  4.157  8.241 0.0000000000
84280  -56.723  4.240  6.062 0.0000000000
92202  -57.314  -2.081  10.515 0.0000000000
92792  -58.431  1.350  25.225 0.0000000000
92793  -58.575  2.266  25.286 0.0000000000
92872  -58.180  0.497  24.876 0.0000000000
93729  -54.339  -8.120  10.511 0.0000000000
99818  -58.506  5.134  24.192 0.0000000000
100045  -55.302  -3.863  18.996 0.0000000000
102610  -61.366  -13.310  13.825 0.0000000000
102611  -60.831  -13.155  13.711 0.0000000000
102623  -56.057  -9.682  11.886 0.0000000000
102624  -56.669  -9.810  11.815 0.0000000000
107912  -57.473  0.265  13.061 0.0000000000
107913  -57.628  0.895  12.753 0.0000000000
107914  -57.708  0.952  13.238 0.0000000000
107921  -57.779  4.558  14.685 0.0000000000
110461  -58.113  2.941  11.261 0.0000000000
110463  -58.055  3.167  10.921 0.0000000000
110468  -56.669  4.525  9.248 0.0000000000
110471  -57.110  4.047  7.061 0.0000000000
110474  -56.357  4.433  6.286 0.0000000000
115297  -58.195  -4.286  9.781 0.0000000000
115299  -57.591  -3.178  9.979 0.0000000000
116676  -58.786  3.953  24.657 0.0000000000
116677  -58.677  3.090  25.290 0.0000000000
116852  -55.720  -2.581  20.867 0.0000000000
116854  -56.560  -1.492  22.013 0.0000000000
116856  -57.455  -0.580  23.499 0.0000000000
118845  -63.002  -12.607  13.908 0.0000000000
118854  -57.569  -7.789  9.616 0.0000000000
118862  -55.474  -9.556  11.918 0.0000000000
122982  -58.364  4.909  16.463 0.0000000000
128908  -58.844  -5.624  9.402 0.0000000000
128909  -58.803  -5.954  9.176 0.0000000000
128912  -58.664  -6.316  9.066 0.0000000000
128915  -57.936  -7.359  9.324 0.0000000000
128918  -56.180  -7.006  9.378 0.0000000000
128921  -55.564  -6.908  9.443 0.0000000000
128922  -54.954  -6.838  9.477 0.0000000000
132632  -59.041  1.363  19.054 0.0000000000
132633  -59.239  1.977  18.792 0.0000000000
132646  -58.576  5.106  23.580 0.0000000000
132650  -58.064  5.568  21.545 0.0000000000
132651  -57.485  5.649  21.181 0.0000000000
133124  -55.715  -5.682  17.032 0.0000000000
138543  -57.299  -9.926  11.704 0.0000000000
138546  -58.750  -10.752  12.026 0.0000000000
138547  -58.904  -11.290  12.566 0.0000000000
138548  -59.058  -11.837  13.129 0.0000000000
149258  -57.871  1.995  11.979 0.0000000000
149259  -57.999  2.501  11.592 0.0000000000
149271  -57.694  4.225  12.584 0.0000000000
149289  -57.808  5.119  16.820 0.0000000000
149290  -56.932  5.447  19.842 0.0000000000
149291  -57.005  5.418  19.319 0.0000000000
149292  -57.033  5.350  18.789 0.0000000000
149295  -57.083  5.287  18.249 0.0000000000
150651  -63.391  -11.889  14.201 0.0000000000
150654  -62.936  -10.324  13.401 0.0000000000
150664  -57.764  -8.423  15.907 0.0000000000
150665  -58.635  -9.011  15.789 0.0000000000
150666  -59.128  -8.992  15.358 0.0000000000
150667  -59.598  -8.906  14.925 0.0000000000
150668  -60.039  -8.781  14.523 0.0000000000
150677  -60.443  -8.621  14.130 0.0000000000
150678  -60.782  -8.485  13.735 0.0000000000
150679  -61.060  -8.383  13.320 0.0000000000
150680  -61.294  -8.411  12.880 0.0000000000
150683  -61.435  -8.425  12.445 0.0000000000
150684  -61.511  -8.440  12.013 0.0000000000
150711  -57.334  -1.549  11.322 0.0000000000
150712  -57.241  -0.790  11.258 0.0000000000
154406  -55.125  4.421  7.910 0.0000000000
154407  -55.516  4.499  7.177 0.0000000000
154408  -55.855  4.521  6.466 0.0000000000
1035  -55.233  -3.204  20.462 0.0000000000
2014  -57.859  5.027  16.261 0.0000000000
2067  -60.889  -9.036  14.481 0.0000000000
2583  -57.950  -4.419  9.176 0.0000000000
3432  -54.215  -8.878  11.479 0.0000000000
4542  -59.113  -9.365  16.120 0.0000000000
8613  -57.920  2.401  11.086 0.0000000000
8770  -63.132  -10.461  14.454 0.0000000000
8771  -61.853  -8.901  12.670 0.0000000000
9188  -56.479  4.354  5.628 0.0000000000
10592  -58.362  1.210  25.573 0.0000000000
10593  -58.614  2.988  25.738 0.0000000000
11112  -53.789  -8.050  10.544 0.0000000000
14496  -58.222  5.527  23.861 0.0000000000
14620  -54.818  -4.544  19.079 0.0000000000
14621  -55.206  -4.645  18.376 0.0000000000
16046  -60.947  -13.757  14.186 0.0000000000
16047  -59.874  -13.349  14.137 0.0000000000
16053  -55.674  -9.974  12.424 0.0000000000
16054  -56.893  -10.253  12.320 0.0000000000
19381  -62.594  -9.760  13.375 0.0000000000
19382  -61.467  -8.804  13.607 0.0000000000
20408  -57.940  2.894  10.330 0.0000000000
20409  -57.937  3.864  10.783 0.0000000000
26378  -56.274  5.318  20.100 0.0000000000
26606  -60.095  -9.250  15.325 0.0000000000
28899  -58.484  -5.481  9.133 0.0000000000
28902  -56.553  -6.639  9.075 0.0000000000
28903  -55.371  -6.404  9.219 0.0000000000
30279  -57.457  5.694  21.728 0.0000000000
32432  -58.486  -11.636  13.196 0.0000000000
36094  -57.666  1.388  11.851 0.0000000000
36106  -56.363  5.252  19.112 0.0000000000
36107  -56.466  5.134  18.032 0.0000000000
36560  -63.505  -11.625  14.626 0.0000000000
37814  -54.803  4.440  7.459 0.0000000000
37815  -55.613  4.596  5.915 0.0000000000
40982  -57.219  -0.826  10.814 0.0000000000
40983  -57.202  -1.373  10.452 0.0000000000
41356  -58.123  0.368  25.241 0.0000000000
41830  -53.918  -7.222  9.748 0.0000000000
41832  -53.563  -7.618  10.140 0.0000000000
45340  -54.964  -3.821  19.722 0.0000000000
46768  -59.305  -13.154  14.182 0.0000000000
46769  -59.208  -12.479  13.712 0.0000000000
49718  -57.223  4.802  15.475 0.0000000000
49719  -57.227  4.940  16.041 0.0000000000
50102  -61.217  -8.914  14.055 0.0000000000
53830  -57.159  -2.330  9.693 0.0000000000
53831  -57.397  -2.934  9.633 0.0000000000
54816  -58.594  3.828  25.659 0.0000000000
54941  -56.502  -1.592  22.371 0.0000000000
54942  -56.967  -1.152  23.112 0.0000000000
56376  -54.964  -9.427  12.019 0.0000000000
56377  -54.415  -9.296  12.006 0.0000000000
59702  -59.617  -9.323  15.730 0.0000000000
63572  -58.217  -4.964  9.147 0.0000000000
63574  -57.948  -5.671  8.792 0.0000000000
63575  -57.737  -6.027  8.792 0.0000000000
63577  -57.492  -6.369  8.880 0.0000000000
63578  -57.152  -6.739  9.058 0.0000000000
63583  -54.744  -6.332  9.258 0.0000000000
66523  -57.854  5.753  23.424 0.0000000000
66525  -57.930  5.692  22.802 0.0000000000
66527  -57.466  5.713  22.368 0.0000000000
66899  -55.368  -4.726  17.952 0.0000000000
71176  -62.364  -13.531  14.243 0.0000000000
71177  -61.886  -13.434  14.011 0.0000000000
71201  -57.090  -10.740  12.832 0.0000000000
71203  -57.706  -10.935  12.741 0.0000000000
71204  -58.325  -11.111  12.654 0.0000000000
80028  -57.194  4.407  13.361 0.0000000000
80029  -57.195  4.462  13.939 0.0000000000
80044  -56.353  5.319  19.629 0.0000000000
81175  -63.387  -11.036  14.511 0.0000000000
81178  -62.259  -9.348  12.971 0.0000000000
81183  -56.327  -7.430  16.814 0.0000000000
81184  -56.971  -8.271  16.635 0.0000000000
84274  -57.441  4.083  8.707 0.0000000000
84275  -57.464  3.806  8.035 0.0000000000
84277  -57.424  3.479  7.422 0.0000000000
84279  -57.275  3.632  6.943 0.0000000000
84281  -56.957  3.912  5.941 0.0000000000
84282  -56.773  4.066  5.506 0.0000000000
84301  -55.219  4.536  6.703 0.0000000000
92203  -57.184  -1.847  10.085 0.0000000000
92794  -58.525  2.137  25.704 0.0000000000
92870  -57.422  -0.714  23.822 0.0000000000
92871  -57.829  -0.212  24.529 0.0000000000
93730  -53.997  -8.484  10.964 0.0000000000
99817  -58.403  5.152  24.764 0.0000000000
99819  -58.113  5.559  24.471 0.0000000000
100044  -55.013  -4.584  18.747 0.0000000000
102612  -60.412  -13.630  14.119 0.0000000000
102625  -56.273  -10.134  12.402 0.0000000000
107922  -57.204  4.544  14.449 0.0000000000
107923  -57.212  4.654  14.942 0.0000000000
108611  -62.881  -10.138  13.897 0.0000000000
108614  -61.691  -8.837  13.126 0.0000000000
110462  -57.937  2.637  10.722 0.0000000000
110464  -58.042  3.423  10.540 0.0000000000
110466  -56.343  4.517  9.956 0.0000000000
110467  -56.938  4.504  9.690 0.0000000000
115298  -57.990  -4.058  9.467 0.0000000000
115300  -57.674  -3.516  9.553 0.0000000000
116678  -58.688  3.912  25.192 0.0000000000
116679  -58.607  4.592  24.989 0.0000000000
116851  -55.548  -2.629  21.230 0.0000000000
116853  -56.042  -2.056  21.647 0.0000000000
118843  -63.312  -12.601  14.408 0.0000000000
118844  -63.105  -13.047  14.468 0.0000000000
118863  -55.146  -9.850  12.497 0.0000000000
122983  -56.891  5.550  20.912 0.0000000000
122984  -56.875  5.482  20.366 0.0000000000
123518  -60.515  -9.149  14.905 0.0000000000
124954  -57.283  4.402  12.353 0.0000000000
124955  -57.474  4.342  11.711 0.0000000000
124962  -55.657  4.400  10.235 0.0000000000
124963  -55.337  4.361  9.764 0.0000000000
124964  -55.024  4.307  9.255 0.0000000000
128911  -58.369  -5.821  8.965 0.0000000000
128916  -57.368  -7.239  9.304 0.0000000000
128917  -56.800  -7.116  9.261 0.0000000000
128920  -55.951  -6.508  9.159 0.0000000000
128923  -54.309  -6.802  9.494 0.0000000000
132652  -56.841  5.574  21.445 0.0000000000
133121  -55.819  -6.524  17.077 0.0000000000
133123  -55.541  -5.628  17.438 0.0000000000
138513  -62.806  -13.493  14.583 0.0000000000
138516  -61.474  -13.874  14.339 0.0000000000
138549  -58.640  -12.243  13.749 0.0000000000
149252  -57.222  -0.036  11.141 0.0000000000
149254  -57.358  0.678  11.232 0.0000000000
149255  -57.580  1.297  11.334 0.0000000000
149256  -57.798  1.919  11.445 0.0000000000
149257  -57.757  1.459  12.359 0.0000000000
149272  -57.238  4.384  12.859 0.0000000000
149294  -56.400  5.195  18.586 0.0000000000
149296  -57.124  5.208  17.702 0.0000000000
149297  -57.154  5.114  17.155 0.0000000000
149298  -57.192  5.042  16.604 0.0000000000
150650  -63.475  -12.313  14.764 0.0000000000
150661  -57.703  -8.895  16.533 0.0000000000
150662  -58.132  -8.962  16.188 0.0000000000
154371  -57.642  4.219  11.047 0.0000000000
154374  -57.386  4.345  9.396 0.0000000000
154383  -57.127  3.799  6.432 0.0000000000
154397  -54.672  4.248  8.723 0.0000000000
154405  -54.363  4.279  8.229 0.0000000000
154409  -56.087  4.535  5.795 0.0000000000
4  -57.180  -0.133  10.677 0.0000000000
179  -53.334  -7.186  9.753 0.0000000000
1480  -63.363  -12.992  14.959 0.0000000000
2579  -56.910  -2.081  9.241 0.0000000000
2955  -56.890  -1.257  23.463 0.0000000000
4883  -56.637  4.548  10.410 0.0000000000
5803  -57.224  -5.859  8.747 0.0000000000
6395  -57.395  5.773  23.008 0.0000000000
7300  -57.283  -11.309  13.358 0.0000000000
10259  -57.086  -1.172  9.962 0.0000000000
10635  -57.753  -0.329  24.896 0.0000000000
12222  -58.103  -9.354  16.849 0.0000000000
13511  -57.754  -5.153  8.744 0.0000000000
14495  -57.993  5.589  25.034 0.0000000000
16044  -62.846  -13.918  15.124 0.0000000000
16049  -58.747  -12.944  14.269 0.0000000000
18998  -56.561  4.470  14.768 0.0000000000
18999  -56.524  4.675  15.801 0.0000000000
23083  -57.415  -3.298  9.225 0.0000000000
23675  -58.469  4.592  25.538 0.0000000000
23749  -55.936  -2.113  21.998 0.0000000000
24610  -54.604  -9.718  12.538 0.0000000000
26377  -56.246  5.361  21.136 0.0000000000
27220  -56.672  4.381  12.628 0.0000000000
27221  -57.197  4.447  11.318 0.0000000000
27223  -55.240  4.234  10.985 0.0000000000
27224  -54.571  4.128  9.991 0.0000000000
28883  -54.138  -6.296  9.240 0.0000000000
30452  -56.620  -8.165  16.973 0.0000000000
30453  -55.554  -6.403  17.433 0.0000000000
32421  -61.954  -14.013  14.536 0.0000000000
36093  -57.494  1.233  10.868 0.0000000000
36100  -56.588  4.326  13.679 0.0000000000
36108  -56.488  4.861  16.893 0.0000000000
37803  -57.599  4.219  9.913 0.0000000000
37804  -57.648  3.727  8.488 0.0000000000
37805  -57.391  2.957  7.328 0.0000000000
37806  -57.204  3.325  6.383 0.0000000000
37807  -56.954  3.695  5.429 0.0000000000
37811  -53.858  4.084  8.985 0.0000000000
40979  -57.126  -0.684  10.313 0.0000000000
41312  -58.316  1.095  25.931 0.0000000000
41313  -58.474  1.994  26.108 0.0000000000
41355  -58.047  0.249  25.621 0.0000000000
41819  -52.977  -7.596  10.173 0.0000000000
41833  -53.222  -8.000  10.604 0.0000000000
45216  -57.602  5.812  24.674 0.0000000000
45336  -55.051  -3.230  20.857 0.0000000000
45338  -54.774  -3.821  20.114 0.0000000000
45339  -54.610  -4.534  19.406 0.0000000000
46764  -63.137  -13.445  15.008 0.0000000000
46773  -55.312  -10.283  12.996 0.0000000000
46774  -55.878  -10.441  12.966 0.0000000000
50098  -61.314  -9.336  14.900 0.0000000000
50100  -61.610  -9.282  14.448 0.0000000000
50101  -61.843  -9.218  13.970 0.0000000000
53832  -57.135  -2.724  9.275 0.0000000000
54815  -58.507  3.744  26.108 0.0000000000
54817  -58.386  4.476  26.007 0.0000000000
54940  -56.397  -1.683  22.720 0.0000000000
56378  -54.054  -9.576  12.504 0.0000000000
56379  -53.856  -9.169  12.005 0.0000000000
59698  -59.566  -9.616  16.477 0.0000000000
59700  -60.075  -9.542  16.110 0.0000000000
59701  -60.510  -9.464  15.728 0.0000000000
60733  -54.904  4.149  10.499 0.0000000000
63539  -54.524  -5.824  9.089 0.0000000000
63573  -57.482  -5.506  8.685 0.0000000000
63579  -56.910  -6.255  8.872 0.0000000000
63581  -55.746  -6.027  8.928 0.0000000000
63582  -55.159  -5.886  9.033 0.0000000000
66528  -56.815  5.587  21.991 0.0000000000
66529  -56.786  5.595  22.568 0.0000000000
71178  -60.490  -14.301  14.541 0.0000000000
71179  -61.011  -14.393  14.561 0.0000000000
71205  -57.905  -11.472  13.276 0.0000000000
71206  -58.060  -12.020  13.809 0.0000000000
80043  -55.683  5.083  19.911 0.0000000000
80045  -55.703  5.038  19.435 0.0000000000
80047  -55.733  4.907  18.401 0.0000000000
80048  -55.779  4.776  17.781 0.0000000000
80049  -56.502  4.977  17.452 0.0000000000
81171  -63.023  -10.184  14.984 0.0000000000
81173  -63.328  -10.738  15.008 0.0000000000
81174  -63.536  -11.347  15.076 0.0000000000
84262  -57.712  1.817  10.967 0.0000000000
84264  -57.753  2.068  10.559 0.0000000000
84265  -57.922  3.162  9.910 0.0000000000
84266  -57.763  2.581  9.760 0.0000000000
84271  -57.444  4.373  10.632 0.0000000000
84272  -57.217  4.466  10.179 0.0000000000
84276  -57.524  3.343  7.889 0.0000000000
84278  -57.326  3.118  6.876 0.0000000000
84283  -56.706  3.863  5.003 0.0000000000
84284  -56.550  4.233  5.066 0.0000000000
84299  -54.050  4.338  7.775 0.0000000000
84300  -54.501  4.498  7.000 0.0000000000
84302  -54.931  4.596  6.221 0.0000000000
92195  -57.022  -1.636  9.601 0.0000000000
92795  -58.530  2.931  26.186 0.0000000000
92869  -57.363  -0.812  24.177 0.0000000000
93731  -53.636  -8.778  11.494 0.0000000000
93732  -53.417  -8.388  11.025 0.0000000000
95726  -58.593  -9.389  16.505 0.0000000000
98046  -57.627  -4.258  8.945 0.0000000000
98047  -57.901  -4.781  8.934 0.0000000000
99820  -57.723  5.787  24.062 0.0000000000
99821  -57.280  5.820  23.620 0.0000000000
100041  -54.557  -5.335  18.849 0.0000000000
100042  -54.791  -5.375  18.531 0.0000000000
100043  -55.055  -5.435  18.173 0.0000000000
102613  -59.917  -14.128  14.524 0.0000000000
102615  -59.347  -13.876  14.541 0.0000000000
102616  -58.788  -13.726  14.698 0.0000000000
102626  -56.525  -10.600  12.934 0.0000000000
102627  -56.653  -11.113  13.436 0.0000000000
107924  -56.549  4.576  15.278 0.0000000000
108610  -62.760  -9.918  14.454 0.0000000000
108612  -62.415  -9.641  13.869 0.0000000000
108613  -62.061  -9.239  13.472 0.0000000000
110465  -57.954  3.671  10.108 0.0000000000
115301  -57.667  -3.873  9.200 0.0000000000
116680  -58.288  5.150  25.295 0.0000000000
116850  -55.418  -2.651  21.664 0.0000000000
118864  -54.789  -10.137  13.025 0.0000000000
122985  -56.249  5.337  20.607 0.0000000000
122986  -55.616  5.080  20.358 0.0000000000
123517  -60.943  -9.395  15.319 0.0000000000
124956  -56.940  4.457  12.015 0.0000000000
124961  -55.956  4.457  10.718 0.0000000000
128867  -53.741  -6.756  9.441 0.0000000000
128910  -58.111  -5.315  8.916 0.0000000000
128919  -56.322  -6.143  8.900 0.0000000000
132653  -56.191  5.354  21.651 0.0000000000
133120  -56.002  -7.315  17.170 0.0000000000
133122  -55.315  -5.529  17.809 0.0000000000
138514  -62.422  -14.023  14.817 0.0000000000
138517  -61.525  -14.563  14.771 0.0000000000
138550  -58.219  -12.695  14.352 0.0000000000
149253  -57.270  0.626  10.767 0.0000000000
149273  -56.629  4.338  13.139 0.0000000000
149275  -56.554  4.369  14.267 0.0000000000
149293  -55.709  4.969  18.933 0.0000000000
149299  -56.486  4.767  16.348 0.0000000000
150641  -63.520  -12.697  15.301 0.0000000000
150649  -63.572  -12.019  15.159 0.0000000000
150660  -57.305  -8.844  16.875 0.0000000000
154365  -57.775  2.346  10.177 0.0000000000
154372  -57.812  4.074  10.351 0.0000000000
154375  -57.652  4.014  9.190 0.0000000000
154384  -57.061  3.493  5.892 0.0000000000
154396  -54.202  4.071  9.469 0.0000000000
154404  -53.547  4.156  8.527 0.0000000000
154410  -55.274  4.745  5.500 0.0000000000
154411  -55.796  4.668  5.275 0.0000000000
154412  -56.229  4.529  5.123 0.0000000000
92  -58.243  0.973  26.335 0.0000000000
1483  -54.915  -10.607  13.595 0.0000000000
2914  -58.293  4.375  26.459 0.0000000000
4416  -54.967  4.762  19.752 0.0000000000
5795  -54.900  -5.371  8.899 0.0000000000
6469  -54.979  -6.270  18.107 0.0000000000
7297  -59.903  -14.804  14.739 0.0000000000
8618  -55.058  4.378  17.477 0.0000000000
9186  -57.876  3.359  9.409 0.0000000000
9190  -54.194  4.558  6.556 0.0000000000
10594  -58.459  2.836  26.604 0.0000000000
11099  -52.624  -7.946  10.550 0.0000000000
11113  -53.043  -8.692  11.537 0.0000000000
12221  -59.929  -9.818  16.920 0.0000000000
13510  -57.250  -4.101  8.730 0.0000000000
13513  -56.115  -5.636  8.734 0.0000000000
14497  -57.118  5.847  24.210 0.0000000000
14616  -54.858  -3.263  21.285 0.0000000000
14618  -54.376  -4.553  19.779 0.0000000000
14619  -54.359  -6.120  18.746 0.0000000000
16048  -58.771  -14.488  14.811 0.0000000000
16055  -56.053  -10.937  13.490 0.0000000000
19004  -55.032  4.619  18.654 0.0000000000
19378  -61.723  -9.509  15.362 0.0000000000
19379  -62.830  -9.949  15.496 0.0000000000
19380  -62.203  -9.571  14.391 0.0000000000
20421  -54.972  4.960  5.091 0.0000000000
24612  -53.508  -9.441  12.543 0.0000000000
26379  -54.972  4.821  20.665 0.0000000000
26605  -60.938  -9.603  16.184 0.0000000000
30280  -56.125  5.356  22.189 0.0000000000
32422  -61.026  -15.037  14.869 0.0000000000
32433  -57.622  -12.557  14.403 0.0000000000
36557  -63.608  -12.376  15.706 0.0000000000
36559  -63.478  -10.994  15.525 0.0000000000
37800  -57.561  1.769  10.045 0.0000000000
37801  -57.531  2.236  9.184 0.0000000000
37808  -56.441  4.055  4.533 0.0000000000
37813  -53.247  4.235  8.105 0.0000000000
37816  -55.931  4.691  4.657 0.0000000000
40980  -57.078  -0.326  9.926 0.0000000000
40981  -57.185  0.163  10.242 0.0000000000
41314  -58.410  1.958  26.548 0.0000000000
41353  -57.911  0.138  26.070 0.0000000000
41354  -57.630  -0.450  25.322 0.0000000000
41820  -52.511  -7.445  9.932 0.0000000000
41821  -52.871  -7.006  9.614 0.0000000000
42941  -58.495  -9.740  17.229 0.0000000000
42942  -57.675  -9.325  17.191 0.0000000000
45215  -57.474  5.826  25.268 0.0000000000
45217  -56.976  5.845  24.858 0.0000000000
45337  -54.551  -3.854  20.503 0.0000000000
46762  -63.384  -13.331  15.467 0.0000000000
46763  -63.158  -13.832  15.515 0.0000000000
46775  -55.467  -10.764  13.546 0.0000000000
50099  -61.970  -9.524  14.889 0.0000000000
53819  -56.776  -2.490  8.904 0.0000000000
53821  -56.669  -1.688  8.943 0.0000000000
53833  -57.061  -3.127  8.960 0.0000000000
54818  -58.170  5.120  25.829 0.0000000000
54819  -58.055  5.061  26.362 0.0000000000
54936  -56.775  -1.361  23.875 0.0000000000
54938  -56.281  -1.774  23.151 0.0000000000
54939  -55.814  -2.186  22.375 0.0000000000
59320  -55.556  5.072  21.352 0.0000000000
59321  -55.598  5.081  20.848 0.0000000000
59699  -60.499  -9.684  16.586 0.0000000000
60727  -56.070  4.245  12.897 0.0000000000
60728  -56.315  4.394  12.295 0.0000000000
60731  -54.868  4.047  11.733 0.0000000000
60732  -54.510  3.972  11.211 0.0000000000
60734  -54.159  3.910  10.664 0.0000000000
63540  -54.065  -5.619  9.051 0.0000000000
63541  -54.437  -5.147  8.897 0.0000000000
63580  -55.537  -5.498  8.801 0.0000000000
66891  -54.660  -6.213  18.434 0.0000000000
66896  -55.673  -7.225  17.519 0.0000000000
66897  -55.273  -6.340  17.774 0.0000000000
71180  -60.466  -14.931  14.763 0.0000000000
71185  -58.223  -14.277  14.884 0.0000000000
71207  -57.505  -11.866  13.861 0.0000000000
80030  -55.879  4.255  15.069 0.0000000000
80031  -55.918  4.163  14.505 0.0000000000
80046  -55.055  4.501  18.065 0.0000000000
80050  -55.796  4.637  17.162 0.0000000000
80051  -55.777  4.510  16.578 0.0000000000
81172  -63.217  -10.422  15.503 0.0000000000
84263  -57.527  1.500  10.453 0.0000000000
84267  -57.727  2.810  9.304 0.0000000000
84270  -56.908  4.491  10.905 0.0000000000
84291  -53.397  3.911  9.705 0.0000000000
84292  -53.065  3.977  9.248 0.0000000000
84298  -53.744  4.396  7.322 0.0000000000
84304  -55.516  4.864  4.821 0.0000000000
92196  -56.848  -1.243  9.261 0.0000000000
92197  -57.006  -0.783  9.589 0.0000000000
92796  -58.438  3.676  26.576 0.0000000000
92868  -57.229  -0.920  24.591 0.0000000000
93733  -52.839  -8.322  11.058 0.0000000000
95725  -59.028  -9.681  16.842 0.0000000000
98048  -57.552  -4.631  8.734 0.0000000000
98049  -57.254  -4.985  8.667 0.0000000000
98050  -56.959  -5.350  8.660 0.0000000000
98051  -56.665  -5.754  8.726 0.0000000000
99822  -56.712  5.624  23.186 0.0000000000
99823  -56.591  5.635  23.796 0.0000000000
100040  -54.299  -5.313  19.184 0.0000000000
102607  -62.859  -14.358  15.633 0.0000000000
102608  -62.449  -14.473  15.249 0.0000000000
102614  -59.320  -14.649  14.808 0.0000000000
102617  -58.254  -13.507  14.733 0.0000000000
102628  -56.851  -11.685  13.930 0.0000000000
102629  -56.198  -11.476  13.993 0.0000000000
107925  -55.836  4.340  15.574 0.0000000000
107932  -54.953  4.718  19.231 0.0000000000
108609  -62.552  -9.750  14.940 0.0000000000
110485  -54.640  4.758  5.799 0.0000000000
115302  -57.349  -3.705  8.958 0.0000000000
116681  -57.853  5.583  25.588 0.0000000000
116849  -55.235  -2.749  22.101 0.0000000000
118865  -54.369  -10.450  13.561 0.0000000000
118866  -54.205  -9.990  13.028 0.0000000000
118867  -53.695  -9.848  13.056 0.0000000000
118869  -53.275  -9.065  12.026 0.0000000000
122987  -54.978  4.802  20.227 0.0000000000
123516  -61.341  -9.544  15.777 0.0000000000
124957  -56.618  4.491  11.629 0.0000000000
124958  -56.275  4.483  11.193 0.0000000000
124960  -55.570  4.357  11.471 0.0000000000
128868  -53.290  -6.570  9.305 0.0000000000
128869  -53.690  -6.102  9.170 0.0000000000
132654  -55.470  5.048  21.860 0.0000000000
132655  -56.047  5.354  22.752 0.0000000000
133118  -56.941  -8.802  17.213 0.0000000000
133119  -56.248  -8.048  17.333 0.0000000000
138515  -62.000  -14.572  14.996 0.0000000000
138518  -61.522  -15.123  15.075 0.0000000000
138551  -57.684  -13.287  14.820 0.0000000000
149274  -55.974  4.160  13.423 0.0000000000
149276  -55.926  4.134  13.961 0.0000000000
149300  -55.796  4.424  16.069 0.0000000000
150640  -63.531  -13.037  15.826 0.0000000000
150648  -63.614  -11.692  15.585 0.0000000000
154362  -57.324  0.859  10.342 0.0000000000
154366  -57.557  2.016  9.615 0.0000000000
154373  -57.818  3.849  9.654 0.0000000000
154376  -57.748  3.538  8.974 0.0000000000
154377  -57.654  3.203  8.364 0.0000000000
154378  -57.468  2.812  7.788 0.0000000000
154379  -57.251  2.385  7.315 0.0000000000
154380  -57.232  2.560  6.824 0.0000000000
154381  -57.132  2.783  6.352 0.0000000000
154382  -57.038  2.990  5.895 0.0000000000
154385  -56.929  3.156  5.439 0.0000000000
154386  -56.730  3.399  5.007 0.0000000000
154387  -56.503  3.640  4.549 0.0000000000
154395  -53.779  3.893  10.175 0.0000000000
154403  -52.781  4.089  8.861 0.0000000000
154413  -56.237  4.416  4.563 0.0000000000
