#!ascii label /projectnb/somerslab/tom/projects/spacetime_network/data/ROIs/probabilistic_cIFSG_lh_thresh5.label , from subject  vox2ras=TkReg
1179
262  -37.368  14.416  23.008 6.0000000000
1150  -52.166  17.617  20.347 5.0000000000
1625  -44.922  10.723  19.332 5.0000000000
1626  -42.896  13.536  23.196 6.0000000000
1627  -46.326  16.781  21.354 5.0000000000
1628  -48.649  20.786  18.296 5.0000000000
3667  -38.604  11.829  23.184 6.0000000000
3669  -39.951  13.912  22.807 5.0000000000
3671  -43.168  16.935  20.762 5.0000000000
3673  -47.662  18.574  19.698 5.0000000000
4431  -33.832  10.774  25.711 5.0000000000
4890  -46.948  12.273  20.447 6.0000000000
4891  -46.945  11.644  17.477 5.0000000000
5944  -36.140  16.730  22.952 5.0000000000
7633  -44.324  11.380  21.981 6.0000000000
7634  -46.169  12.941  23.037 5.0000000000
7636  -44.606  15.256  22.700 6.0000000000
7637  -47.866  15.153  23.058 6.0000000000
7638  -49.503  17.099  21.636 6.0000000000
7639  -50.570  19.022  19.502 5.0000000000
7640  -51.490  21.403  17.821 5.0000000000
8633  -38.062  8.916  22.817 6.0000000000
8634  -36.504  11.656  23.579 6.0000000000
8636  -34.917  11.341  24.441 6.0000000000
8637  -35.366  14.262  23.784 6.0000000000
8638  -34.884  16.760  24.405 5.0000000000
9220  -49.383  23.349  17.370 5.0000000000
11347  -37.926  13.125  23.164 7.0000000000
11348  -39.232  12.946  23.072 5.0000000000
11349  -38.626  14.169  22.840 7.0000000000
11353  -45.110  19.566  19.435 5.0000000000
14970  -51.580  16.696  21.267 5.0000000000
16765  -42.100  12.502  23.037 5.0000000000
16766  -42.840  11.362  22.420 5.0000000000
16767  -43.648  12.284  22.936 6.0000000000
16768  -45.251  12.158  22.571 6.0000000000
16769  -44.495  13.234  23.342 6.0000000000
16773  -44.742  16.809  20.976 5.0000000000
16774  -43.958  16.040  21.605 5.0000000000
16775  -45.482  16.043  22.117 5.0000000000
16776  -46.252  15.165  23.019 6.0000000000
16777  -47.062  16.084  22.447 6.0000000000
16778  -48.656  16.165  22.516 7.0000000000
16779  -47.915  16.867  21.669 6.0000000000
16780  -48.145  19.635  18.865 5.0000000000
16781  -49.188  18.722  19.691 5.0000000000
16782  -49.603  19.897  18.691 5.0000000000
16783  -51.011  20.288  18.517 5.0000000000
16784  -50.143  21.133  18.057 5.0000000000
19040  -37.141  7.302  23.042 5.0000000000
19041  -37.992  7.494  22.560 6.0000000000
19042  -37.096  8.765  23.227 6.0000000000
19043  -37.269  10.258  23.340 6.0000000000
19044  -36.365  10.111  23.664 5.0000000000
19048  -33.933  12.410  25.468 5.0000000000
19049  -34.321  11.035  25.053 6.0000000000
19050  -34.431  12.620  24.720 5.0000000000
19051  -35.082  12.753  24.102 5.0000000000
19052  -34.670  14.080  24.326 5.0000000000
19053  -35.041  15.529  24.007 6.0000000000
19054  -34.519  15.463  24.780 5.0000000000
20430  -44.129  9.751  18.915 5.0000000000
20494  -48.242  23.971  16.887 5.0000000000
23959  -53.308  17.741  19.407 5.0000000000
25037  -41.388  13.704  22.973 5.0000000000
25043  -47.100  17.588  20.490 5.0000000000
25044  -46.129  18.504  19.631 5.0000000000
25045  -46.680  19.581  19.137 5.0000000000
25046  -47.197  20.656  18.592 5.0000000000
26405  -33.734  9.181  25.874 5.0000000000
26407  -33.645  12.207  26.254 5.0000000000
27234  -45.899  11.548  19.835 5.0000000000
27236  -46.947  12.146  18.957 6.0000000000
29230  -36.696  15.595  22.901 5.0000000000
29231  -37.941  15.268  22.572 5.0000000000
33335  -44.745  10.933  20.697 5.0000000000
33336  -45.765  11.693  21.287 6.0000000000
33337  -46.787  12.354  21.824 6.0000000000
33338  -47.641  13.115  22.391 5.0000000000
33340  -40.738  14.716  22.431 5.0000000000
33341  -42.217  14.596  22.697 6.0000000000
33342  -42.360  16.128  21.347 5.0000000000
33343  -43.044  15.295  22.209 5.0000000000
33344  -43.719  14.442  23.114 6.0000000000
33345  -45.392  14.123  23.385 6.0000000000
33346  -46.991  13.898  23.328 5.0000000000
33348  -49.383  15.376  22.602 5.0000000000
33349  -50.230  16.458  22.096 6.0000000000
33350  -50.904  17.356  21.224 7.0000000000
33351  -48.688  17.761  20.682 5.0000000000
33352  -50.091  18.013  20.531 5.0000000000
33353  -51.446  18.272  20.210 5.0000000000
33354  -51.953  19.442  19.175 5.0000000000
36153  -39.103  9.173  22.432 5.0000000000
36154  -38.268  10.381  23.090 6.0000000000
36155  -37.535  11.710  23.341 6.0000000000
36156  -36.813  13.050  23.365 6.0000000000
36160  -34.250  9.414  25.143 6.0000000000
36161  -34.849  9.678  24.590 6.0000000000
36162  -35.539  9.855  24.069 5.0000000000
36163  -35.656  11.452  23.940 6.0000000000
36164  -35.870  12.920  23.654 5.0000000000
36165  -36.290  14.399  23.304 6.0000000000
36166  -35.778  15.553  23.407 6.0000000000
36167  -35.387  16.757  23.626 5.0000000000
37900  -46.165  21.744  18.931 5.0000000000
37901  -47.617  21.952  18.438 5.0000000000
37904  -49.085  22.248  18.041 5.0000000000
37905  -50.483  22.433  17.540 5.0000000000
42067  -37.638  13.774  23.093 7.0000000000
42068  -38.293  13.639  23.038 7.0000000000
42069  -37.987  14.273  22.903 7.0000000000
45690  -51.875  17.131  20.837 6.0000000000
45691  -52.147  16.794  20.605 5.0000000000
45692  -52.476  17.221  20.301 5.0000000000
47485  -42.490  13.016  23.110 5.0000000000
47486  -42.883  12.399  22.989 5.0000000000
47487  -43.293  12.901  23.186 6.0000000000
47488  -44.060  12.789  23.133 6.0000000000
47489  -43.675  13.424  23.294 6.0000000000
47493  -45.552  16.788  21.170 5.0000000000
47494  -45.188  16.397  21.559 5.0000000000
47495  -45.905  16.420  21.739 5.0000000000
47496  -46.246  16.059  22.280 6.0000000000
47497  -46.651  16.447  21.933 5.0000000000
47498  -47.467  16.478  22.091 6.0000000000
47499  -47.086  16.802  21.550 5.0000000000
47500  -48.396  20.188  18.518 5.0000000000
47501  -48.863  19.728  18.765 5.0000000000
47502  -49.140  20.343  18.386 5.0000000000
47503  -49.876  20.528  18.335 5.0000000000
47504  -49.399  20.960  18.176 5.0000000000
49761  -37.109  7.990  23.127 5.0000000000
49763  -36.742  9.447  23.455 6.0000000000
49764  -36.342  9.370  23.647 5.0000000000
49769  -34.159  12.505  25.101 6.0000000000
49771  -34.544  13.355  24.526 5.0000000000
49773  -34.564  14.784  24.542 5.0000000000
51150  -44.505  10.278  19.087 5.0000000000
57082  -39.006  11.135  23.068 5.0000000000
57084  -39.286  11.722  23.068 5.0000000000
57085  -39.574  13.465  22.958 5.0000000000
57099  -45.336  18.544  19.700 5.0000000000
57103  -46.938  20.122  18.827 5.0000000000
59371  -33.734  12.994  26.111 5.0000000000
60750  -46.435  11.929  20.144 6.0000000000
60751  -46.449  11.859  19.403 6.0000000000
60752  -46.946  12.215  19.715 6.0000000000
64282  -36.385  16.176  22.880 5.0000000000
64283  -36.943  16.044  22.667 6.0000000000
64284  -36.628  16.614  22.686 6.0000000000
73338  -43.581  11.353  22.269 5.0000000000
73342  -44.567  11.069  21.365 5.0000000000
73343  -45.235  11.312  20.990 5.0000000000
73344  -45.047  11.464  21.662 6.0000000000
73345  -45.717  12.539  22.842 6.0000000000
73346  -46.038  12.167  22.263 6.0000000000
73347  -46.505  12.555  22.496 5.0000000000
73348  -47.215  12.620  22.104 5.0000000000
73349  -46.934  12.930  22.788 5.0000000000
73351  -38.602  15.117  22.428 5.0000000000
73355  -41.115  15.056  22.204 5.0000000000
73356  -41.486  14.639  22.551 5.0000000000
73357  -41.923  15.003  22.308 5.0000000000
73360  -42.789  16.529  21.083 5.0000000000
73361  -44.290  15.656  22.152 5.0000000000
73362  -43.506  15.664  21.942 5.0000000000
73363  -43.831  15.243  22.460 6.0000000000
73364  -43.360  14.900  22.688 6.0000000000
73365  -44.138  14.843  22.984 6.0000000000
73366  -44.531  14.319  23.322 6.0000000000
73367  -44.972  14.738  23.136 6.0000000000
73368  -47.070  15.149  23.106 6.0000000000
73369  -46.648  14.570  23.289 6.0000000000
73370  -47.458  14.592  23.234 5.0000000000
73371  -47.804  14.076  23.073 5.0000000000
73372  -48.201  14.647  23.121 5.0000000000
73374  -48.619  15.226  22.899 5.0000000000
73375  -49.068  16.647  22.109 6.0000000000
73376  -49.479  16.286  22.374 6.0000000000
73377  -49.878  16.781  21.941 6.0000000000
73378  -50.610  17.003  21.737 6.0000000000
73379  -50.257  17.269  21.487 7.0000000000
73380  -47.428  18.070  20.054 5.0000000000
73381  -47.885  17.656  20.580 5.0000000000
73382  -48.191  18.145  20.151 5.0000000000
73383  -49.916  18.831  19.600 5.0000000000
73384  -49.676  18.328  20.120 5.0000000000
73385  -50.367  18.479  20.040 5.0000000000
73386  -50.784  18.123  20.418 5.0000000000
73387  -51.071  18.626  19.884 5.0000000000
73388  -51.707  18.840  19.690 5.0000000000
73389  -51.269  19.226  19.353 5.0000000000
73390  -51.253  20.870  18.134 5.0000000000
73391  -51.675  20.391  18.360 5.0000000000
73392  -51.929  20.935  18.012 5.0000000000
73394  -52.189  21.463  17.689 5.0000000000
80158  -38.001  8.196  22.721 6.0000000000
80159  -38.473  7.650  22.392 6.0000000000
80160  -38.505  8.349  22.525 6.0000000000
80162  -38.572  9.054  22.632 6.0000000000
80163  -38.679  9.710  22.777 6.0000000000
80164  -38.133  9.612  22.944 6.0000000000
80165  -36.878  11.000  23.503 6.0000000000
80166  -37.390  11.002  23.371 6.0000000000
80167  -37.010  11.693  23.446 7.0000000000
80168  -37.174  12.393  23.360 7.0000000000
80169  -36.650  12.361  23.476 6.0000000000
80178  -33.764  9.991  25.798 5.0000000000
80179  -33.980  9.295  25.485 6.0000000000
80180  -33.979  10.111  25.444 6.0000000000
80181  -34.610  11.181  24.731 6.0000000000
80182  -34.568  10.367  24.829 6.0000000000
80183  -34.884  10.493  24.544 6.0000000000
80184  -35.191  9.767  24.311 6.0000000000
80185  -35.225  10.614  24.270 6.0000000000
80186  -35.584  10.701  24.016 6.0000000000
80187  -35.276  11.390  24.170 6.0000000000
80188  -35.200  13.475  23.933 5.0000000000
80189  -35.461  12.770  23.871 5.0000000000
80190  -35.600  13.567  23.709 5.0000000000
80191  -36.043  13.668  23.497 6.0000000000
80192  -35.798  14.348  23.541 5.0000000000
80193  -36.022  14.981  23.341 7.0000000000
80194  -35.583  14.930  23.612 7.0000000000
80195  -34.944  16.161  24.202 6.0000000000
80196  -35.243  16.124  23.820 6.0000000000
80197  -35.114  16.756  24.006 5.0000000000
84338  -46.401  11.455  17.946 5.0000000000
84515  -46.384  22.396  18.831 5.0000000000
84516  -46.885  21.845  18.669 5.0000000000
84517  -47.089  22.486  18.594 5.0000000000
84521  -48.819  23.707  17.175 5.0000000000
84522  -48.101  23.652  17.527 5.0000000000
84523  -48.662  23.273  17.732 5.0000000000
84524  -48.523  22.727  18.099 6.0000000000
84525  -49.238  22.822  17.792 6.0000000000
84526  -49.803  22.346  17.797 5.0000000000
84527  -49.929  22.905  17.483 5.0000000000
94153  -38.247  12.484  23.199 7.0000000000
94154  -38.898  12.393  23.143 5.0000000000
94155  -38.558  13.012  23.134 7.0000000000
94156  -38.918  13.573  22.979 7.0000000000
94157  -39.270  14.050  22.807 5.0000000000
94163  -44.846  19.094  19.593 5.0000000000
96354  -47.464  12.564  20.732 5.0000000000
96355  -47.431  12.541  20.014 5.0000000000
98473  -35.964  17.288  23.081 5.0000000000
98474  -36.409  17.151  22.738 6.0000000000
98475  -36.274  17.730  22.881 5.0000000000
100674  -51.257  16.277  21.568 5.0000000000
103905  -41.723  11.971  22.850 5.0000000000
103907  -42.507  11.893  22.772 5.0000000000
103908  -43.245  11.817  22.698 5.0000000000
103909  -44.005  11.788  22.522 6.0000000000
103910  -44.797  11.761  22.278 6.0000000000
103911  -44.448  12.195  22.789 6.0000000000
103912  -44.905  12.626  23.040 6.0000000000
103913  -45.337  13.058  23.222 5.0000000000
103919  -43.955  16.855  20.798 5.0000000000
103920  -43.576  16.465  21.153 5.0000000000
103921  -44.367  16.415  21.292 5.0000000000
103922  -44.734  16.031  21.844 5.0000000000
103923  -45.058  15.660  22.396 6.0000000000
103924  -45.395  15.240  22.909 6.0000000000
103925  -45.851  15.645  22.611 6.0000000000
103926  -46.665  15.670  22.771 6.0000000000
103927  -47.469  15.646  22.827 6.0000000000
103928  -48.285  15.672  22.830 6.0000000000
103929  -47.852  16.113  22.551 6.0000000000
103930  -48.243  16.539  22.159 7.0000000000
103931  -48.697  16.966  21.700 6.0000000000
103932  -47.914  19.102  19.306 5.0000000000
103933  -48.448  18.632  19.704 5.0000000000
103934  -48.671  19.171  19.258 5.0000000000
103935  -49.340  19.296  19.155 5.0000000000
103936  -50.078  19.450  19.082 5.0000000000
103937  -50.766  19.628  18.989 5.0000000000
103938  -50.323  20.091  18.605 5.0000000000
103939  -50.591  20.775  18.230 5.0000000000
103940  -50.813  21.287  17.950 5.0000000000
107998  -37.605  6.766  22.682 5.0000000000
108000  -37.549  7.414  22.786 5.0000000000
108001  -37.532  8.085  22.924 6.0000000000
108002  -37.564  8.843  23.018 6.0000000000
108003  -37.655  9.553  23.092 7.0000000000
108004  -37.176  9.520  23.276 7.0000000000
108005  -36.809  10.200  23.488 6.0000000000
108006  -36.436  10.873  23.654 6.0000000000
108012  -33.872  11.613  25.609 5.0000000000
108013  -34.050  10.915  25.378 6.0000000000
108014  -34.105  11.719  25.270 6.0000000000
108015  -34.371  11.838  24.931 6.0000000000
108016  -34.662  11.988  24.566 6.0000000000
108017  -34.992  12.054  24.285 5.0000000000
108018  -34.749  12.705  24.385 5.0000000000
108019  -34.861  13.427  24.199 5.0000000000
108020  -34.981  14.200  24.034 5.0000000000
108021  -35.180  14.908  23.878 7.0000000000
108022  -34.824  14.885  24.183 7.0000000000
108023  -34.735  15.533  24.383 6.0000000000
108024  -34.716  16.150  24.596 5.0000000000
110619  -49.572  23.790  16.849 5.0000000000
110620  -50.066  23.440  17.020 5.0000000000
110621  -50.259  23.850  16.462 5.0000000000
117342  -52.455  18.080  19.998 5.0000000000
117343  -52.780  17.684  19.930 5.0000000000
119856  -39.577  12.310  23.103 5.0000000000
119859  -41.363  12.596  23.010 5.0000000000
119860  -41.719  13.124  23.062 5.0000000000
119861  -42.108  13.627  23.064 5.0000000000
119870  -44.318  17.277  20.497 5.0000000000
119871  -45.098  17.205  20.591 5.0000000000
119872  -45.918  17.167  20.772 5.0000000000
119873  -46.711  17.134  20.954 5.0000000000
119875  -46.635  18.021  20.002 5.0000000000
119876  -46.910  18.538  19.653 5.0000000000
119877  -45.620  19.050  19.480 5.0000000000
119879  -47.147  19.055  19.356 5.0000000000
119880  -47.419  19.605  19.010 5.0000000000
119881  -47.674  20.148  18.653 5.0000000000
119882  -47.930  20.675  18.425 5.0000000000
123049  -33.576  9.871  26.172 5.0000000000
123050  -33.645  10.674  26.085 5.0000000000
123053  -33.692  11.440  26.019 5.0000000000
123054  -33.762  12.303  25.861 5.0000000000
123055  -33.855  13.082  25.716 5.0000000000
124986  -45.395  11.155  19.591 5.0000000000
124989  -46.452  11.722  18.655 5.0000000000
124990  -46.941  11.985  18.212 5.0000000000
124991  -47.419  12.508  19.259 6.0000000000
124992  -47.401  12.457  18.487 6.0000000000
124993  -47.382  12.157  17.715 5.0000000000
129808  -37.038  15.013  22.984 6.0000000000
134465  -53.030  17.275  19.714 5.0000000000
141152  -44.406  10.442  19.728 5.0000000000
141161  -44.851  10.843  20.018 5.0000000000
141162  -45.353  11.231  20.287 5.0000000000
141163  -45.893  11.610  20.509 5.0000000000
141164  -46.420  11.988  20.830 6.0000000000
141165  -45.544  11.848  21.973 6.0000000000
141166  -46.302  12.058  21.549 6.0000000000
141167  -46.989  12.318  21.097 6.0000000000
141168  -47.415  12.582  21.407 5.0000000000
141172  -38.963  14.602  22.599 6.0000000000
141173  -39.621  14.466  22.583 5.0000000000
141176  -40.356  14.335  22.627 5.0000000000
141177  -41.073  14.235  22.744 5.0000000000
141178  -41.783  14.190  22.895 5.0000000000
141179  -42.528  14.111  23.005 6.0000000000
141183  -43.165  16.089  21.480 5.0000000000
141184  -42.718  15.662  21.760 5.0000000000
141185  -42.308  15.323  22.026 5.0000000000
141186  -42.632  14.955  22.466 6.0000000000
141187  -42.930  14.546  22.898 6.0000000000
141188  -43.311  14.028  23.232 6.0000000000
141189  -44.110  13.894  23.372 5.0000000000
141190  -44.936  13.680  23.390 5.0000000000
141191  -45.790  13.479  23.400 5.0000000000
141192  -45.826  14.641  23.264 6.0000000000
141193  -46.196  13.979  23.360 5.0000000000
141194  -46.563  13.382  23.202 5.0000000000
141195  -47.353  13.439  22.975 5.0000000000
141201  -49.071  15.768  22.685 6.0000000000
141202  -49.829  15.932  22.386 5.0000000000
141203  -50.579  16.110  22.076 5.0000000000
141204  -50.961  16.627  21.760 5.0000000000
141205  -51.264  17.035  21.339 5.0000000000
141206  -51.557  17.462  20.875 6.0000000000
141207  -47.515  17.199  21.053 6.0000000000
141208  -48.310  17.299  21.166 5.0000000000
141209  -49.093  17.418  21.219 6.0000000000
141210  -48.968  18.211  20.185 5.0000000000
141211  -49.393  17.878  20.619 5.0000000000
141212  -49.817  17.569  21.057 6.0000000000
141213  -50.527  17.671  20.944 6.0000000000
141214  -51.182  17.771  20.712 6.0000000000
141215  -51.822  17.959  20.326 5.0000000000
141219  -51.461  19.835  18.837 5.0000000000
149435  -38.825  10.443  22.937 5.0000000000
149436  -38.408  11.107  23.183 6.0000000000
149437  -37.754  10.331  23.235 6.0000000000
149438  -37.898  11.043  23.272 6.0000000000
149439  -38.049  11.755  23.274 6.0000000000
149440  -37.697  12.453  23.246 7.0000000000
149441  -37.353  13.115  23.244 7.0000000000
149442  -37.087  13.767  23.200 6.0000000000
149455  -34.265  10.235  25.140 6.0000000000
149456  -34.521  9.582  24.881 6.0000000000
149460  -35.920  9.194  23.854 5.0000000000
149461  -35.915  10.000  23.856 5.0000000000
149462  -35.990  10.779  23.821 6.0000000000
149463  -36.062  11.531  23.749 5.0000000000
149464  -35.356  12.097  24.043 5.0000000000
149465  -35.752  12.150  23.823 5.0000000000
149466  -36.170  12.303  23.616 6.0000000000
149467  -36.322  13.018  23.484 6.0000000000
149468  -36.528  13.754  23.339 6.0000000000
149469  -36.815  14.408  23.163 6.0000000000
149470  -36.515  15.006  23.143 6.0000000000
149471  -36.205  15.582  23.130 5.0000000000
149472  -35.952  16.164  23.154 5.0000000000
149473  -35.415  15.514  23.684 6.0000000000
149474  -35.583  16.147  23.485 5.0000000000
149475  -35.747  16.735  23.283 5.0000000000
149476  -35.626  17.333  23.428 5.0000000000
149479  -34.313  15.377  25.210 5.0000000000
154664  -45.905  21.115  18.983 5.0000000000
154665  -46.678  21.217  18.716 5.0000000000
154666  -47.421  21.305  18.432 5.0000000000
154667  -48.142  21.387  18.298 6.0000000000
154674  -47.813  22.588  18.398 5.0000000000
154675  -48.366  22.089  18.232 6.0000000000
154676  -48.851  21.512  18.134 5.0000000000
154677  -49.599  21.715  17.998 5.0000000000
154678  -50.316  21.798  17.824 5.0000000000
2020  -36.307  8.505  23.606 0.0000000000
3668  -41.371  11.451  22.706 0.0000000000
3672  -44.534  18.615  19.752 0.0000000000
3674  -45.633  20.527  19.070 0.0000000000
4428  -38.108  6.216  22.359 0.0000000000
6678  -50.829  15.822  21.776 0.0000000000
7635  -41.556  15.366  21.865 0.0000000000
9219  -46.551  22.973  18.596 0.0000000000
12570  -47.967  12.908  21.047 0.0000000000
12571  -47.886  12.879  19.556 0.0000000000
13747  -35.848  17.886  23.197 0.0000000000
13748  -36.726  17.560  22.540 0.0000000000
14972  -52.677  16.831  20.004 0.0000000000
20495  -49.678  24.090  16.257 0.0000000000
20496  -50.781  23.498  16.617 0.0000000000
23958  -52.726  18.570  19.607 0.0000000000
25033  -39.417  10.496  22.800 0.0000000000
25035  -39.960  11.644  22.970 0.0000000000
25036  -40.601  12.739  23.045 0.0000000000
25041  -43.888  17.773  20.145 0.0000000000
25042  -45.463  17.592  20.276 0.0000000000
26406  -33.476  10.585  26.480 0.0000000000
26408  -33.853  13.776  25.925 0.0000000000
26409  -34.173  15.299  25.641 0.0000000000
27235  -45.931  11.218  18.351 0.0000000000
27237  -47.789  12.620  17.948 0.0000000000
29232  -37.250  16.404  22.446 0.0000000000
33332  -43.828  10.165  20.162 0.0000000000
33339  -39.279  15.011  22.331 0.0000000000
33347  -48.485  14.212  22.740 0.0000000000
33355  -52.368  20.477  18.247 0.0000000000
33356  -52.816  21.457  17.444 0.0000000000
36152  -38.962  7.819  22.196 0.0000000000
37903  -47.953  23.181  18.057 0.0000000000
44468  -36.153  18.327  22.998 0.0000000000
49760  -36.714  7.864  23.342 0.0000000000
49762  -36.713  8.596  23.404 0.0000000000
49768  -34.038  13.177  25.314 0.0000000000
49770  -34.260  13.272  24.906 0.0000000000
49772  -34.389  14.005  24.702 0.0000000000
49774  -34.326  14.717  24.971 0.0000000000
51151  -44.614  10.005  18.431 0.0000000000
51152  -44.990  10.521  18.602 0.0000000000
51216  -50.343  24.190  15.879 0.0000000000
57083  -39.679  11.052  22.881 0.0000000000
57086  -39.884  12.856  23.045 0.0000000000
57087  -40.266  13.345  22.972 0.0000000000
57088  -41.033  13.216  23.046 0.0000000000
57089  -40.698  13.786  22.910 0.0000000000
57096  -44.667  17.675  20.175 0.0000000000
57097  -44.999  18.068  19.915 0.0000000000
57098  -45.827  18.003  19.934 0.0000000000
57100  -45.330  20.031  19.269 0.0000000000
57101  -45.880  19.540  19.287 0.0000000000
57102  -46.147  20.075  19.037 0.0000000000
57104  -46.410  20.604  18.790 0.0000000000
59366  -33.391  9.706  26.593 0.0000000000
59369  -33.529  12.127  26.610 0.0000000000
59370  -33.648  12.908  26.516 0.0000000000
59372  -33.774  13.674  26.362 0.0000000000
60754  -47.838  12.803  18.757 0.0000000000
67958  -53.715  17.732  18.780 0.0000000000
67959  -53.491  17.281  19.088 0.0000000000
73339  -43.131  10.940  21.999 0.0000000000
73340  -43.852  10.973  21.709 0.0000000000
73341  -44.076  10.702  21.053 0.0000000000
73350  -38.228  15.631  22.285 0.0000000000
73352  -38.903  15.491  22.126 0.0000000000
73353  -40.740  15.504  21.871 0.0000000000
73354  -40.349  15.177  22.115 0.0000000000
73358  -42.357  17.052  20.704 0.0000000000
73359  -41.961  16.661  21.016 0.0000000000
73373  -48.906  14.802  22.728 0.0000000000
73393  -52.611  20.976  17.862 0.0000000000
80161  -39.026  8.499  22.319 0.0000000000
80198  -35.338  17.375  23.811 0.0000000000
80199  -35.080  17.377  24.197 0.0000000000
80201  -34.374  16.015  25.482 0.0000000000
84339  -45.942  10.927  17.654 0.0000000000
84340  -46.434  11.081  17.241 0.0000000000
84513  -45.843  22.810  18.791 0.0000000000
84514  -45.608  22.240  19.046 0.0000000000
94162  -44.075  19.153  19.699 0.0000000000
94164  -44.375  19.614  19.568 0.0000000000
94165  -44.641  20.059  19.456 0.0000000000
96356  -47.933  12.896  20.300 0.0000000000
98476  -36.565  18.137  22.678 0.0000000000
100675  -51.470  15.982  21.151 0.0000000000
100676  -51.847  16.409  20.884 0.0000000000
100677  -52.345  16.444  20.216 0.0000000000
103906  -42.101  11.401  22.582 0.0000000000
107999  -38.021  6.864  22.439 0.0000000000
110502  -43.785  9.182  18.741 0.0000000000
110504  -44.274  9.453  18.276 0.0000000000
110507  -47.375  11.785  16.951 0.0000000000
110508  -46.988  11.264  16.749 0.0000000000
110616  -47.610  24.164  16.516 0.0000000000
110617  -48.344  24.192  16.171 0.0000000000
110618  -48.985  24.034  16.587 0.0000000000
110622  -50.931  23.900  16.024 0.0000000000
117344  -53.060  18.163  19.575 0.0000000000
117345  -53.553  18.223  19.066 0.0000000000
119857  -40.256  12.211  23.012 0.0000000000
119858  -40.989  12.070  22.959 0.0000000000
119866  -42.727  17.444  20.450 0.0000000000
119869  -43.541  17.333  20.459 0.0000000000
119874  -46.309  17.522  20.358 0.0000000000
119878  -46.403  19.034  19.403 0.0000000000
123042  -37.732  6.080  22.596 0.0000000000
123043  -37.206  6.676  22.959 0.0000000000
123044  -36.758  7.168  23.299 0.0000000000
123047  -33.734  8.307  25.871 0.0000000000
123048  -33.518  8.995  26.216 0.0000000000
123052  -33.550  11.374  26.398 0.0000000000
123056  -33.985  13.851  25.511 0.0000000000
123057  -34.135  14.626  25.377 0.0000000000
124987  -45.421  10.983  18.821 0.0000000000
124988  -45.913  11.421  19.097 0.0000000000
124994  -47.735  12.319  17.152 0.0000000000
129809  -37.658  14.886  22.809 0.0000000000
129810  -37.304  15.474  22.729 0.0000000000
129811  -37.586  15.821  22.444 0.0000000000
129813  -36.958  16.985  22.483 0.0000000000
134466  -53.226  16.857  19.351 0.0000000000
141150  -43.604  9.477  19.351 0.0000000000
141151  -43.985  9.977  19.531 0.0000000000
141156  -42.435  10.875  22.186 0.0000000000
141160  -44.256  10.540  20.377 0.0000000000
141169  -47.856  12.947  21.719 0.0000000000
141170  -48.321  13.406  22.016 0.0000000000
141171  -38.316  14.717  22.678 0.0000000000
141175  -40.000  14.841  22.337 0.0000000000
141181  -41.550  16.262  21.254 0.0000000000
141182  -41.944  15.744  21.607 0.0000000000
141196  -48.074  13.646  22.629 0.0000000000
141199  -49.612  15.030  22.352 0.0000000000
141200  -50.113  15.609  22.230 0.0000000000
141216  -52.091  18.445  19.951 0.0000000000
141217  -52.350  18.992  19.491 0.0000000000
141218  -52.595  19.536  18.965 0.0000000000
141220  -52.168  19.978  18.680 0.0000000000
149428  -38.477  6.970  22.192 0.0000000000
149429  -38.922  7.156  21.985 0.0000000000
149432  -39.506  8.645  22.111 0.0000000000
149433  -39.635  9.272  22.248 0.0000000000
149434  -39.240  9.822  22.605 0.0000000000
149451  -35.898  8.401  23.831 0.0000000000
149452  -33.968  8.515  25.546 0.0000000000
149453  -34.250  8.613  25.184 0.0000000000
149454  -34.528  8.756  24.894 0.0000000000
149457  -34.795  8.918  24.629 0.0000000000
149458  -35.162  8.973  24.318 0.0000000000
149459  -35.520  9.066  24.077 0.0000000000
149477  -35.563  17.944  23.605 0.0000000000
149480  -34.513  16.084  25.012 0.0000000000
149481  -34.675  16.733  24.824 0.0000000000
149484  -34.855  17.369  24.632 0.0000000000
154661  -45.109  21.058  19.206 0.0000000000
154663  -45.348  21.655  19.132 0.0000000000
154671  -47.517  23.932  17.228 0.0000000000
154672  -47.375  23.581  17.863 0.0000000000
154673  -47.252  23.116  18.399 0.0000000000
154679  -50.950  21.891  17.608 0.0000000000
154680  -50.558  23.007  17.133 0.0000000000
154681  -51.062  22.510  17.255 0.0000000000
154682  -51.626  21.988  17.451 0.0000000000
154683  -52.314  22.020  17.256 0.0000000000
263  -48.874  13.815  21.609 0.0000000000
998  -33.718  7.466  25.966 0.0000000000
1624  -40.171  9.371  22.105 0.0000000000
2021  -34.167  13.947  25.127 0.0000000000
3070  -53.159  19.598  18.636 0.0000000000
3071  -54.022  17.639  18.135 0.0000000000
4432  -33.741  13.544  26.816 0.0000000000
4911  -46.839  24.297  16.091 0.0000000000
5945  -38.525  15.965  22.001 0.0000000000
7631  -43.469  8.638  18.634 0.0000000000
8635  -34.834  8.090  24.630 0.0000000000
11352  -43.597  19.660  19.773 0.0000000000
11354  -44.190  20.530  19.546 0.0000000000
12111  -33.438  11.973  27.046 0.0000000000
13749  -36.414  18.749  22.738 0.0000000000
14971  -51.970  16.099  20.440 0.0000000000
16771  -39.996  15.636  21.830 0.0000000000
16772  -40.744  16.436  21.293 0.0000000000
19047  -34.212  7.843  25.228 0.0000000000
20431  -44.436  9.103  17.647 0.0000000000
20432  -45.083  10.226  17.910 0.0000000000
20433  -47.719  11.902  16.386 0.0000000000
20434  -47.060  10.771  16.034 0.0000000000
20491  -45.074  22.702  19.006 0.0000000000
20493  -48.360  24.352  15.438 0.0000000000
20497  -50.943  24.249  15.445 0.0000000000
23960  -53.740  18.704  18.643 0.0000000000
25039  -41.535  17.218  20.806 0.0000000000
25040  -42.262  17.974  20.263 0.0000000000
26402  -37.344  6.006  22.943 0.0000000000
26403  -36.378  7.063  23.545 0.0000000000
26404  -33.323  8.830  26.611 0.0000000000
30942  -49.763  14.824  21.888 0.0000000000
30947  -53.617  16.833  18.589 0.0000000000
33331  -43.065  9.239  19.756 0.0000000000
33333  -42.037  10.427  21.938 0.0000000000
33334  -43.406  10.602  21.476 0.0000000000
36150  -39.911  8.176  21.737 0.0000000000
36151  -38.948  6.512  21.808 0.0000000000
36159  -35.484  8.276  24.074 0.0000000000
36168  -35.297  17.971  24.018 0.0000000000
36169  -34.536  16.706  25.259 0.0000000000
36170  -34.879  17.978  24.859 0.0000000000
37830  -46.012  10.485  17.010 0.0000000000
37899  -44.588  21.620  19.327 0.0000000000
37902  -46.756  23.862  17.554 0.0000000000
37906  -51.779  22.558  17.045 0.0000000000
42073  -43.917  20.099  19.664 0.0000000000
43290  -48.415  13.318  21.347 0.0000000000
43291  -48.416  13.282  20.604 0.0000000000
44467  -35.791  18.526  23.387 0.0000000000
44469  -36.045  18.934  23.080 0.0000000000
49767  -33.951  7.647  25.592 0.0000000000
51214  -49.035  24.243  15.903 0.0000000000
51215  -49.700  24.345  15.636 0.0000000000
51217  -50.330  24.453  15.203 0.0000000000
55290  -52.983  19.091  19.169 0.0000000000
55291  -53.372  18.662  19.244 0.0000000000
57093  -43.733  18.689  19.817 0.0000000000
57094  -43.407  18.247  19.922 0.0000000000
57095  -44.215  18.180  19.924 0.0000000000
59363  -36.835  6.537  23.252 0.0000000000
59365  -33.238  9.561  26.980 0.0000000000
59367  -33.313  10.450  26.881 0.0000000000
59368  -33.566  12.747  26.976 0.0000000000
59373  -33.934  14.437  26.202 0.0000000000
59374  -33.892  14.294  26.652 0.0000000000
60753  -48.300  13.237  19.041 0.0000000000
60755  -48.220  13.099  18.219 0.0000000000
60756  -48.121  12.818  17.364 0.0000000000
64285  -37.024  17.942  22.346 0.0000000000
64286  -37.270  17.370  22.269 0.0000000000
67950  -50.314  15.343  21.887 0.0000000000
67952  -50.935  15.551  21.246 0.0000000000
67953  -52.490  16.078  19.707 0.0000000000
67960  -53.830  17.234  18.376 0.0000000000
73333  -43.437  9.721  19.951 0.0000000000
73334  -43.239  9.936  20.590 0.0000000000
73335  -41.038  10.913  22.532 0.0000000000
73337  -41.733  10.898  22.356 0.0000000000
80155  -38.618  5.735  21.981 0.0000000000
80157  -38.521  6.359  22.090 0.0000000000
80177  -35.145  8.198  24.339 0.0000000000
80200  -34.295  15.921  25.956 0.0000000000
80202  -34.436  16.654  25.754 0.0000000000
84520  -46.835  24.124  16.879 0.0000000000
84528  -51.468  23.529  16.290 0.0000000000
84529  -51.286  23.069  16.864 0.0000000000
84531  -52.449  22.556  16.781 0.0000000000
94161  -43.252  19.190  19.836 0.0000000000
94166  -44.880  20.497  19.311 0.0000000000
96357  -48.357  13.266  19.834 0.0000000000
98477  -36.828  18.539  22.422 0.0000000000
100678  -52.855  16.439  19.517 0.0000000000
103915  -39.240  15.819  21.882 0.0000000000
103917  -40.381  16.018  21.581 0.0000000000
103918  -41.149  15.867  21.519 0.0000000000
108011  -34.540  7.954  24.921 0.0000000000
110503  -43.953  8.853  18.154 0.0000000000
110505  -44.743  9.671  17.785 0.0000000000
110509  -47.403  11.354  16.223 0.0000000000
110613  -45.261  23.180  18.566 0.0000000000
110614  -45.959  23.288  18.373 0.0000000000
110615  -47.625  24.298  15.731 0.0000000000
110623  -51.553  23.928  15.627 0.0000000000
117346  -53.921  18.199  18.487 0.0000000000
119851  -39.807  9.912  22.464 0.0000000000
119853  -40.062  10.433  22.582 0.0000000000
119854  -40.338  10.984  22.693 0.0000000000
119855  -40.663  11.541  22.837 0.0000000000
119865  -41.910  17.610  20.528 0.0000000000
119868  -43.068  17.819  20.192 0.0000000000
123039  -38.249  5.604  22.259 0.0000000000
123041  -37.875  5.485  22.590 0.0000000000
123045  -36.321  7.762  23.560 0.0000000000
123046  -33.499  8.122  26.257 0.0000000000
123051  -33.427  11.294  26.754 0.0000000000
123058  -34.022  14.553  25.764 0.0000000000
123059  -34.122  15.204  26.088 0.0000000000
124995  -48.055  12.440  16.550 0.0000000000
129812  -37.889  16.158  22.180 0.0000000000
129814  -37.552  16.773  22.229 0.0000000000
134459  -51.494  15.684  20.593 0.0000000000
134467  -53.358  16.431  18.841 0.0000000000
141149  -43.260  8.963  19.184 0.0000000000
141157  -42.709  10.503  21.736 0.0000000000
141159  -43.640  10.329  20.826 0.0000000000
141174  -39.623  15.319  22.081 0.0000000000
141180  -41.142  16.840  21.026 0.0000000000
141197  -48.726  13.956  22.224 0.0000000000
141198  -49.150  14.464  22.352 0.0000000000
141221  -52.792  20.039  18.495 0.0000000000
141222  -52.984  20.521  18.056 0.0000000000
141223  -53.188  20.993  17.586 0.0000000000
141224  -53.372  21.414  17.108 0.0000000000
149424  -39.994  8.758  21.918 0.0000000000
149427  -39.379  6.669  21.572 0.0000000000
149430  -39.378  7.334  21.778 0.0000000000
149431  -39.452  7.982  21.977 0.0000000000
149450  -35.944  7.676  23.781 0.0000000000
149478  -35.528  18.557  23.781 0.0000000000
149483  -34.689  17.358  25.073 0.0000000000
149485  -35.028  17.981  24.437 0.0000000000
154452  -45.479  10.726  18.097 0.0000000000
154453  -45.547  10.346  17.445 0.0000000000
154455  -46.518  10.646  16.542 0.0000000000
154660  -44.374  21.067  19.443 0.0000000000
154662  -44.831  22.154  19.205 0.0000000000
154670  -46.628  23.432  18.156 0.0000000000
154684  -52.927  21.983  16.961 0.0000000000
120  -53.786  21.350  16.670 0.0000000000
742  -35.792  19.130  23.472 0.0000000000
2219  -49.653  24.560  14.858 0.0000000000
4430  -33.195  10.262  27.269 0.0000000000
4433  -34.388  16.570  26.228 0.0000000000
4892  -48.662  13.541  18.457 0.0000000000
5946  -37.295  18.303  22.146 0.0000000000
6680  -52.938  16.081  18.884 0.0000000000
7632  -42.650  9.771  20.955 0.0000000000
8632  -39.786  6.875  21.370 0.0000000000
9221  -52.118  23.560  15.938 0.0000000000
10750  -53.496  20.542  17.702 0.0000000000
11351  -42.903  18.744  19.932 0.0000000000
12572  -48.825  13.687  20.124 0.0000000000
20492  -45.328  23.636  18.037 0.0000000000
25034  -40.699  10.411  22.358 0.0000000000
26400  -39.146  5.296  21.615 0.0000000000
26401  -38.415  4.988  22.240 0.0000000000
26410  -34.080  15.042  26.538 0.0000000000
27238  -48.387  12.994  16.764 0.0000000000
29233  -37.858  17.150  21.994 0.0000000000
30944  -50.953  15.342  20.573 0.0000000000
37907  -53.043  22.484  16.438 0.0000000000
41470  -53.661  20.952  17.197 0.0000000000
42071  -42.785  19.667  19.924 0.0000000000
42072  -43.122  20.143  19.903 0.0000000000
42074  -43.427  20.562  19.811 0.0000000000
43292  -48.913  13.721  20.859 0.0000000000
47482  -40.495  8.901  21.722 0.0000000000
47484  -40.742  9.429  21.832 0.0000000000
47491  -39.959  16.609  21.398 0.0000000000
47492  -40.334  17.013  21.165 0.0000000000
49765  -33.994  6.831  25.693 0.0000000000
49766  -34.257  7.019  25.333 0.0000000000
51153  -48.039  12.003  15.819 0.0000000000
51154  -47.770  11.448  15.702 0.0000000000
51211  -44.673  23.533  18.292 0.0000000000
51213  -49.042  24.428  15.169 0.0000000000
55292  -53.490  19.165  18.689 0.0000000000
57091  -41.424  18.140  20.480 0.0000000000
57092  -41.734  18.486  20.267 0.0000000000
59361  -37.530  5.329  22.931 0.0000000000
59362  -37.006  5.824  23.227 0.0000000000
59364  -36.509  6.360  23.520 0.0000000000
60757  -48.529  13.327  17.605 0.0000000000
64287  -37.569  17.744  22.089 0.0000000000
67951  -50.406  15.133  21.280 0.0000000000
67954  -52.023  15.822  19.831 0.0000000000
67955  -52.499  15.799  18.958 0.0000000000
73331  -42.551  9.043  20.161 0.0000000000
73332  -42.868  9.490  20.367 0.0000000000
73336  -41.397  10.398  22.155 0.0000000000
80153  -40.289  7.753  21.314 0.0000000000
80154  -39.839  7.529  21.576 0.0000000000
80156  -39.014  5.897  21.686 0.0000000000
80173  -34.893  7.303  24.662 0.0000000000
80175  -35.220  7.456  24.370 0.0000000000
80176  -35.554  7.597  24.089 0.0000000000
80204  -34.768  17.971  25.333 0.0000000000
80205  -34.967  18.598  25.071 0.0000000000
80206  -35.082  18.615  24.576 0.0000000000
84330  -43.237  8.073  18.538 0.0000000000
84332  -43.694  8.288  18.062 0.0000000000
84333  -44.914  9.263  17.196 0.0000000000
84334  -44.653  8.684  17.124 0.0000000000
84341  -47.114  10.237  15.389 0.0000000000
84342  -46.614  10.161  15.872 0.0000000000
84511  -43.908  21.577  19.502 0.0000000000
84512  -44.129  22.091  19.367 0.0000000000
84518  -46.066  24.299  16.479 0.0000000000
84519  -46.093  24.079  17.234 0.0000000000
84530  -51.966  23.079  16.567 0.0000000000
84532  -52.595  23.048  16.243 0.0000000000
93078  -53.325  20.077  18.156 0.0000000000
93079  -53.639  19.635  18.178 0.0000000000
94160  -42.448  19.229  20.008 0.0000000000
95525  -33.302  11.150  27.165 0.0000000000
95526  -33.362  11.857  27.495 0.0000000000
95527  -33.521  12.622  27.421 0.0000000000
95528  -33.701  13.440  27.266 0.0000000000
95529  -33.893  14.153  27.123 0.0000000000
96358  -48.760  13.650  19.298 0.0000000000
100679  -54.107  17.609  17.412 0.0000000000
100680  -54.035  17.171  17.680 0.0000000000
103914  -38.872  16.377  21.765 0.0000000000
103916  -39.602  16.210  21.646 0.0000000000
107997  -39.815  6.230  21.172 0.0000000000
108010  -34.551  7.198  24.975 0.0000000000
108026  -34.522  17.294  26.032 0.0000000000
110506  -45.186  9.843  17.300 0.0000000000
110510  -47.474  10.868  15.540 0.0000000000
110611  -44.378  22.611  19.114 0.0000000000
110612  -44.601  23.069  18.792 0.0000000000
115631  -35.974  19.547  23.127 0.0000000000
117347  -53.889  19.173  18.161 0.0000000000
117348  -54.038  18.644  18.040 0.0000000000
117349  -54.105  18.112  17.772 0.0000000000
119852  -40.416  9.892  22.226 0.0000000000
119863  -40.711  17.397  20.937 0.0000000000
119864  -41.087  17.769  20.714 0.0000000000
119867  -42.564  18.318  20.060 0.0000000000
123038  -38.763  5.137  21.929 0.0000000000
123040  -38.071  4.830  22.583 0.0000000000
123060  -34.250  15.800  26.412 0.0000000000
123061  -34.065  14.890  26.995 0.0000000000
124996  -48.298  12.495  15.950 0.0000000000
125074  -45.957  24.455  15.702 0.0000000000
125077  -46.776  24.387  15.377 0.0000000000
125078  -47.580  24.452  14.989 0.0000000000
125079  -48.303  24.537  14.691 0.0000000000
129815  -38.178  16.534  21.952 0.0000000000
129819  -36.261  19.364  22.750 0.0000000000
129820  -36.654  19.175  22.444 0.0000000000
129821  -37.102  18.903  22.182 0.0000000000
132699  -33.758  6.682  26.065 0.0000000000
132708  -33.487  7.302  26.353 0.0000000000
132709  -33.270  7.978  26.672 0.0000000000
132710  -33.154  8.694  27.023 0.0000000000
132711  -33.108  9.399  27.365 0.0000000000
134454  -49.319  14.323  21.815 0.0000000000
134455  -49.328  14.221  21.058 0.0000000000
134456  -49.833  14.692  21.228 0.0000000000
134460  -51.494  15.505  19.805 0.0000000000
134468  -53.885  16.773  17.866 0.0000000000
134469  -53.646  16.385  18.001 0.0000000000
134470  -53.322  16.025  18.079 0.0000000000
141146  -42.992  8.415  19.055 0.0000000000
141148  -42.762  8.752  19.601 0.0000000000
141154  -41.659  9.967  21.718 0.0000000000
141155  -42.312  10.054  21.476 0.0000000000
141158  -42.995  10.194  21.197 0.0000000000
149423  -40.390  8.373  21.498 0.0000000000
149426  -39.411  6.066  21.419 0.0000000000
149449  -36.026  6.960  23.812 0.0000000000
149482  -34.558  17.362  25.544 0.0000000000
149486  -35.280  18.600  24.176 0.0000000000
149487  -35.515  19.191  23.889 0.0000000000
154446  -44.166  8.494  17.612 0.0000000000
154454  -45.656  9.882  16.834 0.0000000000
154456  -46.117  10.030  16.369 0.0000000000
154659  -43.639  21.073  19.711 0.0000000000
154669  -46.009  23.731  17.817 0.0000000000
154685  -53.447  21.918  16.570 0.0000000000
154757  -50.309  24.694  14.448 0.0000000000
154758  -50.956  24.529  14.833 0.0000000000
154759  -51.539  24.243  15.047 0.0000000000
154760  -52.109  23.868  15.283 0.0000000000
264  -42.681  20.607  20.009 0.0000000000
743  -39.940  17.577  21.122 0.0000000000
2211  -48.299  12.014  15.197 0.0000000000
3670  -41.311  18.964  20.368 0.0000000000
4429  -36.682  5.613  23.512 0.0000000000
8639  -35.123  19.212  25.285 0.0000000000
9195  -45.374  9.340  16.742 0.0000000000
9196  -47.134  9.726  14.755 0.0000000000
9218  -43.741  22.561  19.229 0.0000000000
10751  -54.011  19.606  17.650 0.0000000000
11350  -42.003  19.705  20.136 0.0000000000
12108  -37.778  4.629  22.982 0.0000000000
12110  -33.299  11.670  27.958 0.0000000000
12112  -33.699  13.289  27.732 0.0000000000
12113  -34.070  14.783  27.444 0.0000000000
14973  -54.078  17.572  16.682 0.0000000000
14974  -53.987  16.714  17.100 0.0000000000
16762  -40.853  8.590  21.253 0.0000000000
16763  -42.015  8.871  20.513 0.0000000000
16764  -41.353  9.518  21.532 0.0000000000
16770  -39.219  16.801  21.569 0.0000000000
19039  -39.849  5.623  21.075 0.0000000000
19045  -34.389  6.203  25.406 0.0000000000
19046  -34.996  6.506  24.771 0.0000000000
19056  -34.699  17.944  25.842 0.0000000000
20435  -47.789  10.945  14.998 0.0000000000
20490  -44.047  23.469  18.492 0.0000000000
23225  -36.169  19.986  22.756 0.0000000000
23961  -54.190  18.560  17.357 0.0000000000
25038  -40.608  18.321  20.690 0.0000000000
27271  -45.379  24.270  16.839 0.0000000000
27272  -45.129  24.572  15.365 0.0000000000
27273  -46.671  24.563  14.604 0.0000000000
27274  -48.188  24.792  13.936 0.0000000000
29235  -36.871  19.534  22.112 0.0000000000
30297  -33.889  5.879  26.157 0.0000000000
30300  -33.257  7.165  26.744 0.0000000000
30301  -33.001  8.559  27.459 0.0000000000
30943  -49.806  14.582  20.457 0.0000000000
30945  -51.997  15.573  19.030 0.0000000000
30948  -53.589  15.946  17.326 0.0000000000
33329  -43.054  7.492  18.476 0.0000000000
33330  -42.515  8.211  19.483 0.0000000000
36149  -40.641  7.356  20.867 0.0000000000
36158  -35.677  6.846  24.103 0.0000000000
36171  -35.321  19.228  24.308 0.0000000000
37827  -43.971  7.904  17.542 0.0000000000
37828  -44.920  8.153  16.564 0.0000000000
37831  -46.266  9.546  15.756 0.0000000000
37898  -43.209  21.581  19.668 0.0000000000
37931  -50.912  24.720  14.007 0.0000000000
37932  -52.094  24.175  14.585 0.0000000000
41471  -53.911  20.494  17.194 0.0000000000
41472  -54.034  20.867  16.664 0.0000000000
41474  -54.080  21.228  16.107 0.0000000000
42070  -42.337  20.127  20.082 0.0000000000
42831  -33.513  12.480  27.865 0.0000000000
47483  -41.089  9.048  21.364 0.0000000000
47490  -39.591  17.194  21.325 0.0000000000
51155  -48.069  11.524  15.135 0.0000000000
51210  -44.086  23.885  18.016 0.0000000000
51212  -44.741  23.910  17.790 0.0000000000
55294  -54.141  19.086  17.534 0.0000000000
57090  -40.948  18.644  20.517 0.0000000000
59358  -38.984  4.493  21.943 0.0000000000
59359  -38.678  4.325  22.289 0.0000000000
59360  -37.208  5.118  23.216 0.0000000000
59376  -34.251  15.635  27.292 0.0000000000
60816  -47.447  24.675  14.210 0.0000000000
64288  -38.203  17.549  21.831 0.0000000000
64289  -37.900  18.111  21.870 0.0000000000
64291  -36.448  19.825  22.387 0.0000000000
66573  -33.085  7.896  27.120 0.0000000000
67956  -52.414  15.502  18.122 0.0000000000
67957  -52.906  15.733  18.108 0.0000000000
67962  -53.829  16.313  17.227 0.0000000000
73330  -42.311  9.332  20.687 0.0000000000
80150  -40.205  6.475  20.904 0.0000000000
80152  -40.194  7.111  21.137 0.0000000000
80174  -35.355  6.675  24.399 0.0000000000
80203  -34.907  18.570  25.580 0.0000000000
80207  -35.194  19.251  24.776 0.0000000000
84331  -43.524  7.695  17.993 0.0000000000
84335  -45.123  8.772  16.669 0.0000000000
84343  -46.745  9.628  15.274 0.0000000000
84510  -43.499  22.037  19.457 0.0000000000
84594  -51.521  24.487  14.356 0.0000000000
93080  -53.791  20.097  17.719 0.0000000000
94158  -41.686  19.309  20.249 0.0000000000
94159  -42.085  18.821  20.080 0.0000000000
95520  -38.357  4.190  22.707 0.0000000000
95524  -33.196  10.965  27.611 0.0000000000
95530  -33.895  14.043  27.576 0.0000000000
100681  -54.060  17.143  16.945 0.0000000000
103904  -42.000  9.629  21.209 0.0000000000
107996  -40.236  5.837  20.778 0.0000000000
108009  -34.685  6.377  25.074 0.0000000000
108025  -34.548  17.219  26.518 0.0000000000
108027  -34.689  17.908  26.328 0.0000000000
110511  -47.468  10.340  14.876 0.0000000000
110610  -43.909  23.023  18.904 0.0000000000
115630  -35.780  19.762  23.518 0.0000000000
115632  -35.941  20.211  23.130 0.0000000000
117350  -54.170  18.043  17.091 0.0000000000
119862  -40.288  17.939  20.931 0.0000000000
123036  -39.661  4.858  21.306 0.0000000000
123037  -39.311  4.679  21.614 0.0000000000
123062  -34.243  15.724  26.842 0.0000000000
123063  -34.407  16.478  26.707 0.0000000000
125073  -45.241  24.462  16.105 0.0000000000
125076  -45.912  24.519  15.006 0.0000000000
125080  -48.936  24.654  14.419 0.0000000000
129816  -38.513  16.963  21.763 0.0000000000
129823  -37.357  19.261  21.886 0.0000000000
129824  -37.612  18.674  21.887 0.0000000000
132698  -34.117  6.041  25.747 0.0000000000
132707  -33.538  6.485  26.463 0.0000000000
132713  -32.982  9.253  27.796 0.0000000000
132714  -33.096  10.099  27.705 0.0000000000
134457  -50.389  14.998  20.594 0.0000000000
134458  -50.928  15.190  19.784 0.0000000000
134461  -51.407  15.281  18.986 0.0000000000
134471  -53.217  15.631  17.267 0.0000000000
141145  -42.783  7.854  18.941 0.0000000000
141147  -42.269  8.554  20.011 0.0000000000
141153  -41.032  9.928  21.973 0.0000000000
149422  -40.745  7.988  21.064 0.0000000000
149425  -39.488  5.454  21.350 0.0000000000
149448  -36.181  6.219  23.802 0.0000000000
149488  -35.560  19.812  23.969 0.0000000000
154447  -44.440  8.073  17.094 0.0000000000
154457  -45.810  9.409  16.225 0.0000000000
154470  -49.293  14.155  20.298 0.0000000000
154471  -49.236  14.098  19.512 0.0000000000
154472  -49.128  14.013  18.677 0.0000000000
154475  -48.970  13.831  17.788 0.0000000000
154476  -48.804  13.500  16.961 0.0000000000
154477  -48.674  13.033  16.114 0.0000000000
154478  -48.593  12.512  15.298 0.0000000000
154658  -42.947  21.087  19.850 0.0000000000
154668  -45.410  23.989  17.502 0.0000000000
154748  -49.547  24.799  14.003 0.0000000000
154756  -50.202  24.895  13.603 0.0000000000
154762  -52.638  23.769  14.827 0.0000000000
154763  -52.629  23.418  15.539 0.0000000000
154764  -53.083  22.919  15.762 0.0000000000
154765  -53.497  22.422  15.963 0.0000000000
154766  -53.815  21.843  16.030 0.0000000000
2019  -40.212  4.439  21.026 0.0000000000
2218  -44.082  24.260  17.490 0.0000000000
4427  -39.008  3.766  22.437 0.0000000000
6679  -50.810  14.974  18.908 0.0000000000
10752  -54.193  20.402  16.604 0.0000000000
10754  -54.222  21.077  15.497 0.0000000000
19038  -40.632  6.066  20.476 0.0000000000
19055  -34.779  17.817  26.819 0.0000000000
23224  -35.795  20.370  23.594 0.0000000000
26399  -39.596  4.062  21.666 0.0000000000
26411  -34.457  16.410  27.178 0.0000000000
29234  -38.558  17.934  21.618 0.0000000000
29236  -37.890  19.026  21.617 0.0000000000
30302  -33.011  9.977  28.167 0.0000000000
30946  -52.781  15.385  17.262 0.0000000000
37836  -49.638  14.373  18.801 0.0000000000
37837  -49.314  13.914  17.068 0.0000000000
37838  -49.009  13.014  15.377 0.0000000000
37928  -49.463  25.048  13.198 0.0000000000
37933  -53.079  23.284  15.044 0.0000000000
37934  -53.805  22.264  15.347 0.0000000000
41473  -54.235  20.741  16.074 0.0000000000
42830  -33.518  12.320  28.331 0.0000000000
42832  -33.733  13.110  28.174 0.0000000000
42833  -33.925  13.899  28.006 0.0000000000
45693  -53.919  17.510  15.984 0.0000000000
45694  -53.946  17.087  16.184 0.0000000000
49758  -40.334  5.234  20.697 0.0000000000
49759  -39.987  5.027  21.008 0.0000000000
49776  -34.936  18.480  26.610 0.0000000000
51156  -48.088  11.021  14.394 0.0000000000
51157  -48.329  11.536  14.468 0.0000000000
51208  -43.448  24.248  17.759 0.0000000000
51209  -43.436  23.841  18.192 0.0000000000
54068  -35.935  20.764  23.241 0.0000000000
55293  -54.209  19.482  17.037 0.0000000000
55295  -54.238  18.999  16.875 0.0000000000
55296  -54.210  18.493  16.653 0.0000000000
59357  -39.308  3.898  22.021 0.0000000000
59375  -34.318  15.498  27.770 0.0000000000
59377  -34.531  16.263  27.682 0.0000000000
60811  -44.420  24.630  15.788 0.0000000000
60812  -44.306  24.754  15.067 0.0000000000
60814  -45.792  24.753  14.193 0.0000000000
60815  -46.546  24.852  13.783 0.0000000000
60817  -47.317  24.955  13.420 0.0000000000
64290  -36.372  20.353  22.423 0.0000000000
64292  -36.676  20.148  22.094 0.0000000000
64294  -37.599  19.600  21.596 0.0000000000
66563  -34.328  5.235  25.875 0.0000000000
66564  -34.105  5.085  26.282 0.0000000000
66571  -33.357  6.346  26.890 0.0000000000
66572  -33.116  7.058  27.217 0.0000000000
66574  -32.982  7.746  27.575 0.0000000000
66576  -32.904  9.115  28.264 0.0000000000
67961  -53.882  16.241  16.406 0.0000000000
67963  -53.700  15.867  16.468 0.0000000000
67964  -53.462  15.504  16.418 0.0000000000
73328  -42.300  7.658  19.397 0.0000000000
73329  -42.025  8.064  19.907 0.0000000000
80151  -40.624  6.736  20.632 0.0000000000
80208  -35.436  19.839  24.449 0.0000000000
80209  -35.376  19.838  24.947 0.0000000000
84336  -45.359  8.247  16.091 0.0000000000
84337  -45.570  8.852  16.170 0.0000000000
84344  -46.422  9.048  15.155 0.0000000000
84345  -46.815  9.154  14.652 0.0000000000
84347  -47.118  9.255  14.076 0.0000000000
84353  -50.340  14.889  19.761 0.0000000000
84354  -49.783  14.523  19.649 0.0000000000
84359  -49.128  13.539  16.169 0.0000000000
84506  -43.233  22.990  19.048 0.0000000000
84508  -43.054  22.523  19.352 0.0000000000
84509  -42.773  22.078  19.595 0.0000000000
84592  -50.833  24.933  13.142 0.0000000000
84593  -51.455  24.675  13.502 0.0000000000
84595  -52.055  24.404  13.818 0.0000000000
84597  -53.069  23.616  14.300 0.0000000000
84599  -53.494  22.790  15.234 0.0000000000
93081  -54.099  20.008  17.131 0.0000000000
95519  -38.727  3.604  22.825 0.0000000000
95521  -38.074  4.020  23.058 0.0000000000
95522  -37.473  4.461  23.295 0.0000000000
95523  -36.907  4.943  23.561 0.0000000000
95531  -34.151  14.687  27.882 0.0000000000
100682  -53.943  16.641  16.309 0.0000000000
103900  -41.222  8.224  20.799 0.0000000000
103901  -41.766  8.382  20.371 0.0000000000
103902  -41.440  8.699  20.867 0.0000000000
103903  -41.721  9.171  21.006 0.0000000000
107995  -40.704  5.449  20.401 0.0000000000
108007  -34.871  5.593  25.119 0.0000000000
108008  -35.157  5.761  24.795 0.0000000000
108028  -34.877  18.539  26.096 0.0000000000
108029  -35.124  19.156  25.804 0.0000000000
108030  -35.362  19.759  25.466 0.0000000000
110512  -47.401  9.825  14.131 0.0000000000
110513  -47.779  10.451  14.267 0.0000000000
110516  -51.264  15.032  18.113 0.0000000000
110609  -43.360  23.424  18.651 0.0000000000
115633  -36.117  20.583  22.803 0.0000000000
117351  -54.097  18.002  16.374 0.0000000000
123035  -39.890  4.253  21.355 0.0000000000
123064  -34.637  17.159  26.999 0.0000000000
125071  -44.725  24.256  17.205 0.0000000000
125072  -44.568  24.489  16.498 0.0000000000
125075  -45.043  24.717  14.646 0.0000000000
129817  -38.872  17.371  21.576 0.0000000000
129818  -39.230  17.774  21.339 0.0000000000
129822  -37.097  19.863  21.808 0.0000000000
129825  -38.215  18.470  21.624 0.0000000000
129827  -39.559  18.124  21.160 0.0000000000
129828  -39.894  18.450  20.958 0.0000000000
129829  -40.204  18.790  20.748 0.0000000000
129830  -40.551  19.110  20.595 0.0000000000
129833  -40.894  19.455  20.460 0.0000000000
129834  -41.221  19.798  20.337 0.0000000000
129835  -41.564  20.176  20.249 0.0000000000
129836  -41.929  20.581  20.132 0.0000000000
132697  -34.587  5.390  25.489 0.0000000000
132706  -33.701  5.695  26.575 0.0000000000
132712  -32.908  8.435  27.910 0.0000000000
132715  -33.142  10.812  28.073 0.0000000000
132716  -33.299  11.521  28.424 0.0000000000
134462  -51.861  15.299  18.174 0.0000000000
134463  -52.266  15.186  17.262 0.0000000000
134472  -53.067  15.244  16.421 0.0000000000
141143  -42.970  6.915  18.475 0.0000000000
141144  -42.628  7.289  18.919 0.0000000000
149420  -41.055  7.008  20.413 0.0000000000
149421  -41.107  7.618  20.593 0.0000000000
149445  -36.372  5.463  23.831 0.0000000000
149446  -35.482  5.947  24.435 0.0000000000
149447  -35.851  6.135  24.092 0.0000000000
149489  -35.676  20.413  24.087 0.0000000000
154443  -43.428  7.094  17.981 0.0000000000
154444  -43.846  7.301  17.484 0.0000000000
154445  -44.308  7.463  17.044 0.0000000000
154448  -44.762  7.565  16.529 0.0000000000
154449  -45.202  7.629  16.047 0.0000000000
154458  -45.997  8.973  15.663 0.0000000000
154474  -49.479  14.176  17.934 0.0000000000
154486  -48.892  12.515  14.632 0.0000000000
154487  -48.549  12.037  14.542 0.0000000000
154631  -42.250  21.106  19.964 0.0000000000
154657  -42.510  21.598  19.794 0.0000000000
154746  -48.046  25.091  13.125 0.0000000000
154747  -48.838  24.938  13.587 0.0000000000
154755  -50.112  25.107  12.847 0.0000000000
154761  -52.600  24.053  14.072 0.0000000000
154767  -54.036  21.686  15.441 0.0000000000
