#!ascii label /projectnb/somerslab/tom/projects/spacetime_network/data/ROIs/probabilistic_FO_lh_thresh5.label , from subject  vox2ras=TkReg
1449
266  -44.462  34.844  5.623 5.0000000000
527  -41.907  25.179  6.805 5.0000000000
1162  -44.924  28.039  3.224 5.0000000000
1164  -42.513  29.755  0.776 5.0000000000
1166  -41.587  33.418  -6.513 5.0000000000
1634  -47.340  32.623  -3.797 6.0000000000
2229  -41.812  32.229  -2.215 6.0000000000
2230  -36.263  32.640  0.417 5.0000000000
3078  -50.545  31.264  -0.510 5.0000000000
3079  -51.244  30.596  1.994 5.0000000000
3084  -45.591  29.898  -0.398 5.0000000000
4935  -46.833  33.510  -5.356 5.0000000000
4936  -44.436  32.223  -2.992 6.0000000000
4937  -44.241  33.269  -4.795 6.0000000000
4938  -38.828  33.030  -5.246 7.0000000000
4939  -38.904  33.364  -3.136 7.0000000000
4940  -35.863  33.194  -1.584 6.0000000000
4941  -33.237  32.424  1.997 5.0000000000
6692  -46.821  33.364  3.366 5.0000000000
6693  -47.226  33.259  6.674 5.0000000000
6694  -49.915  31.982  4.127 5.0000000000
6700  -43.334  26.791  5.208 5.0000000000
6704  -39.829  29.468  2.063 5.0000000000
6706  -44.155  33.761  -7.189 6.0000000000
7649  -47.058  35.086  0.863 5.0000000000
7652  -47.945  31.286  -2.493 5.0000000000
9249  -44.737  30.841  -1.665 6.0000000000
9250  -41.933  30.606  -0.642 6.0000000000
9251  -39.346  30.872  0.562 6.0000000000
9252  -41.670  33.406  -4.153 7.0000000000
9253  -39.143  32.504  -1.081 6.0000000000
9254  -36.600  31.178  2.080 5.0000000000
10759  -50.526  30.154  0.081 5.0000000000
10762  -47.931  29.361  -0.175 5.0000000000
10763  -46.209  29.382  0.264 5.0000000000
10764  -47.294  29.887  -0.926 5.0000000000
12595  -44.117  34.308  6.849 5.0000000000
12609  -40.546  24.844  7.311 5.0000000000
12610  -37.545  28.908  3.934 5.0000000000
12611  -36.664  28.289  5.144 5.0000000000
12616  -45.521  33.374  -5.015 5.0000000000
12617  -45.476  33.643  -6.073 5.0000000000
12618  -37.313  32.797  -4.421 6.0000000000
12619  -37.352  33.209  -3.486 7.0000000000
12620  -35.769  33.042  -2.591 5.0000000000
14993  -48.215  32.925  2.276 6.0000000000
14994  -48.343  32.680  3.883 6.0000000000
14995  -49.675  32.087  2.746 5.0000000000
15003  -46.510  27.999  2.910 5.0000000000
15007  -44.048  27.442  4.245 5.0000000000
15009  -43.395  27.972  3.619 5.0000000000
15014  -41.196  29.617  1.378 5.0000000000
16801  -45.654  35.362  1.880 5.0000000000
16802  -45.916  36.557  1.058 5.0000000000
20565  -47.593  31.984  -3.096 5.0000000000
20566  -46.338  31.034  -2.158 5.0000000000
20567  -45.985  31.710  -2.693 6.0000000000
20568  -43.110  32.233  -2.671 6.0000000000
20569  -43.136  31.396  -1.908 6.0000000000
20570  -41.896  31.395  -1.434 6.0000000000
20571  -40.643  30.682  -0.035 6.0000000000
20572  -40.615  31.550  -0.886 6.0000000000
20573  -42.791  33.662  -6.893 5.0000000000
20574  -42.818  33.628  -5.669 7.0000000000
20575  -41.627  33.593  -5.301 7.0000000000
20576  -37.580  33.062  -1.371 6.0000000000
20577  -39.032  33.072  -2.061 7.0000000000
20578  -37.699  32.619  -0.356 6.0000000000
20579  -37.932  31.881  0.533 6.0000000000
20580  -36.481  32.022  1.253 5.0000000000
20582  -35.010  31.980  2.064 5.0000000000
23979  -47.538  28.498  1.858 5.0000000000
23980  -45.789  28.532  2.092 6.0000000000
23981  -44.297  28.560  2.558 6.0000000000
23983  -44.603  29.428  0.794 5.0000000000
23984  -43.979  29.841  0.181 5.0000000000
27315  -47.131  33.116  -4.509 5.0000000000
27316  -45.888  32.321  -3.377 6.0000000000
27317  -45.659  32.959  -4.111 5.0000000000
27318  -44.347  32.852  -3.804 6.0000000000
27319  -43.049  32.827  -3.510 6.0000000000
27320  -40.279  33.222  -6.008 7.0000000000
27321  -40.272  33.501  -4.858 8.0000000000
27322  -38.808  33.368  -4.224 7.0000000000
27323  -37.396  33.273  -2.391 6.0000000000
27324  -36.060  33.041  -0.552 5.0000000000
27325  -34.769  32.569  1.228 5.0000000000
27326  -34.529  32.964  0.248 5.0000000000
30974  -45.584  34.136  4.588 5.0000000000
30975  -45.729  34.001  6.233 5.0000000000
30976  -47.012  33.280  5.026 5.0000000000
30979  -50.861  31.322  3.018 5.0000000000
30993  -44.162  26.141  5.730 6.0000000000
30999  -42.809  28.465  3.087 5.0000000000
31004  -38.498  29.453  2.708 5.0000000000
31006  -45.428  33.832  -7.281 5.0000000000
31008  -44.292  33.737  -8.460 5.0000000000
31009  -42.942  33.424  -8.152 5.0000000000
31011  -43.121  33.119  -9.205 5.0000000000
31012  -41.611  32.937  -7.633 5.0000000000
31014  -38.860  32.303  -6.132 5.0000000000
33377  -45.513  34.485  2.994 5.0000000000
33378  -46.856  33.968  1.868 6.0000000000
33384  -50.294  31.706  -1.609 5.0000000000
33386  -48.343  30.707  -1.913 5.0000000000
33387  -49.195  31.706  -2.589 5.0000000000
33388  -48.861  32.376  -3.214 5.0000000000
33389  -48.548  32.992  -3.872 5.0000000000
33392  -48.286  33.474  -4.630 5.0000000000
37917  -45.599  33.573  7.504 5.0000000000
37989  -46.759  30.469  -1.599 5.0000000000
37990  -45.129  30.392  -1.076 5.0000000000
37991  -43.550  30.214  -0.516 5.0000000000
37992  -44.512  31.451  -2.316 6.0000000000
37993  -43.272  30.634  -1.184 6.0000000000
37994  -42.173  30.104  0.100 5.0000000000
37995  -40.800  29.989  0.723 5.0000000000
37996  -39.501  30.037  1.394 5.0000000000
37997  -38.181  30.165  2.026 5.0000000000
37998  -44.153  33.607  -5.887 7.0000000000
37999  -42.965  33.301  -4.550 7.0000000000
38000  -41.768  32.934  -3.201 7.0000000000
38001  -40.346  33.398  -3.709 7.0000000000
38002  -40.405  33.036  -2.650 7.0000000000
38003  -40.525  32.391  -1.742 6.0000000000
38004  -39.227  31.739  -0.194 6.0000000000
38005  -38.006  31.033  1.274 6.0000000000
38006  -36.752  30.298  2.785 5.0000000000
41483  -47.600  29.607  -0.543 5.0000000000
41484  -48.097  29.955  -1.099 5.0000000000
43313  -43.709  34.988  5.953 5.0000000000
43314  -43.468  34.690  6.494 5.0000000000
43315  -44.385  34.625  6.316 5.0000000000
43323  -42.659  25.276  6.662 5.0000000000
43329  -41.222  24.997  7.038 5.0000000000
43337  -46.077  33.840  -6.731 5.0000000000
43338  -36.510  32.711  -3.945 5.0000000000
43339  -36.534  32.946  -3.495 5.0000000000
43340  -35.669  32.870  -2.988 5.0000000000
43342  -34.892  32.766  -2.546 5.0000000000
45714  -48.976  32.509  2.564 5.0000000000
45723  -45.700  28.000  3.068 5.0000000000
45725  -45.256  27.727  3.643 5.0000000000
45727  -44.454  27.740  3.717 5.0000000000
45728  -43.713  27.704  3.905 5.0000000000
45729  -44.142  28.011  3.414 5.0000000000
45730  -42.801  29.568  1.072 5.0000000000
45734  -41.837  29.693  1.081 5.0000000000
51285  -47.421  32.301  -3.413 6.0000000000
51286  -46.772  31.844  -2.910 6.0000000000
51287  -46.710  32.199  -3.238 6.0000000000
51288  -42.479  32.218  -2.445 6.0000000000
51289  -42.486  31.817  -2.054 6.0000000000
51290  -41.825  31.780  -1.804 6.0000000000
51291  -41.261  31.431  -1.164 6.0000000000
51292  -41.204  31.877  -1.557 6.0000000000
51293  -42.188  33.531  -6.728 5.0000000000
51294  -42.185  33.623  -6.121 6.0000000000
51295  -41.597  33.549  -5.932 7.0000000000
51296  -36.903  32.885  -0.472 5.0000000000
51297  -37.616  32.878  -0.832 5.0000000000
51298  -36.993  32.639  0.023 5.0000000000
51299  -37.145  32.353  0.430 5.0000000000
51300  -36.387  32.348  0.859 5.0000000000
51301  -35.736  32.013  1.685 5.0000000000
51302  -35.658  32.336  1.248 5.0000000000
55315  -50.655  31.075  0.072 5.0000000000
55323  -47.747  28.877  0.819 6.0000000000
55324  -48.066  28.686  1.298 5.0000000000
55325  -47.235  28.693  1.348 6.0000000000
55326  -46.673  28.505  1.943 5.0000000000
55327  -46.305  28.756  1.499 6.0000000000
55328  -45.494  28.796  1.765 6.0000000000
55330  -45.885  29.622  -0.071 5.0000000000
55331  -45.371  29.405  0.524 5.0000000000
55332  -45.059  29.627  0.209 5.0000000000
55333  -44.322  29.654  0.477 5.0000000000
55334  -44.782  29.894  -0.105 5.0000000000
60885  -47.011  33.346  -4.916 5.0000000000
60886  -46.384  33.020  -4.320 5.0000000000
60887  -46.280  33.256  -4.736 5.0000000000
60888  -44.871  33.319  -4.868 5.0000000000
60889  -44.917  33.138  -4.381 5.0000000000
60890  -44.321  33.072  -4.245 5.0000000000
60891  -43.738  32.834  -3.667 6.0000000000
60892  -43.641  33.059  -4.140 7.0000000000
60893  -39.569  33.124  -5.649 6.0000000000
60894  -39.583  33.329  -5.140 8.0000000000
60895  -38.817  33.235  -4.756 7.0000000000
60896  -36.616  33.229  -2.534 6.0000000000
60897  -37.343  33.292  -2.933 6.0000000000
60898  -36.625  33.230  -1.967 6.0000000000
60899  -36.724  33.173  -1.460 6.0000000000
60900  -35.961  33.148  -1.070 5.0000000000
60901  -35.297  33.004  -0.164 5.0000000000
60902  -35.197  33.129  -0.724 5.0000000000
68018  -46.194  33.693  3.975 5.0000000000
68019  -46.267  33.688  4.822 5.0000000000
68020  -46.832  33.280  4.216 5.0000000000
68021  -49.173  32.312  4.044 5.0000000000
68022  -48.473  32.639  4.622 5.0000000000
68027  -50.696  31.424  2.356 5.0000000000
68028  -51.111  30.978  2.475 5.0000000000
68058  -44.112  26.795  5.061 5.0000000000
68060  -43.743  26.440  5.437 5.0000000000
68061  -43.361  26.067  5.845 5.0000000000
68071  -43.541  28.526  2.828 5.0000000000
68082  -39.393  29.217  2.654 5.0000000000
68084  -39.150  29.470  2.404 5.0000000000
68091  -43.615  33.603  -8.337 5.0000000000
68092  -43.711  33.547  -8.930 5.0000000000
68099  -42.353  32.944  -8.433 5.0000000000
68104  -39.713  32.026  -6.916 5.0000000000
68105  -38.962  31.901  -6.488 5.0000000000
68106  -38.129  32.204  -5.699 5.0000000000
68107  -38.188  31.774  -5.983 5.0000000000
73441  -44.916  34.812  3.530 5.0000000000
73443  -46.363  35.211  1.394 6.0000000000
73444  -46.277  34.601  1.820 6.0000000000
73445  -46.978  34.491  1.317 6.0000000000
73446  -47.577  33.840  1.358 6.0000000000
73447  -47.704  34.354  0.804 5.0000000000
73459  -50.220  32.410  -1.749 5.0000000000
73467  -49.135  32.940  -3.506 5.0000000000
73468  -48.765  32.732  -3.599 5.0000000000
73469  -49.061  33.278  -3.845 5.0000000000
73476  -48.690  33.681  -4.564 5.0000000000
73477  -48.534  33.910  -4.990 5.0000000000
84556  -46.454  33.620  6.489 5.0000000000
84557  -45.667  33.813  6.958 5.0000000000
84558  -46.470  33.463  7.176 5.0000000000
84735  -48.136  30.997  -2.195 5.0000000000
84736  -47.557  30.532  -1.766 5.0000000000
84737  -47.350  30.831  -2.066 5.0000000000
84738  -45.529  30.929  -1.913 5.0000000000
84739  -45.749  30.687  -1.641 5.0000000000
84740  -44.931  30.601  -1.361 5.0000000000
84741  -44.306  30.306  -0.806 5.0000000000
84742  -44.130  30.497  -1.108 5.0000000000
84743  -45.130  32.273  -3.173 6.0000000000
84744  -45.190  31.910  -2.860 6.0000000000
84745  -44.475  31.847  -2.646 6.0000000000
84746  -42.529  30.984  -1.303 6.0000000000
84747  -43.173  30.979  -1.555 6.0000000000
84748  -42.606  30.625  -0.927 6.0000000000
84749  -42.731  30.334  -0.569 6.0000000000
84750  -42.027  30.306  -0.262 6.0000000000
84751  -41.466  30.029  0.412 5.0000000000
84752  -41.333  30.254  0.052 6.0000000000
84753  -39.998  30.770  0.253 6.0000000000
84754  -40.050  30.361  0.672 6.0000000000
84755  -39.385  30.414  0.998 6.0000000000
84756  -38.823  30.084  1.728 5.0000000000
84757  -38.742  30.515  1.319 6.0000000000
84758  -44.763  33.780  -7.220 6.0000000000
84759  -44.754  33.723  -6.571 6.0000000000
84760  -44.130  33.709  -6.522 7.0000000000
84761  -42.263  33.523  -4.942 7.0000000000
84762  -42.910  33.486  -5.103 7.0000000000
84763  -42.322  33.353  -4.389 7.0000000000
84764  -42.377  33.146  -3.877 7.0000000000
84765  -41.720  33.193  -3.667 7.0000000000
84766  -39.596  33.460  -4.015 7.0000000000
84767  -40.272  33.518  -4.257 7.0000000000
84768  -39.623  33.401  -3.426 7.0000000000
84769  -39.098  32.828  -1.565 6.0000000000
84770  -39.725  33.056  -2.370 7.0000000000
84771  -39.773  32.788  -1.876 6.0000000000
84772  -40.480  32.742  -2.200 6.0000000000
84773  -39.821  32.452  -1.416 6.0000000000
84774  -39.868  32.079  -0.973 6.0000000000
84775  -39.182  32.144  -0.631 6.0000000000
84776  -37.255  31.541  1.313 5.0000000000
84777  -37.974  31.465  0.914 6.0000000000
84778  -37.297  31.109  1.669 5.0000000000
84779  -37.343  30.667  2.042 5.0000000000
84780  -36.638  30.730  2.455 5.0000000000
84788  -33.998  32.505  1.630 5.0000000000
84789  -34.154  32.247  2.045 5.0000000000
93092  -50.440  30.917  -0.815 5.0000000000
93093  -50.597  30.700  -0.225 5.0000000000
93101  -46.525  29.161  0.603 5.0000000000
93102  -47.071  29.354  0.027 5.0000000000
93103  -46.762  29.592  -0.334 5.0000000000
93104  -46.438  29.884  -0.668 5.0000000000
96397  -42.572  34.644  6.700 5.0000000000
96398  -43.225  34.244  7.077 5.0000000000
96399  -43.900  33.888  7.379 5.0000000000
96426  -37.801  28.666  4.163 5.0000000000
96427  -37.350  28.364  4.761 5.0000000000
96428  -37.088  28.621  4.552 5.0000000000
96429  -36.393  28.554  4.950 5.0000000000
96435  -46.719  33.645  -5.814 5.0000000000
96436  -46.198  33.456  -5.186 5.0000000000
96437  -46.118  33.569  -5.657 5.0000000000
96438  -45.486  33.483  -5.511 5.0000000000
96439  -44.860  33.453  -5.436 6.0000000000
96440  -38.077  32.892  -4.862 6.0000000000
96441  -38.064  33.129  -4.383 7.0000000000
96442  -37.322  33.032  -3.962 6.0000000000
96443  -36.588  33.131  -3.045 5.0000000000
96444  -35.801  33.152  -2.090 5.0000000000
100715  -47.506  33.080  2.777 6.0000000000
100716  -47.530  32.991  3.628 6.0000000000
100717  -48.297  32.743  3.119 6.0000000000
100718  -49.066  32.357  3.316 5.0000000000
100719  -49.765  32.001  3.460 5.0000000000
100733  -47.347  28.029  2.813 5.0000000000
100741  -43.689  27.130  4.754 5.0000000000
100742  -42.968  27.029  4.931 5.0000000000
100743  -43.344  27.388  4.397 5.0000000000
100744  -43.020  27.650  4.088 5.0000000000
100745  -42.694  27.924  3.847 5.0000000000
100754  -40.508  29.536  1.727 5.0000000000
103969  -45.059  35.614  2.351 5.0000000000
103970  -45.143  36.145  1.960 5.0000000000
103971  -45.782  35.972  1.507 6.0000000000
103972  -46.459  35.815  1.033 5.0000000000
110638  -47.944  32.901  6.731 5.0000000000
110639  -47.189  33.103  7.308 5.0000000000
110745  -47.785  31.628  -2.793 5.0000000000
110746  -47.162  31.124  -2.365 5.0000000000
110747  -46.924  31.488  -2.609 5.0000000000
110748  -46.122  31.377  -2.403 6.0000000000
110749  -45.352  31.243  -2.193 6.0000000000
110750  -43.777  32.230  -2.864 6.0000000000
110751  -43.771  31.825  -2.460 6.0000000000
110752  -43.101  31.846  -2.280 6.0000000000
110753  -42.525  31.405  -1.688 6.0000000000
110754  -41.929  30.974  -1.064 6.0000000000
110755  -41.297  30.601  -0.337 6.0000000000
110756  -41.292  31.013  -0.772 6.0000000000
110757  -40.628  31.114  -0.465 6.0000000000
110758  -39.964  31.210  -0.148 6.0000000000
110759  -43.434  33.734  -7.043 5.0000000000
110760  -43.485  33.701  -6.446 6.0000000000
110761  -42.788  33.682  -6.286 6.0000000000
110762  -42.233  33.616  -5.511 7.0000000000
110763  -41.623  33.531  -4.717 7.0000000000
110764  -38.230  33.224  -2.253 7.0000000000
110765  -38.954  33.277  -2.587 7.0000000000
110766  -38.299  33.068  -1.720 7.0000000000
110767  -38.378  32.861  -1.222 6.0000000000
110768  -38.428  32.567  -0.730 6.0000000000
110769  -38.524  32.209  -0.283 6.0000000000
110770  -37.835  32.286  0.070 6.0000000000
110771  -37.216  31.975  0.865 5.0000000000
110772  -36.542  31.617  1.667 5.0000000000
110774  -35.821  31.634  2.061 5.0000000000
117379  -50.782  30.536  0.356 5.0000000000
117391  -47.872  28.347  2.360 5.0000000000
117392  -47.010  28.267  2.385 5.0000000000
117393  -46.146  28.270  2.491 5.0000000000
117394  -45.330  28.299  2.651 5.0000000000
117395  -44.591  28.299  2.884 5.0000000000
117396  -45.040  28.562  2.316 6.0000000000
117399  -45.682  29.203  0.862 5.0000000000
117400  -44.884  29.219  1.126 5.0000000000
117402  -43.868  29.428  1.065 5.0000000000
117403  -43.547  29.621  0.764 5.0000000000
117404  -43.239  29.804  0.467 5.0000000000
125175  -47.231  32.882  -4.160 5.0000000000
125176  -46.616  32.481  -3.592 6.0000000000
125177  -46.500  32.732  -3.951 5.0000000000
125178  -45.760  32.668  -3.722 5.0000000000
125179  -45.036  32.629  -3.520 6.0000000000
125180  -45.568  33.207  -4.534 5.0000000000
125181  -44.963  32.907  -3.941 5.0000000000
125182  -44.392  32.578  -3.401 6.0000000000
125183  -43.774  32.570  -3.270 6.0000000000
125184  -43.115  32.570  -3.081 6.0000000000
125185  -42.456  32.578  -2.881 6.0000000000
125186  -40.961  33.332  -6.285 6.0000000000
125187  -40.967  33.479  -5.710 6.0000000000
125188  -40.285  33.395  -5.458 8.0000000000
125189  -39.583  33.428  -4.595 8.0000000000
125190  -38.875  33.419  -3.714 6.0000000000
125191  -38.039  33.281  -3.843 7.0000000000
125192  -38.073  33.342  -3.309 6.0000000000
125193  -38.148  33.313  -2.778 6.0000000000
125194  -37.516  33.207  -1.905 6.0000000000
125195  -36.852  33.065  -1.001 5.0000000000
125196  -36.166  32.872  -0.076 5.0000000000
125197  -35.535  32.622  0.793 5.0000000000
125198  -35.392  32.851  0.336 5.0000000000
125199  -34.628  32.785  0.753 5.0000000000
125200  -33.854  32.719  1.150 5.0000000000
134540  -45.063  34.551  5.164 5.0000000000
134541  -45.087  34.413  5.939 5.0000000000
134542  -45.672  34.109  5.432 5.0000000000
134543  -46.379  33.706  5.698 5.0000000000
134544  -47.157  33.322  5.916 5.0000000000
134545  -47.636  32.962  4.431 5.0000000000
134546  -47.834  32.914  5.207 5.0000000000
134547  -47.909  32.980  6.023 5.0000000000
134552  -50.305  31.723  2.922 5.0000000000
134553  -50.419  31.661  3.580 5.0000000000
134554  -51.266  30.866  3.159 5.0000000000
134555  -51.012  31.271  3.695 5.0000000000
134556  -50.564  31.692  4.246 5.0000000000
134594  -43.783  25.750  6.115 6.0000000000
134595  -42.995  25.680  6.272 5.0000000000
134596  -42.232  25.603  6.422 5.0000000000
134597  -41.510  25.415  6.653 5.0000000000
134607  -43.835  28.278  3.125 5.0000000000
134608  -43.106  28.231  3.359 5.0000000000
134609  -42.352  28.155  3.590 5.0000000000
134620  -39.171  28.774  3.478 5.0000000000
134621  -38.483  28.732  3.801 5.0000000000
134622  -38.262  28.928  3.569 5.0000000000
134624  -37.808  29.446  3.034 5.0000000000
134626  -46.091  33.930  -7.346 5.0000000000
134627  -46.205  33.958  -7.982 5.0000000000
134628  -45.556  33.861  -7.945 5.0000000000
134629  -44.862  33.816  -7.885 5.0000000000
134632  -44.167  33.753  -7.812 5.0000000000
134633  -43.495  33.688  -7.681 5.0000000000
134634  -42.871  33.561  -7.530 5.0000000000
134635  -42.230  33.388  -7.332 5.0000000000
134640  -43.928  33.320  -9.924 5.0000000000
134641  -43.833  33.517  -9.489 5.0000000000
134642  -43.024  33.303  -8.741 5.0000000000
134643  -42.244  33.172  -7.940 5.0000000000
134644  -41.604  33.242  -7.094 5.0000000000
134645  -40.930  33.095  -6.833 5.0000000000
134646  -40.263  32.964  -6.493 6.0000000000
134647  -39.536  32.862  -6.098 6.0000000000
134649  -39.610  32.454  -6.531 5.0000000000
134650  -38.823  32.699  -5.707 6.0000000000
134651  -38.086  32.584  -5.333 6.0000000000
134652  -37.313  32.489  -4.851 6.0000000000
141280  -44.436  35.000  4.843 5.0000000000
141281  -44.937  34.617  4.323 5.0000000000
141282  -45.521  34.241  3.747 5.0000000000
141283  -46.177  33.859  3.162 5.0000000000
141284  -45.598  34.871  2.372 5.0000000000
141285  -46.200  34.168  2.434 5.0000000000
141286  -46.849  33.561  2.557 6.0000000000
141287  -47.507  33.400  2.025 6.0000000000
141291  -46.563  36.331  0.553 5.0000000000
141292  -47.133  35.633  0.499 5.0000000000
141295  -47.747  34.925  0.392 5.0000000000
141303  -50.321  32.067  -1.306 5.0000000000
141304  -50.427  31.457  -1.107 5.0000000000
141308  -48.561  30.404  -1.568 5.0000000000
141310  -48.845  31.203  -2.282 5.0000000000
141311  -48.626  31.486  -2.565 5.0000000000
141313  -49.013  32.010  -2.883 5.0000000000
141314  -48.470  31.811  -2.870 5.0000000000
141315  -48.336  32.181  -3.202 5.0000000000
141316  -48.113  32.485  -3.516 5.0000000000
141317  -47.967  32.763  -3.852 6.0000000000
141324  -48.856  33.468  -4.181 5.0000000000
141326  -47.870  33.041  -4.243 5.0000000000
141327  -47.788  33.280  -4.620 5.0000000000
141328  -47.610  33.487  -5.028 5.0000000000
141329  -47.413  33.639  -5.472 5.0000000000
154713  -45.033  34.191  6.651 5.0000000000
154714  -44.840  33.929  7.199 5.0000000000
154715  -44.683  33.563  7.676 5.0000000000
154716  -46.338  33.227  7.695 5.0000000000
154717  -45.427  33.272  7.904 5.0000000000
154929  -47.822  30.263  -1.466 5.0000000000
154930  -46.984  30.164  -1.300 5.0000000000
154931  -46.174  30.173  -1.039 5.0000000000
154932  -46.567  30.755  -1.919 5.0000000000
154933  -45.987  30.463  -1.404 5.0000000000
154934  -45.336  30.185  -0.765 5.0000000000
154935  -44.518  30.112  -0.472 5.0000000000
154936  -43.741  30.047  -0.177 5.0000000000
154937  -43.041  30.007  0.100 5.0000000000
154938  -45.935  32.039  -3.036 6.0000000000
154939  -45.249  31.578  -2.509 6.0000000000
154940  -44.598  31.128  -1.980 6.0000000000
154941  -43.807  31.411  -2.106 6.0000000000
154942  -43.854  31.011  -1.755 6.0000000000
154943  -43.971  30.721  -1.433 6.0000000000
154944  -43.401  30.395  -0.848 5.0000000000
154945  -42.873  30.170  -0.232 5.0000000000
154946  -42.332  29.939  0.427 5.0000000000
154947  -41.619  29.867  0.763 5.0000000000
154948  -40.967  29.782  1.074 5.0000000000
154949  -40.301  29.735  1.415 5.0000000000
154950  -40.705  30.299  0.364 6.0000000000
154951  -40.157  30.009  1.059 5.0000000000
154952  -39.647  29.712  1.757 5.0000000000
154953  -38.984  29.749  2.070 5.0000000000
154954  -38.318  29.756  2.384 5.0000000000
154955  -37.640  29.829  2.715 5.0000000000
154956  -45.431  33.795  -6.662 5.0000000000
154957  -44.837  33.600  -5.991 7.0000000000
154958  -44.210  33.437  -5.358 6.0000000000
154959  -43.488  33.616  -5.792 7.0000000000
154960  -43.558  33.468  -5.224 7.0000000000
154961  -43.584  33.270  -4.687 7.0000000000
154962  -42.987  33.071  -4.008 7.0000000000
154963  -42.400  32.857  -3.341 7.0000000000
154964  -41.809  32.624  -2.690 6.0000000000
154965  -40.957  33.563  -5.104 8.0000000000
154966  -40.942  33.537  -4.494 7.0000000000
154967  -41.002  33.407  -3.940 7.0000000000
154968  -39.688  33.248  -2.889 7.0000000000
154969  -40.395  33.237  -3.170 7.0000000000
154970  -41.036  33.235  -3.394 7.0000000000
154971  -41.094  32.982  -2.942 7.0000000000
154972  -41.156  32.673  -2.479 5.0000000000
154973  -41.157  32.292  -1.976 5.0000000000
154974  -40.571  31.991  -1.304 6.0000000000
154975  -39.930  31.645  -0.555 6.0000000000
154976  -39.303  31.309  0.178 6.0000000000
154977  -38.590  31.807  0.155 6.0000000000
154978  -38.664  31.388  0.550 6.0000000000
154979  -38.692  30.964  0.905 6.0000000000
154980  -38.068  30.593  1.657 6.0000000000
154981  -37.475  30.233  2.383 5.0000000000
154992  -34.935  32.305  1.629 5.0000000000
121  -48.826  30.095  -1.170 0.0000000000
268  -46.671  34.003  -7.398 0.0000000000
528  -37.101  29.501  3.406 0.0000000000
529  -35.682  32.605  -3.418 0.0000000000
3081  -48.238  28.215  2.820 0.0000000000
3082  -46.853  28.955  0.899 0.0000000000
4915  -43.672  33.514  7.827 0.0000000000
4930  -38.044  28.425  4.389 0.0000000000
6702  -41.980  27.824  4.089 0.0000000000
6707  -44.506  33.726  -9.634 0.0000000000
6709  -39.070  31.454  -6.762 0.0000000000
7648  -44.490  35.834  2.788 0.0000000000
7653  -49.291  33.463  -3.744 0.0000000000
7654  -48.570  34.340  -5.304 0.0000000000
10758  -50.094  30.594  -1.012 0.0000000000
10761  -48.546  28.925  0.805 0.0000000000
12593  -42.776  35.029  6.086 0.0000000000
12594  -42.321  34.177  7.282 0.0000000000
12603  -43.427  25.353  6.503 0.0000000000
12612  -36.119  28.875  4.712 0.0000000000
12615  -46.680  33.767  -6.290 0.0000000000
12622  -34.170  32.857  -1.716 0.0000000000
14997  -51.558  30.393  3.307 0.0000000000
15005  -45.595  27.475  4.052 0.0000000000
15006  -44.853  26.814  4.960 0.0000000000
15008  -42.634  27.290  4.605 0.0000000000
15010  -43.103  29.375  1.370 0.0000000000
15021  -40.562  31.819  -7.711 0.0000000000
16800  -44.739  36.907  1.986 0.0000000000
16806  -50.031  33.134  -1.827 0.0000000000
20506  -48.684  32.524  6.673 0.0000000000
20507  -47.035  32.858  7.816 0.0000000000
20581  -35.188  31.201  2.861 0.0000000000
23973  -50.562  31.580  1.655 0.0000000000
23974  -50.859  30.936  0.697 0.0000000000
23982  -45.197  29.023  1.440 0.0000000000
30977  -48.581  32.644  5.352 0.0000000000
30980  -51.121  31.261  4.334 0.0000000000
30994  -42.584  26.012  6.022 0.0000000000
30995  -41.167  25.674  6.484 0.0000000000
31002  -39.391  28.548  3.712 0.0000000000
31003  -38.957  28.974  3.232 0.0000000000
31005  -46.905  34.170  -8.656 0.0000000000
31007  -45.707  33.871  -8.616 0.0000000000
31010  -44.789  33.373  -10.527 0.0000000000
31013  -40.332  32.612  -6.943 0.0000000000
31015  -37.347  32.098  -5.197 0.0000000000
33376  -44.327  35.176  3.991 0.0000000000
33379  -48.254  33.727  0.877 0.0000000000
33380  -47.176  36.135  0.122 0.0000000000
33381  -48.450  34.720  -0.044 0.0000000000
33383  -50.147  32.468  -0.868 0.0000000000
33391  -48.992  33.898  -4.465 0.0000000000
33393  -47.914  33.872  -5.511 0.0000000000
37918  -45.213  32.973  8.266 0.0000000000
38010  -33.518  31.876  2.838 0.0000000000
41481  -48.800  29.427  -0.218 0.0000000000
41482  -48.404  29.690  -0.696 0.0000000000
43324  -43.050  24.924  6.872 0.0000000000
43325  -42.306  24.836  7.018 0.0000000000
43327  -41.597  24.733  7.205 0.0000000000
43328  -40.887  24.559  7.494 0.0000000000
43330  -37.306  29.161  3.677 0.0000000000
43331  -36.823  28.869  4.329 0.0000000000
43335  -46.656  33.876  -6.793 0.0000000000
43336  -46.105  33.671  -6.136 0.0000000000
43341  -34.975  32.979  -2.149 0.0000000000
43343  -34.088  32.673  -2.102 0.0000000000
43344  -34.884  32.506  -2.930 0.0000000000
45713  -48.847  32.762  1.776 0.0000000000
45715  -49.523  32.299  2.023 0.0000000000
45724  -46.060  27.744  3.503 0.0000000000
45726  -44.821  27.448  4.176 0.0000000000
45731  -42.384  29.329  1.657 0.0000000000
45732  -42.088  29.525  1.374 0.0000000000
45733  -41.423  29.455  1.675 0.0000000000
47521  -45.302  36.740  1.531 0.0000000000
47522  -45.378  37.215  0.994 0.0000000000
55313  -50.461  31.646  -0.143 0.0000000000
55314  -50.593  31.427  0.441 0.0000000000
55316  -50.341  29.673  0.463 0.0000000000
55317  -50.756  29.954  0.669 0.0000000000
55329  -45.995  28.994  1.175 0.0000000000
60821  -42.954  33.819  7.570 0.0000000000
60872  -37.598  28.098  4.989 0.0000000000
60873  -36.019  28.211  5.520 0.0000000000
60874  -36.275  27.958  5.728 0.0000000000
68023  -49.277  32.319  4.708 0.0000000000
68025  -50.026  32.015  4.772 0.0000000000
68026  -50.947  31.119  1.816 0.0000000000
68030  -51.424  30.779  3.829 0.0000000000
68059  -44.503  26.487  5.359 0.0000000000
68062  -42.926  26.427  5.591 0.0000000000
68064  -42.585  26.664  5.388 0.0000000000
68065  -42.331  27.592  4.325 0.0000000000
68070  -43.971  28.803  2.264 0.0000000000
68072  -43.249  28.764  2.541 0.0000000000
68080  -40.066  29.275  2.335 0.0000000000
68081  -39.627  29.032  2.921 0.0000000000
68083  -38.735  29.180  2.969 0.0000000000
68086  -46.320  34.012  -8.613 0.0000000000
68089  -45.129  33.866  -9.153 0.0000000000
68090  -44.388  33.744  -9.074 0.0000000000
68097  -43.228  32.945  -9.664 0.0000000000
68098  -42.450  32.756  -8.926 0.0000000000
68100  -41.713  32.598  -8.119 0.0000000000
68101  -40.966  32.776  -7.320 0.0000000000
68103  -39.831  31.618  -7.275 0.0000000000
68108  -37.432  31.657  -5.456 0.0000000000
68109  -38.300  31.326  -6.212 0.0000000000
73440  -44.395  35.426  3.347 0.0000000000
73442  -44.969  35.126  2.881 0.0000000000
73449  -46.497  36.729  0.095 0.0000000000
73458  -50.097  32.711  -2.179 0.0000000000
73460  -50.122  32.043  -2.008 0.0000000000
73461  -50.002  31.358  -1.807 0.0000000000
73463  -49.340  31.418  -2.269 0.0000000000
73464  -49.597  31.997  -2.511 0.0000000000
73465  -49.412  33.173  -3.408 0.0000000000
73466  -49.293  32.604  -3.158 0.0000000000
73475  -48.772  34.128  -4.840 0.0000000000
73478  -48.117  33.689  -5.047 0.0000000000
73479  -48.300  34.103  -5.434 0.0000000000
84560  -46.171  32.938  8.064 0.0000000000
84781  -36.094  30.345  3.154 0.0000000000
84782  -35.999  30.776  2.816 0.0000000000
84790  -33.389  32.186  2.427 0.0000000000
93094  -50.351  30.362  -0.471 0.0000000000
93095  -50.138  29.824  -0.117 0.0000000000
93099  -48.267  29.112  0.309 0.0000000000
93100  -47.388  29.080  0.387 0.0000000000
96395  -41.947  35.065  6.321 0.0000000000
96396  -41.719  34.617  6.934 0.0000000000
96413  -44.208  25.407  6.359 0.0000000000
96424  -40.218  24.400  7.802 0.0000000000
96425  -39.888  24.697  7.629 0.0000000000
96430  -35.754  28.508  5.310 0.0000000000
96445  -35.106  33.132  -1.220 0.0000000000
96446  -35.029  33.083  -1.697 0.0000000000
100720  -51.366  30.080  2.229 0.0000000000
100721  -51.427  30.472  2.649 0.0000000000
100734  -47.694  27.936  3.318 0.0000000000
100735  -46.879  27.794  3.363 0.0000000000
100740  -44.441  27.126  4.649 0.0000000000
100746  -43.389  29.188  1.701 0.0000000000
100753  -40.755  29.369  1.997 0.0000000000
103968  -44.597  36.342  2.360 0.0000000000
110640  -47.920  32.733  7.303 0.0000000000
110773  -35.891  31.210  2.463 0.0000000000
110775  -35.078  31.623  2.481 0.0000000000
110776  -34.393  31.568  2.856 0.0000000000
110777  -32.492  32.293  2.355 0.0000000000
110778  -32.644  32.053  2.793 0.0000000000
117378  -51.090  30.791  1.361 0.0000000000
117380  -50.989  30.354  0.978 0.0000000000
117381  -51.253  30.188  1.584 0.0000000000
117388  -48.763  28.461  2.315 0.0000000000
117389  -48.832  28.791  1.321 0.0000000000
117390  -48.343  28.539  1.832 0.0000000000
117397  -44.742  28.811  2.001 0.0000000000
117398  -44.409  29.034  1.704 0.0000000000
117401  -44.123  29.220  1.401 0.0000000000
125159  -36.914  28.022  5.362 0.0000000000
125201  -34.417  33.030  -0.301 0.0000000000
125202  -33.734  32.850  0.627 0.0000000000
125203  -33.098  32.605  1.510 0.0000000000
134548  -48.653  32.642  6.037 0.0000000000
134551  -50.154  31.862  2.213 0.0000000000
134557  -50.687  31.699  4.874 0.0000000000
134592  -44.914  26.204  5.670 0.0000000000
134593  -44.573  25.817  6.019 0.0000000000
134598  -41.863  25.848  6.252 0.0000000000
134601  -42.241  26.911  5.137 0.0000000000
134610  -42.533  28.695  2.800 0.0000000000
134611  -42.050  28.373  3.319 0.0000000000
134612  -41.608  28.042  3.831 0.0000000000
134618  -38.719  28.486  4.048 0.0000000000
134619  -39.843  28.840  3.183 0.0000000000
134623  -38.036  29.164  3.308 0.0000000000
134625  -46.781  34.112  -8.019 0.0000000000
134631  -45.002  33.828  -8.539 0.0000000000
134638  -44.634  33.644  -10.124 0.0000000000
134639  -44.089  33.038  -10.323 0.0000000000
134648  -40.435  32.208  -7.343 0.0000000000
134653  -36.531  32.390  -4.330 0.0000000000
141252  -43.062  35.368  5.584 0.0000000000
141253  -43.787  35.214  5.283 0.0000000000
141279  -43.814  35.503  4.520 0.0000000000
141288  -48.183  33.282  1.510 0.0000000000
141290  -45.918  37.072  0.558 0.0000000000
141294  -47.794  35.459  0.052 0.0000000000
141296  -48.369  34.201  0.313 0.0000000000
141301  -50.408  31.811  -0.724 0.0000000000
141302  -50.114  32.803  -1.360 0.0000000000
141305  -50.239  31.075  -1.364 0.0000000000
141307  -49.194  30.556  -1.596 0.0000000000
141309  -48.982  30.880  -1.956 0.0000000000
141312  -49.431  32.270  -2.834 0.0000000000
141323  -49.186  33.686  -4.101 0.0000000000
141325  -48.433  33.229  -4.223 0.0000000000
141331  -47.747  33.978  -5.949 0.0000000000
141332  -47.274  33.752  -5.928 0.0000000000
141333  -47.205  33.890  -6.383 0.0000000000
154718  -44.443  33.240  8.067 0.0000000000
154875  -40.855  25.258  6.884 0.0000000000
154876  -40.218  25.166  7.129 0.0000000000
154982  -36.921  29.885  3.102 0.0000000000
154983  -36.245  29.934  3.474 0.0000000000
154993  -34.294  31.935  2.455 0.0000000000
1158  -49.395  32.541  1.269 0.0000000000
1632  -44.751  37.742  0.872 0.0000000000
3080  -50.025  29.274  0.924 0.0000000000
3083  -43.677  29.008  1.981 0.0000000000
4913  -41.116  35.061  6.587 0.0000000000
4923  -44.948  25.397  6.307 0.0000000000
4929  -39.251  24.531  7.976 0.0000000000
4932  -35.364  28.164  5.913 0.0000000000
6708  -41.825  32.440  -8.611 0.0000000000
7651  -49.876  32.326  -2.363 0.0000000000
9255  -33.822  31.135  3.607 0.0000000000
10760  -49.506  29.575  -0.176 0.0000000000
12605  -42.677  24.470  7.236 0.0000000000
12607  -41.227  24.257  7.682 0.0000000000
12608  -39.990  23.911  8.325 0.0000000000
12614  -35.768  29.567  4.145 0.0000000000
12621  -34.317  33.051  -0.810 0.0000000000
12624  -34.117  32.343  -2.478 0.0000000000
14996  -51.327  29.618  2.487 0.0000000000
15004  -47.260  27.629  3.790 0.0000000000
15011  -42.238  28.932  2.530 0.0000000000
15012  -41.671  29.276  1.956 0.0000000000
15013  -40.302  29.111  2.608 0.0000000000
15016  -45.970  34.001  -9.775 0.0000000000
15019  -43.371  32.695  -10.094 0.0000000000
16808  -49.557  32.874  -3.056 0.0000000000
20583  -31.794  32.116  2.664 0.0000000000
20584  -32.102  31.638  3.542 0.0000000000
23972  -50.272  32.004  0.294 0.0000000000
23975  -50.946  29.816  1.306 0.0000000000
23978  -49.152  28.680  1.838 0.0000000000
25057  -45.752  37.197  0.003 0.0000000000
27308  -37.223  27.741  5.580 0.0000000000
27309  -35.916  27.612  6.315 0.0000000000
27327  -32.978  32.734  0.988 0.0000000000
30978  -50.146  32.010  5.379 0.0000000000
30992  -45.668  26.185  5.527 0.0000000000
30996  -41.868  26.532  5.615 0.0000000000
31000  -41.329  28.280  3.624 0.0000000000
31017  -37.535  31.209  -5.668 0.0000000000
33367  -43.173  35.708  4.901 0.0000000000
33385  -49.488  31.020  -1.977 0.0000000000
33394  -47.669  34.072  -6.424 0.0000000000
37971  -39.888  25.436  6.985 0.0000000000
38007  -35.440  30.367  3.525 0.0000000000
41478  -49.547  30.324  -1.132 0.0000000000
41479  -49.851  30.056  -0.632 0.0000000000
41480  -49.205  29.792  -0.716 0.0000000000
43326  -41.960  24.373  7.432 0.0000000000
43332  -36.580  29.192  4.064 0.0000000000
43333  -35.908  29.207  4.441 0.0000000000
43334  -36.397  29.536  3.785 0.0000000000
47519  -44.317  37.632  1.941 0.0000000000
47520  -44.864  37.419  1.460 0.0000000000
51226  -49.410  32.225  6.708 0.0000000000
51227  -48.642  32.386  7.266 0.0000000000
55318  -50.560  29.506  1.077 0.0000000000
55322  -49.597  28.945  1.396 0.0000000000
60820  -40.848  34.574  7.193 0.0000000000
60822  -42.020  33.737  7.765 0.0000000000
60823  -42.639  33.441  7.986 0.0000000000
60825  -43.413  33.167  8.239 0.0000000000
60865  -39.608  24.213  8.136 0.0000000000
60870  -38.288  28.169  4.634 0.0000000000
60871  -37.870  27.834  5.218 0.0000000000
60875  -35.603  27.916  6.120 0.0000000000
60904  -33.614  32.935  0.099 0.0000000000
68024  -49.366  32.358  5.324 0.0000000000
68029  -51.725  30.417  3.886 0.0000000000
68031  -51.539  30.832  4.413 0.0000000000
68032  -51.240  31.260  4.946 0.0000000000
68048  -49.078  28.347  2.790 0.0000000000
68050  -48.506  28.071  3.294 0.0000000000
68063  -42.216  26.269  5.826 0.0000000000
68066  -41.917  27.186  4.854 0.0000000000
68067  -41.592  27.459  4.585 0.0000000000
68069  -41.247  27.699  4.343 0.0000000000
68074  -41.767  28.620  3.087 0.0000000000
68078  -39.675  28.321  3.957 0.0000000000
68079  -40.105  28.622  3.411 0.0000000000
68085  -46.990  34.250  -9.204 0.0000000000
68087  -46.458  34.046  -9.181 0.0000000000
68088  -45.214  33.855  -9.689 0.0000000000
68094  -45.577  33.414  -11.082 0.0000000000
68095  -44.924  33.087  -10.907 0.0000000000
68096  -42.549  32.581  -9.390 0.0000000000
68102  -41.107  32.432  -7.782 0.0000000000
73416  -42.444  35.817  5.232 0.0000000000
73436  -44.058  36.543  2.792 0.0000000000
73438  -43.932  36.093  3.222 0.0000000000
73439  -43.849  35.782  3.825 0.0000000000
73448  -46.379  36.877  -0.388 0.0000000000
73450  -47.129  36.473  -0.323 0.0000000000
73452  -48.432  35.153  -0.440 0.0000000000
73453  -48.993  34.367  -0.500 0.0000000000
73454  -48.921  33.941  -0.086 0.0000000000
73456  -49.842  32.855  -0.434 0.0000000000
73457  -49.823  33.177  -0.956 0.0000000000
73462  -49.765  31.723  -2.182 0.0000000000
73473  -48.682  34.600  -5.084 0.0000000000
73474  -48.930  34.378  -4.645 0.0000000000
73481  -47.994  34.370  -6.355 0.0000000000
73483  -47.600  34.202  -6.895 0.0000000000
84559  -46.896  32.610  8.130 0.0000000000
84561  -45.964  32.638  8.410 0.0000000000
84562  -44.935  32.626  8.610 0.0000000000
84690  -40.831  25.962  6.305 0.0000000000
84691  -40.542  25.550  6.714 0.0000000000
84783  -34.506  31.185  3.238 0.0000000000
84784  -34.592  30.772  3.615 0.0000000000
93096  -49.754  29.371  0.400 0.0000000000
93097  -49.309  29.070  0.852 0.0000000000
93098  -49.072  29.208  0.321 0.0000000000
96414  -44.565  25.005  6.637 0.0000000000
96415  -43.815  25.000  6.737 0.0000000000
96416  -43.418  24.558  7.080 0.0000000000
96423  -40.594  24.078  8.000 0.0000000000
96431  -35.128  28.471  5.682 0.0000000000
96432  -35.485  28.858  5.073 0.0000000000
96447  -34.243  32.990  -1.270 0.0000000000
96448  -33.439  32.840  -0.844 0.0000000000
96450  -33.368  32.704  -1.278 0.0000000000
96451  -33.349  32.455  -1.674 0.0000000000
100722  -51.539  29.984  2.863 0.0000000000
100723  -51.744  29.933  3.463 0.0000000000
100736  -46.409  27.523  3.894 0.0000000000
100737  -45.975  27.199  4.386 0.0000000000
100738  -45.624  26.843  4.851 0.0000000000
100739  -45.208  27.141  4.533 0.0000000000
100747  -42.993  28.988  2.267 0.0000000000
100748  -42.676  29.164  1.960 0.0000000000
100749  -41.959  29.132  2.237 0.0000000000
100751  -40.532  28.916  2.854 0.0000000000
100752  -40.995  29.188  2.272 0.0000000000
100759  -45.333  33.795  -10.185 0.0000000000
100761  -44.280  32.734  -10.737 0.0000000000
100765  -41.235  32.066  -8.162 0.0000000000
100766  -41.361  31.814  -8.559 0.0000000000
100767  -40.732  31.410  -8.105 0.0000000000
100768  -39.987  31.183  -7.581 0.0000000000
100769  -39.222  31.006  -7.003 0.0000000000
103967  -44.260  37.102  2.443 0.0000000000
103978  -49.817  33.520  -1.393 0.0000000000
103979  -49.737  33.837  -1.877 0.0000000000
103980  -49.925  33.406  -2.259 0.0000000000
103981  -49.887  32.923  -2.509 0.0000000000
103982  -49.723  32.573  -2.708 0.0000000000
103984  -49.572  33.478  -3.223 0.0000000000
103985  -49.442  33.714  -3.567 0.0000000000
103990  -48.469  34.791  -5.599 0.0000000000
103991  -48.367  34.527  -5.777 0.0000000000
110641  -47.805  32.559  7.781 0.0000000000
110779  -31.945  31.892  3.120 0.0000000000
117375  -50.003  32.055  1.502 0.0000000000
117376  -50.402  31.730  0.922 0.0000000000
117377  -50.812  31.285  1.121 0.0000000000
117382  -51.170  29.704  1.897 0.0000000000
117387  -49.480  28.571  2.334 0.0000000000
119905  -45.235  37.529  0.425 0.0000000000
125086  -41.435  34.113  7.508 0.0000000000
125160  -36.572  27.679  5.930 0.0000000000
125204  -32.359  32.463  1.856 0.0000000000
134549  -49.405  32.314  6.058 0.0000000000
134558  -50.758  31.650  5.493 0.0000000000
134582  -48.043  27.767  3.751 0.0000000000
134590  -45.300  25.821  5.901 0.0000000000
134591  -45.236  26.528  5.281 0.0000000000
134599  -41.508  26.110  6.068 0.0000000000
134602  -41.532  26.796  5.354 0.0000000000
134613  -40.919  27.942  4.133 0.0000000000
134617  -38.960  28.239  4.300 0.0000000000
134630  -45.825  33.959  -9.192 0.0000000000
134637  -45.436  33.690  -10.689 0.0000000000
134654  -35.745  32.303  -3.793 0.0000000000
134655  -36.600  31.990  -4.671 0.0000000000
134656  -36.628  31.586  -4.906 0.0000000000
134658  -38.467  30.875  -6.432 0.0000000000
141250  -41.345  35.463  5.999 0.0000000000
141251  -42.159  35.446  5.741 0.0000000000
141278  -43.250  36.043  4.245 0.0000000000
141289  -48.810  33.117  1.046 0.0000000000
141293  -47.786  35.874  -0.375 0.0000000000
141297  -48.873  33.502  0.387 0.0000000000
141300  -50.200  32.240  -0.298 0.0000000000
141306  -49.801  30.780  -1.515 0.0000000000
141320  -49.329  33.934  -3.939 0.0000000000
141322  -49.140  34.152  -4.278 0.0000000000
141330  -48.143  34.260  -5.916 0.0000000000
141334  -47.182  33.997  -6.885 0.0000000000
141335  -47.159  34.153  -7.403 0.0000000000
141362  -47.273  34.273  -8.028 0.0000000000
141363  -47.372  34.366  -8.642 0.0000000000
141364  -47.438  34.463  -9.187 0.0000000000
154719  -44.199  32.927  8.436 0.0000000000
154877  -39.571  25.008  7.450 0.0000000000
154984  -35.592  29.962  3.843 0.0000000000
154986  -35.288  30.776  3.224 0.0000000000
154994  -33.671  31.494  3.260 0.0000000000
154995  -32.755  31.793  3.209 0.0000000000
154996  -32.942  31.449  3.596 0.0000000000
155037  -34.922  32.161  -3.270 0.0000000000
1159  -50.090  31.834  6.698 0.0000000000
3086  -45.043  32.777  -11.263 0.0000000000
3681  -47.013  36.539  -0.815 0.0000000000
4942  -32.760  32.726  -0.006 0.0000000000
6695  -51.850  30.401  4.511 0.0000000000
6699  -46.454  26.966  4.701 0.0000000000
6701  -40.487  26.255  6.108 0.0000000000
6703  -40.779  28.722  3.103 0.0000000000
6705  -47.092  34.318  -9.724 0.0000000000
7650  -49.449  33.931  -0.986 0.0000000000
9225  -46.672  32.306  8.505 0.0000000000
12604  -44.187  24.618  6.971 0.0000000000
12613  -34.880  28.862  5.432 0.0000000000
12623  -32.622  32.451  -0.845 0.0000000000
14998  -51.810  29.496  3.661 0.0000000000
15017  -46.130  33.876  -10.728 0.0000000000
15020  -42.121  31.899  -9.386 0.0000000000
15022  -40.846  31.073  -8.408 0.0000000000
15023  -39.437  30.582  -7.281 0.0000000000
16798  -43.728  38.257  1.842 0.0000000000
16799  -43.648  37.262  2.816 0.0000000000
16804  -48.372  35.525  -0.911 0.0000000000
16805  -49.349  34.501  -1.925 0.0000000000
16807  -49.808  33.555  -2.618 0.0000000000
16809  -49.476  34.036  -3.273 0.0000000000
16811  -48.653  34.894  -4.852 0.0000000000
16812  -48.232  35.217  -5.812 0.0000000000
16813  -48.263  34.726  -6.258 0.0000000000
20508  -48.479  32.209  7.801 0.0000000000
23977  -49.806  28.480  2.816 0.0000000000
23986  -46.187  33.504  -11.637 0.0000000000
27277  -40.442  33.980  7.790 0.0000000000
27278  -41.716  33.325  8.234 0.0000000000
27279  -43.208  32.810  8.614 0.0000000000
27306  -38.568  27.912  4.861 0.0000000000
30981  -51.232  31.207  5.590 0.0000000000
30989  -48.858  27.926  3.744 0.0000000000
30997  -41.198  27.064  5.102 0.0000000000
30998  -40.538  27.586  4.648 0.0000000000
31001  -39.923  28.096  4.189 0.0000000000
31016  -35.756  31.916  -4.083 0.0000000000
33366  -41.571  35.864  5.439 0.0000000000
33375  -43.378  36.298  3.623 0.0000000000
33382  -49.389  33.219  -0.008 0.0000000000
33390  -49.109  34.456  -4.045 0.0000000000
33395  -47.585  34.338  -7.415 0.0000000000
33404  -47.696  34.575  -8.583 0.0000000000
33405  -47.752  34.833  -9.650 0.0000000000
37919  -44.652  32.146  9.023 0.0000000000
38008  -34.053  30.377  4.294 0.0000000000
38011  -32.467  30.982  4.297 0.0000000000
45716  -51.216  29.217  2.724 0.0000000000
45717  -51.553  29.551  3.075 0.0000000000
45741  -41.506  31.470  -8.916 0.0000000000
47516  -43.935  38.106  0.737 0.0000000000
47518  -44.201  37.981  1.345 0.0000000000
47526  -49.647  34.028  -2.309 0.0000000000
47528  -49.613  33.809  -2.949 0.0000000000
51228  -49.316  32.063  7.284 0.0000000000
51303  -31.086  31.898  2.940 0.0000000000
51304  -31.255  31.693  3.416 0.0000000000
55319  -50.752  29.382  1.653 0.0000000000
55320  -50.227  29.143  1.488 0.0000000000
55321  -49.861  28.836  1.900 0.0000000000
60818  -40.285  35.068  6.830 0.0000000000
60819  -39.883  34.461  7.456 0.0000000000
60824  -42.452  33.071  8.437 0.0000000000
60848  -45.695  25.455  6.132 0.0000000000
60850  -45.331  25.029  6.518 0.0000000000
60851  -43.809  24.198  7.316 0.0000000000
60866  -39.362  23.704  8.646 0.0000000000
60867  -39.016  24.023  8.479 0.0000000000
60869  -38.661  24.341  8.332 0.0000000000
60876  -35.273  27.531  6.735 0.0000000000
60877  -35.003  27.819  6.514 0.0000000000
60879  -34.748  28.108  6.289 0.0000000000
60903  -33.536  32.915  -0.394 0.0000000000
60905  -32.877  32.765  0.472 0.0000000000
60906  -32.249  32.547  1.332 0.0000000000
60910  -32.607  32.210  -1.239 0.0000000000
68033  -51.612  30.819  5.041 0.0000000000
68049  -49.335  28.215  3.280 0.0000000000
68051  -46.822  27.297  4.264 0.0000000000
68052  -47.613  27.443  4.216 0.0000000000
68056  -46.462  26.266  5.424 0.0000000000
68057  -46.061  26.578  5.128 0.0000000000
68068  -40.857  27.319  4.839 0.0000000000
68073  -41.489  28.842  2.817 0.0000000000
68075  -41.062  28.516  3.380 0.0000000000
68076  -40.641  28.178  3.918 0.0000000000
68077  -40.393  28.402  3.659 0.0000000000
68093  -45.635  33.148  -11.456 0.0000000000
68111  -38.675  30.445  -6.684 0.0000000000
73415  -41.833  36.282  4.996 0.0000000000
73417  -42.582  36.200  4.663 0.0000000000
73437  -43.470  36.701  3.167 0.0000000000
73451  -49.006  34.722  -0.955 0.0000000000
73455  -49.410  33.563  -0.547 0.0000000000
73480  -48.114  34.808  -6.680 0.0000000000
73482  -47.907  34.456  -6.816 0.0000000000
73484  -47.871  34.578  -7.329 0.0000000000
73508  -47.764  34.680  -9.156 0.0000000000
84563  -45.686  32.287  8.794 0.0000000000
84692  -40.189  25.842  6.551 0.0000000000
84785  -33.950  30.770  3.954 0.0000000000
84787  -33.295  30.713  4.310 0.0000000000
84791  -31.625  31.186  4.260 0.0000000000
84792  -32.286  31.342  3.922 0.0000000000
84825  -35.788  31.512  -4.323 0.0000000000
84826  -34.938  31.800  -3.555 0.0000000000
96417  -43.052  24.100  7.449 0.0000000000
96419  -42.344  24.003  7.634 0.0000000000
96420  -41.648  23.874  7.887 0.0000000000
96421  -40.965  23.730  8.193 0.0000000000
96422  -40.345  23.561  8.508 0.0000000000
96433  -35.274  29.238  4.817 0.0000000000
96434  -35.103  29.596  4.534 0.0000000000
96449  -32.677  32.623  -0.446 0.0000000000
96452  -33.361  32.167  -2.057 0.0000000000
100724  -51.931  29.881  4.054 0.0000000000
100750  -41.235  29.010  2.529 0.0000000000
100756  -46.571  34.133  -9.766 0.0000000000
100757  -46.680  34.135  -10.283 0.0000000000
100758  -46.031  33.962  -10.234 0.0000000000
100760  -44.441  32.352  -11.040 0.0000000000
100762  -43.597  32.322  -10.444 0.0000000000
100763  -42.728  32.287  -9.768 0.0000000000
100764  -41.941  32.211  -9.020 0.0000000000
100770  -40.155  30.746  -7.839 0.0000000000
103966  -43.822  37.824  2.416 0.0000000000
103974  -47.734  36.132  -0.844 0.0000000000
103977  -49.415  34.267  -1.454 0.0000000000
103983  -49.732  33.214  -2.881 0.0000000000
103989  -48.429  35.111  -5.328 0.0000000000
103992  -48.324  34.972  -6.072 0.0000000000
110642  -47.597  32.275  8.152 0.0000000000
110780  -31.420  31.453  3.849 0.0000000000
117374  -49.904  32.241  0.748 0.0000000000
117383  -50.975  29.302  2.134 0.0000000000
117386  -50.185  28.725  2.388 0.0000000000
119904  -44.460  37.795  0.318 0.0000000000
119906  -44.960  37.505  -0.118 0.0000000000
119907  -45.558  37.147  -0.498 0.0000000000
119908  -46.219  36.799  -0.854 0.0000000000
125087  -41.030  33.616  8.015 0.0000000000
125128  -44.944  24.619  6.879 0.0000000000
125148  -39.727  23.372  8.819 0.0000000000
125156  -38.245  27.566  5.408 0.0000000000
125157  -37.586  27.465  5.777 0.0000000000
125158  -36.910  27.375  6.149 0.0000000000
125161  -36.227  27.299  6.520 0.0000000000
125162  -35.573  27.206  6.931 0.0000000000
125169  -34.523  28.467  6.033 0.0000000000
125205  -31.653  32.269  2.142 0.0000000000
134550  -50.145  31.981  6.109 0.0000000000
134559  -50.756  31.560  6.112 0.0000000000
134583  -48.425  27.611  4.191 0.0000000000
134589  -46.062  25.872  5.758 0.0000000000
134600  -41.164  26.384  5.846 0.0000000000
134603  -40.836  26.679  5.623 0.0000000000
134614  -40.207  27.841  4.431 0.0000000000
134616  -39.225  28.007  4.514 0.0000000000
134636  -46.182  33.728  -11.244 0.0000000000
134657  -36.733  31.139  -5.112 0.0000000000
134659  -37.706  30.765  -5.888 0.0000000000
141247  -40.548  35.467  6.249 0.0000000000
141249  -40.789  35.872  5.693 0.0000000000
141277  -42.727  36.543  4.064 0.0000000000
141298  -49.391  32.852  0.570 0.0000000000
141299  -49.859  32.578  0.146 0.0000000000
141319  -49.281  34.238  -3.682 0.0000000000
141321  -48.919  34.666  -4.417 0.0000000000
141361  -47.609  34.482  -7.969 0.0000000000
141365  -47.499  34.557  -9.700 0.0000000000
154720  -43.966  32.508  8.788 0.0000000000
154878  -39.516  25.724  6.837 0.0000000000
154879  -39.248  25.289  7.277 0.0000000000
154880  -38.913  24.852  7.806 0.0000000000
154985  -34.906  29.981  4.238 0.0000000000
154987  -34.720  30.375  3.932 0.0000000000
154997  -33.130  31.074  3.968 0.0000000000
155038  -34.153  32.015  -2.805 0.0000000000
1160  -51.058  28.879  3.061 0.0000000000
2231  -30.423  31.582  3.205 0.0000000000
4925  -43.411  23.717  7.673 0.0000000000
4927  -40.695  23.194  8.661 0.0000000000
4931  -36.592  27.026  6.694 0.0000000000
4934  -34.438  29.608  4.930 0.0000000000
4944  -32.617  31.937  -1.598 0.0000000000
6710  -35.930  31.070  -4.551 0.0000000000
7645  -42.048  36.687  4.485 0.0000000000
7655  -48.010  34.909  -7.115 0.0000000000
9256  -31.149  30.649  4.924 0.0000000000
12606  -42.040  23.495  8.067 0.0000000000
15015  -47.178  34.414  -10.776 0.0000000000
15018  -43.831  31.898  -10.774 0.0000000000
16796  -43.095  38.116  0.598 0.0000000000
20551  -39.209  26.050  6.696 0.0000000000
20553  -35.300  26.752  7.513 0.0000000000
20585  -30.729  31.199  4.125 0.0000000000
23976  -50.478  29.040  1.982 0.0000000000
25056  -44.177  37.624  -0.239 0.0000000000
25058  -45.385  36.971  -0.964 0.0000000000
27275  -39.381  34.994  7.041 0.0000000000
27293  -46.466  25.513  5.973 0.0000000000
27295  -45.708  24.651  6.732 0.0000000000
27303  -39.483  22.805  9.284 0.0000000000
27304  -38.787  23.495  8.980 0.0000000000
27305  -38.034  24.150  8.685 0.0000000000
27307  -37.974  27.201  5.958 0.0000000000
27310  -34.695  27.431  7.118 0.0000000000
27312  -34.172  28.062  6.660 0.0000000000
27328  -31.529  32.315  1.653 0.0000000000
30990  -47.985  27.263  4.651 0.0000000000
30991  -47.230  26.405  5.382 0.0000000000
31018  -37.846  30.351  -6.056 0.0000000000
33365  -39.994  35.949  5.937 0.0000000000
37972  -38.583  25.141  7.652 0.0000000000
38009  -32.821  30.251  5.008 0.0000000000
38025  -34.180  31.628  -3.060 0.0000000000
45718  -51.476  29.164  3.317 0.0000000000
45719  -51.764  29.101  3.848 0.0000000000
45736  -46.708  34.136  -10.749 0.0000000000
45737  -46.672  34.061  -11.248 0.0000000000
45739  -42.945  31.907  -10.125 0.0000000000
45740  -42.348  31.483  -9.696 0.0000000000
45742  -41.699  31.074  -9.218 0.0000000000
45743  -41.006  30.723  -8.731 0.0000000000
47517  -43.434  38.297  1.190 0.0000000000
47524  -48.793  35.218  -1.842 0.0000000000
47525  -49.233  34.685  -2.305 0.0000000000
47527  -49.591  34.157  -2.685 0.0000000000
47529  -49.334  34.370  -3.003 0.0000000000
47531  -48.052  35.498  -5.487 0.0000000000
47532  -47.871  35.633  -5.952 0.0000000000
47533  -48.094  35.411  -6.260 0.0000000000
51305  -30.586  31.419  3.671 0.0000000000
57121  -44.742  37.302  -0.613 0.0000000000
60849  -46.087  25.074  6.346 0.0000000000
60852  -44.521  24.213  7.204 0.0000000000
60853  -44.129  23.783  7.537 0.0000000000
60858  -41.368  23.355  8.347 0.0000000000
60864  -40.067  23.011  8.977 0.0000000000
60868  -38.443  23.806  8.833 0.0000000000
60878  -34.422  27.741  6.898 0.0000000000
60880  -34.657  29.236  5.189 0.0000000000
60881  -34.270  28.846  5.810 0.0000000000
60907  -32.155  32.561  0.840 0.0000000000
60909  -32.051  32.494  0.378 0.0000000000
60911  -31.897  32.189  -0.459 0.0000000000
60912  -31.874  31.965  -0.852 0.0000000000
68034  -51.643  30.702  5.642 0.0000000000
68035  -51.957  30.340  5.105 0.0000000000
68053  -47.212  27.095  4.670 0.0000000000
68055  -46.832  26.713  5.083 0.0000000000
68110  -39.698  30.184  -7.594 0.0000000000
68112  -38.904  30.055  -6.926 0.0000000000
73413  -41.335  36.760  4.835 0.0000000000
73414  -41.088  36.326  5.242 0.0000000000
73471  -48.942  34.730  -3.771 0.0000000000
73472  -48.739  34.913  -4.153 0.0000000000
73506  -47.942  34.799  -8.484 0.0000000000
73507  -47.917  34.945  -9.035 0.0000000000
73509  -47.916  35.072  -9.572 0.0000000000
84694  -38.909  25.611  7.154 0.0000000000
84698  -37.265  27.105  6.339 0.0000000000
84786  -33.451  30.344  4.645 0.0000000000
84793  -31.802  30.830  4.626 0.0000000000
84794  -31.985  30.472  5.004 0.0000000000
84827  -35.028  31.368  -3.806 0.0000000000
96418  -42.717  23.610  7.838 0.0000000000
100725  -52.100  29.879  4.631 0.0000000000
100726  -52.033  29.445  4.234 0.0000000000
100755  -47.170  34.366  -10.263 0.0000000000
100771  -40.381  30.425  -8.158 0.0000000000
103963  -42.978  38.565  1.633 0.0000000000
103964  -43.171  38.388  2.252 0.0000000000
103965  -43.198  37.975  2.776 0.0000000000
103973  -47.653  36.091  -1.336 0.0000000000
103975  -48.289  35.629  -1.357 0.0000000000
103976  -48.891  34.999  -1.426 0.0000000000
103987  -48.533  35.135  -4.576 0.0000000000
103988  -48.261  35.325  -5.026 0.0000000000
103993  -48.181  35.195  -6.502 0.0000000000
103994  -48.065  35.289  -6.910 0.0000000000
110718  -40.169  26.561  5.892 0.0000000000
110719  -39.825  26.144  6.367 0.0000000000
110723  -35.920  26.872  7.108 0.0000000000
110781  -30.953  30.926  4.539 0.0000000000
117384  -50.790  28.965  2.469 0.0000000000
117385  -50.522  28.666  2.870 0.0000000000
117406  -46.686  33.891  -11.757 0.0000000000
117407  -46.535  33.714  -12.181 0.0000000000
117408  -46.183  33.239  -12.033 0.0000000000
117409  -45.644  32.833  -11.779 0.0000000000
117412  -45.143  32.402  -11.572 0.0000000000
117413  -44.614  31.941  -11.321 0.0000000000
119903  -43.643  37.870  0.203 0.0000000000
119910  -46.016  36.677  -1.344 0.0000000000
119911  -46.891  36.466  -1.295 0.0000000000
125083  -39.007  34.397  7.699 0.0000000000
125084  -39.515  33.906  8.022 0.0000000000
125085  -40.080  33.508  8.248 0.0000000000
125088  -40.710  33.182  8.438 0.0000000000
125089  -41.446  32.902  8.652 0.0000000000
125090  -42.219  32.668  8.831 0.0000000000
125091  -42.977  32.372  9.023 0.0000000000
125092  -50.658  31.392  6.693 0.0000000000
125093  -49.989  31.645  7.256 0.0000000000
125129  -45.270  24.234  7.074 0.0000000000
125149  -39.134  23.165  9.144 0.0000000000
125154  -38.843  27.644  5.062 0.0000000000
125155  -38.569  27.302  5.614 0.0000000000
125163  -34.973  27.100  7.333 0.0000000000
125170  -33.935  28.420  6.408 0.0000000000
125206  -30.949  31.997  2.444 0.0000000000
125211  -31.932  32.368  -0.049 0.0000000000
134560  -51.209  31.080  6.146 0.0000000000
134579  -50.111  28.378  3.309 0.0000000000
134580  -49.673  28.125  3.778 0.0000000000
134581  -49.322  27.809  4.201 0.0000000000
134584  -48.851  27.431  4.637 0.0000000000
134588  -46.860  25.947  5.660 0.0000000000
134604  -40.519  26.957  5.384 0.0000000000
134605  -40.176  27.224  5.178 0.0000000000
134606  -39.853  27.484  4.964 0.0000000000
134615  -39.515  27.742  4.729 0.0000000000
134660  -36.859  30.695  -5.306 0.0000000000
141246  -39.745  35.535  6.473 0.0000000000
141248  -40.312  36.381  5.472 0.0000000000
141274  -42.270  37.074  3.945 0.0000000000
141275  -43.058  37.416  3.167 0.0000000000
141276  -42.907  36.856  3.523 0.0000000000
141318  -49.126  34.534  -3.383 0.0000000000
141359  -48.015  35.010  -7.670 0.0000000000
141360  -47.870  34.708  -7.869 0.0000000000
141366  -47.862  35.253  -10.083 0.0000000000
141367  -47.764  34.953  -10.156 0.0000000000
141368  -47.500  34.667  -10.211 0.0000000000
154721  -43.757  31.989  9.275 0.0000000000
154722  -49.169  31.821  7.786 0.0000000000
154723  -48.301  31.896  8.201 0.0000000000
154724  -47.429  31.907  8.591 0.0000000000
154727  -46.491  31.906  8.974 0.0000000000
154728  -45.481  31.823  9.272 0.0000000000
154729  -44.571  31.607  9.527 0.0000000000
154881  -38.251  24.652  8.192 0.0000000000
154988  -34.242  29.992  4.611 0.0000000000
154989  -33.622  29.983  4.960 0.0000000000
154998  -32.660  30.611  4.667 0.0000000000
155039  -33.376  31.824  -2.324 0.0000000000
1163  -39.170  27.385  5.279 0.0000000000
1165  -46.976  34.307  -11.784 0.0000000000
1167  -42.598  31.046  -9.982 0.0000000000
1633  -49.155  34.788  -2.689 0.0000000000
1635  -47.397  36.030  -6.062 0.0000000000
2220  -42.786  31.870  9.507 0.0000000000
3683  -48.250  35.294  -4.263 0.0000000000
4914  -39.788  33.066  8.671 0.0000000000
6698  -49.665  27.514  4.521 0.0000000000
6711  -39.922  29.873  -7.793 0.0000000000
7647  -42.525  38.543  2.625 0.0000000000
7658  -47.934  35.357  -9.400 0.0000000000
14999  -52.244  29.408  4.762 0.0000000000
15000  -51.632  28.663  4.119 0.0000000000
15002  -50.430  28.232  3.803 0.0000000000
15024  -41.305  30.349  -8.989 0.0000000000
16791  -40.632  36.835  5.085 0.0000000000
16797  -42.017  38.641  1.472 0.0000000000
16803  -48.187  35.707  -1.799 0.0000000000
16810  -47.782  35.676  -5.155 0.0000000000
16814  -47.916  35.632  -6.677 0.0000000000
16823  -47.783  35.716  -10.499 0.0000000000
20501  -41.220  32.498  9.060 0.0000000000
20550  -39.823  26.857  5.724 0.0000000000
23985  -46.620  34.060  -12.688 0.0000000000
23987  -46.011  33.060  -12.404 0.0000000000
23988  -45.237  32.043  -11.926 0.0000000000
25059  -46.692  36.390  -1.788 0.0000000000
25061  -48.684  35.028  -3.461 0.0000000000
27276  -38.631  33.839  8.308 0.0000000000
27280  -51.156  30.880  6.684 0.0000000000
27281  -49.830  31.397  7.773 0.0000000000
27296  -44.851  23.811  7.397 0.0000000000
27313  -33.675  28.797  6.199 0.0000000000
27314  -33.212  29.542  5.617 0.0000000000
27330  -31.366  32.241  0.738 0.0000000000
27331  -31.218  31.914  -0.127 0.0000000000
30982  -52.024  30.207  5.663 0.0000000000
33374  -42.419  37.502  3.506 0.0000000000
33403  -47.974  35.134  -8.251 0.0000000000
33406  -47.708  35.103  -10.705 0.0000000000
37920  -48.158  31.521  8.704 0.0000000000
37921  -46.386  31.433  9.445 0.0000000000
37922  -44.531  31.028  9.956 0.0000000000
38012  -31.566  29.986  5.671 0.0000000000
45720  -51.312  28.785  3.615 0.0000000000
45722  -50.770  28.552  3.437 0.0000000000
45735  -47.107  34.410  -11.261 0.0000000000
45738  -43.187  31.437  -10.395 0.0000000000
45744  -41.961  30.671  -9.512 0.0000000000
47523  -48.697  35.313  -2.258 0.0000000000
47530  -47.606  35.859  -5.582 0.0000000000
47534  -47.685  35.839  -6.382 0.0000000000
51221  -42.006  32.226  9.271 0.0000000000
51270  -39.490  27.125  5.521 0.0000000000
51272  -38.863  27.038  5.838 0.0000000000
51273  -34.699  26.629  7.906 0.0000000000
51274  -35.050  26.280  8.065 0.0000000000
51306  -30.124  30.865  4.349 0.0000000000
51307  -29.960  31.071  3.903 0.0000000000
51309  -29.794  31.222  3.440 0.0000000000
55336  -46.409  33.567  -12.587 0.0000000000
55341  -44.753  31.564  -11.608 0.0000000000
57119  -43.355  37.588  -0.357 0.0000000000
57120  -43.934  37.366  -0.733 0.0000000000
57122  -44.547  37.078  -1.067 0.0000000000
57124  -45.783  36.520  -1.829 0.0000000000
60854  -44.500  23.371  7.707 0.0000000000
60855  -43.791  23.296  7.873 0.0000000000
60857  -43.073  23.200  8.031 0.0000000000
60859  -41.757  22.965  8.504 0.0000000000
60860  -41.091  22.819  8.791 0.0000000000
60862  -40.434  22.665  9.097 0.0000000000
60863  -39.832  22.465  9.403 0.0000000000
60882  -34.039  29.217  5.585 0.0000000000
60884  -33.830  29.592  5.273 0.0000000000
60908  -31.462  32.321  1.194 0.0000000000
60913  -31.199  31.681  -0.536 0.0000000000
60914  -31.879  31.694  -1.223 0.0000000000
68047  -49.121  27.104  5.006 0.0000000000
68054  -47.591  26.863  5.071 0.0000000000
68113  -38.038  29.952  -6.262 0.0000000000
68114  -39.132  29.682  -7.136 0.0000000000
73411  -39.168  36.045  6.131 0.0000000000
73412  -39.468  36.462  5.671 0.0000000000
73429  -42.341  38.728  2.025 0.0000000000
73435  -42.506  38.065  3.099 0.0000000000
73470  -48.500  35.156  -3.842 0.0000000000
73505  -48.027  35.235  -8.873 0.0000000000
73511  -47.809  35.416  -10.635 0.0000000000
84541  -39.139  33.418  8.513 0.0000000000
84565  -49.040  31.519  8.278 0.0000000000
84570  -45.439  31.232  9.721 0.0000000000
84693  -38.573  25.930  7.027 0.0000000000
84695  -38.264  25.460  7.498 0.0000000000
84696  -37.918  24.950  8.044 0.0000000000
84699  -37.584  26.808  6.573 0.0000000000
84700  -36.917  26.715  6.894 0.0000000000
84795  -31.340  30.313  5.309 0.0000000000
84797  -30.722  30.086  5.613 0.0000000000
100727  -52.020  29.007  4.378 0.0000000000
100732  -50.067  27.888  4.154 0.0000000000
100772  -40.663  30.061  -8.434 0.0000000000
103951  -39.778  36.903  5.264 0.0000000000
103953  -40.892  37.296  4.661 0.0000000000
103954  -41.581  37.194  4.319 0.0000000000
103960  -42.179  38.118  0.516 0.0000000000
103962  -42.580  38.391  1.045 0.0000000000
103986  -48.037  35.496  -4.722 0.0000000000
104009  -47.864  35.511  -9.913 0.0000000000
110629  -40.474  32.760  8.858 0.0000000000
110720  -39.511  26.459  6.227 0.0000000000
110721  -38.891  26.360  6.547 0.0000000000
110724  -36.276  26.588  7.266 0.0000000000
110725  -35.656  26.420  7.670 0.0000000000
110782  -30.522  30.364  5.209 0.0000000000
110783  -30.316  30.622  4.811 0.0000000000
110799  -36.041  30.620  -4.730 0.0000000000
110800  -35.124  30.946  -4.002 0.0000000000
117405  -46.836  34.148  -12.309 0.0000000000
117411  -45.674  32.510  -12.135 0.0000000000
117414  -44.013  31.446  -11.015 0.0000000000
119902  -42.782  37.837  0.084 0.0000000000
119909  -45.161  36.775  -1.479 0.0000000000
119912  -47.493  36.102  -1.781 0.0000000000
119915  -48.905  34.897  -3.059 0.0000000000
125081  -38.551  34.953  7.307 0.0000000000
125082  -38.165  34.364  7.977 0.0000000000
125094  -50.549  31.197  7.269 0.0000000000
125123  -47.274  25.559  5.865 0.0000000000
125125  -46.851  25.107  6.206 0.0000000000
125126  -46.433  24.691  6.547 0.0000000000
125127  -46.026  24.287  6.879 0.0000000000
125130  -45.595  23.894  7.237 0.0000000000
125138  -42.418  23.094  8.243 0.0000000000
125146  -39.288  22.218  9.694 0.0000000000
125147  -38.936  22.580  9.611 0.0000000000
125150  -38.571  22.925  9.472 0.0000000000
125151  -38.207  23.273  9.315 0.0000000000
125152  -37.872  23.633  9.179 0.0000000000
125153  -37.469  23.965  9.057 0.0000000000
125164  -34.378  26.991  7.723 0.0000000000
125166  -34.096  27.315  7.512 0.0000000000
125167  -33.813  27.649  7.302 0.0000000000
125168  -33.576  27.987  7.063 0.0000000000
125171  -33.337  28.347  6.811 0.0000000000
125207  -30.280  31.689  2.769 0.0000000000
125208  -30.797  32.030  2.016 0.0000000000
125212  -31.253  32.101  0.308 0.0000000000
134561  -51.648  30.538  6.136 0.0000000000
134563  -52.216  29.818  5.167 0.0000000000
134585  -48.391  27.028  5.044 0.0000000000
134586  -47.999  26.592  5.384 0.0000000000
134587  -47.631  26.059  5.596 0.0000000000
134661  -36.999  30.274  -5.474 0.0000000000
141245  -38.898  35.506  6.701 0.0000000000
141273  -41.779  37.651  3.810 0.0000000000
141355  -47.797  35.700  -7.136 0.0000000000
141356  -47.950  35.362  -7.398 0.0000000000
141358  -47.912  35.480  -7.965 0.0000000000
141369  -47.549  34.725  -10.743 0.0000000000
141370  -47.448  34.776  -11.270 0.0000000000
154726  -47.310  31.471  9.111 0.0000000000
154730  -43.659  31.428  9.798 0.0000000000
154882  -37.646  24.465  8.554 0.0000000000
154884  -38.248  26.933  6.173 0.0000000000
154990  -33.020  29.902  5.317 0.0000000000
154991  -32.421  29.786  5.678 0.0000000000
154999  -32.223  30.126  5.360 0.0000000000
155040  -34.222  31.228  -3.294 0.0000000000
155041  -33.384  31.474  -2.577 0.0000000000
155042  -32.637  31.621  -1.906 0.0000000000
