#!ascii label /projectnb/somerslab/tom/projects/spacetime_network/data/ROIs/probabilistic_iPCS_lh_thresh5.label , from subject  vox2ras=TkReg
2124
94  -36.079  0.648  30.979 7.0000000000
213  -49.228  2.240  29.207 11.0000000000
214  -47.751  -2.127  35.435 6.0000000000
363  -49.824  -0.326  44.043 5.0000000000
454  -51.743  3.349  22.407 5.0000000000
455  -37.825  3.104  23.980 5.0000000000
995  -42.290  -0.842  29.201 9.0000000000
996  -42.759  1.765  26.562 6.0000000000
997  -36.034  1.763  27.295 5.0000000000
1533  -55.820  5.041  29.787 6.0000000000
1534  -55.244  2.501  33.041 5.0000000000
1535  -48.710  -0.387  31.881 11.0000000000
1536  -41.855  -2.202  32.543 7.0000000000
1803  -53.840  -4.159  42.779 5.0000000000
2016  -46.092  2.506  19.704 5.0000000000
2023  -48.528  -1.885  40.030 5.0000000000
2027  -37.440  8.614  37.068 5.0000000000
2028  -34.836  7.107  33.501 5.0000000000
2915  -38.834  -0.802  29.933 7.0000000000
2916  -38.895  0.167  28.352 9.0000000000
2917  -35.868  1.093  29.156 7.0000000000
2919  -34.026  3.293  30.285 7.0000000000
3516  -51.240  -0.231  33.508 8.0000000000
3517  -47.954  -1.423  33.508 8.0000000000
3518  -45.242  -1.728  31.929 8.0000000000
3519  -44.786  -2.367  33.864 7.0000000000
4420  -52.669  3.962  29.590 9.0000000000
4421  -52.802  4.648  27.969 5.0000000000
4422  -49.355  3.313  27.902 6.0000000000
4423  -40.134  1.795  25.105 6.0000000000
4424  -43.826  1.836  24.830 5.0000000000
4436  -52.258  -2.527  41.798 5.0000000000
4437  -49.213  -1.137  42.002 6.0000000000
6397  -45.742  0.486  29.018 10.0000000000
6398  -45.765  1.926  28.030 9.0000000000
6399  -42.371  0.595  28.087 8.0000000000
6400  -39.309  1.183  26.723 6.0000000000
6401  -36.769  2.475  25.525 5.0000000000
7415  -55.830  3.940  31.494 5.0000000000
7416  -52.812  2.663  30.973 10.0000000000
7417  -54.523  0.853  34.281 5.0000000000
7418  -52.184  1.159  32.255 7.0000000000
7419  -49.286  0.915  30.379 11.0000000000
7420  -45.656  -0.865  30.198 9.0000000000
7421  -42.069  -1.777  30.638 8.0000000000
7422  -38.892  -1.230  31.586 6.0000000000
8046  -51.831  -2.730  45.518 5.0000000000
8625  -51.093  3.204  24.191 5.0000000000
8627  -47.568  2.277  24.473 6.0000000000
8628  -48.337  2.397  22.782 5.0000000000
8642  -51.706  -2.705  39.623 5.0000000000
8644  -45.175  -0.670  40.279 6.0000000000
8645  -44.613  -1.809  38.321 5.0000000000
8646  -44.479  -2.448  36.157 5.0000000000
8647  -41.473  -2.120  34.770 6.0000000000
8648  -38.853  -1.082  33.713 5.0000000000
8649  -36.418  0.992  32.987 5.0000000000
8657  -35.412  4.467  34.175 5.0000000000
8658  -34.574  3.596  32.326 6.0000000000
8659  -33.765  6.694  31.684 7.0000000000
8660  -33.696  9.921  31.234 5.0000000000
10595  -37.272  -0.203  30.428 7.0000000000
10596  -37.278  0.060  29.562 8.0000000000
10597  -35.934  0.831  30.087 8.0000000000
10598  -34.789  2.048  29.707 7.0000000000
10599  -34.945  1.875  30.645 7.0000000000
11195  -49.321  -1.829  35.204 6.0000000000
11196  -49.399  -1.352  34.287 6.0000000000
11197  -47.779  -1.802  34.423 7.0000000000
11198  -46.375  -1.953  33.622 8.0000000000
11199  -46.239  -2.221  34.607 7.0000000000
12095  -53.283  3.987  22.031 5.0000000000
12099  -50.305  3.029  21.841 5.0000000000
12100  -50.929  3.118  29.384 10.0000000000
12101  -50.858  3.644  28.726 8.0000000000
12102  -49.166  2.841  28.627 11.0000000000
12103  -38.862  2.205  24.445 5.0000000000
12104  -40.650  1.880  24.327 5.0000000000
12115  -51.096  -1.348  44.070 5.0000000000
12116  -50.952  -1.530  43.028 5.0000000000
12117  -49.597  -0.722  43.025 5.0000000000
14500  -43.982  -0.254  29.000 10.0000000000
14501  -44.041  0.459  28.564 10.0000000000
14502  -42.289  -0.125  28.637 8.0000000000
14503  -37.394  0.873  27.818 7.0000000000
14504  -39.081  0.679  27.515 8.0000000000
14505  -37.592  1.293  26.913 6.0000000000
14506  -37.905  1.670  26.055 6.0000000000
14507  -36.373  2.158  26.346 5.0000000000
14508  -35.437  3.288  25.959 5.0000000000
14509  -35.090  2.900  26.848 5.0000000000
16296  -56.858  3.184  32.142 5.0000000000
16297  -55.657  3.237  32.251 6.0000000000
16298  -54.368  3.493  31.306 9.0000000000
16299  -54.192  2.717  32.012 9.0000000000
16303  -49.996  -0.219  32.768 8.0000000000
16304  -51.663  0.422  32.901 7.0000000000
16305  -50.512  0.398  32.025 8.0000000000
16306  -50.891  1.079  31.284 10.0000000000
16307  -49.106  0.245  31.098 11.0000000000
16308  -47.505  -0.017  30.186 10.0000000000
16309  -47.325  -0.612  30.977 10.0000000000
16310  -43.557  -2.153  32.176 8.0000000000
16311  -43.743  -1.862  31.208 8.0000000000
16312  -41.973  -2.045  31.559 8.0000000000
16313  -40.406  -1.714  31.051 6.0000000000
16314  -40.358  -1.860  31.974 6.0000000000
19016  -57.262  5.064  28.229 5.0000000000
19018  -51.454  3.926  26.955 5.0000000000
19021  -52.294  3.863  24.986 5.0000000000
19022  -50.600  3.211  25.141 5.0000000000
19023  -44.238  1.806  27.359 5.0000000000
19024  -46.073  2.362  27.215 5.0000000000
19025  -44.678  2.094  26.418 5.0000000000
19027  -45.740  2.035  24.675 5.0000000000
19029  -47.911  2.300  23.620 6.0000000000
19063  -50.527  -2.232  41.014 5.0000000000
19064  -52.107  -2.700  40.729 5.0000000000
19065  -50.195  -2.443  39.889 5.0000000000
19067  -48.231  -2.177  38.996 5.0000000000
19069  -45.620  -0.177  41.168 6.0000000000
19072  -43.030  -1.092  38.612 5.0000000000
19073  -42.908  -1.627  37.551 5.0000000000
19074  -44.471  -2.211  37.261 5.0000000000
19075  -42.789  -2.059  36.478 5.0000000000
19081  -37.595  -0.124  33.342 5.0000000000
19101  -35.468  7.321  34.385 5.0000000000
19103  -34.997  5.747  33.820 5.0000000000
19104  -34.936  3.942  33.252 6.0000000000
19105  -34.490  5.457  32.886 6.0000000000
19106  -34.077  5.058  31.923 7.0000000000
19107  -34.237  6.949  32.600 6.0000000000
19109  -34.231  10.053  32.204 5.0000000000
23677  -40.536  -0.981  29.493 8.0000000000
23678  -40.631  -0.392  28.860 8.0000000000
23679  -38.890  -0.378  29.143 8.0000000000
23680  -37.254  0.465  28.702 8.0000000000
23681  -35.905  1.427  28.200 6.0000000000
23683  -34.780  2.303  28.723 6.0000000000
23684  -33.945  3.494  29.327 5.0000000000
23685  -33.441  4.891  29.912 6.0000000000
24759  -50.972  -0.896  34.277 6.0000000000
24760  -49.583  -0.800  33.495 8.0000000000
24761  -48.394  -0.912  32.663 9.0000000000
24762  -47.011  -1.127  31.814 9.0000000000
24763  -46.679  -1.565  32.681 8.0000000000
24764  -45.039  -2.074  32.896 8.0000000000
24765  -43.389  -2.339  33.131 7.0000000000
26386  -54.283  4.716  29.834 7.0000000000
26387  -54.279  5.147  28.936 5.0000000000
26388  -52.618  4.421  28.868 7.0000000000
26389  -51.057  3.875  27.885 5.0000000000
26390  -49.735  3.322  26.987 5.0000000000
26391  -41.478  1.679  25.831 6.0000000000
26392  -43.253  1.914  25.674 5.0000000000
26393  -41.924  1.763  24.996 5.0000000000
26413  -53.151  -3.210  43.448 5.0000000000
26414  -53.443  -3.058  42.482 5.0000000000
26416  -50.745  -1.933  42.019 5.0000000000
26417  -48.869  -1.472  41.101 6.0000000000
26440  -35.525  8.759  34.118 5.0000000000
26441  -34.825  8.665  33.275 5.0000000000
30281  -54.620  4.628  22.619 5.0000000000
30282  -53.083  3.868  22.958 5.0000000000
30283  -47.500  1.331  29.131 11.0000000000
30284  -47.407  2.018  28.643 11.0000000000
30285  -45.679  1.220  28.602 11.0000000000
30286  -44.040  1.166  28.096 9.0000000000
30287  -42.496  1.294  27.391 6.0000000000
30288  -40.708  0.209  28.185 8.0000000000
30289  -40.802  0.865  27.454 7.0000000000
30290  -41.020  1.358  26.605 7.0000000000
30291  -39.665  1.553  25.917 7.0000000000
30292  -38.322  1.982  25.209 5.0000000000
32736  -57.163  4.282  30.233 5.0000000000
32738  -57.044  3.826  31.268 5.0000000000
32739  -55.855  4.596  30.614 6.0000000000
32740  -54.310  4.149  30.651 9.0000000000
32741  -52.744  3.395  30.305 10.0000000000
32742  -51.060  2.469  29.942 11.0000000000
32745  -54.905  1.704  33.678 6.0000000000
32746  -52.851  0.307  33.877 6.0000000000
32747  -53.394  1.118  33.286 7.0000000000
32748  -53.797  1.920  32.695 8.0000000000
32749  -52.602  1.956  31.625 10.0000000000
32750  -51.121  1.795  30.572 10.0000000000
32751  -49.341  1.590  29.750 11.0000000000
32752  -47.516  0.667  29.592 10.0000000000
32753  -45.694  -0.243  29.508 10.0000000000
32754  -43.956  -0.907  29.579 10.0000000000
32755  -45.466  -1.374  30.973 8.0000000000
32756  -43.844  -1.458  30.320 8.0000000000
32757  -42.164  -1.372  29.825 9.0000000000
32758  -40.480  -1.431  30.201 7.0000000000
32759  -38.861  -1.092  30.740 7.0000000000
32760  -37.412  -0.370  31.255 7.0000000000
34449  -53.399  -4.439  43.589 5.0000000000
34451  -52.068  -2.437  44.689 5.0000000000
34452  -51.069  -1.300  44.883 5.0000000000
34461  -49.929  -0.123  44.841 5.0000000000
36128  -52.726  3.835  23.967 5.0000000000
36129  -51.455  3.238  23.296 6.0000000000
36130  -47.596  2.573  27.959 9.0000000000
36131  -48.002  2.806  27.042 6.0000000000
36132  -48.435  2.731  26.135 5.0000000000
36133  -45.220  2.086  25.496 5.0000000000
36134  -47.080  2.306  25.404 5.0000000000
36135  -48.879  2.671  25.325 5.0000000000
36136  -49.311  2.677  24.431 6.0000000000
36137  -49.707  2.703  23.497 6.0000000000
36138  -50.061  2.833  22.668 6.0000000000
36139  -48.604  2.554  21.942 5.0000000000
36141  -45.819  2.394  20.632 5.0000000000
36178  -53.531  -3.034  41.418 5.0000000000
36179  -53.347  -2.948  40.315 5.0000000000
36180  -52.981  -2.685  39.207 6.0000000000
36183  -47.821  -2.379  36.667 5.0000000000
36184  -47.706  -0.273  42.029 6.0000000000
36185  -47.214  -0.712  41.092 5.0000000000
36186  -46.846  -1.243  40.117 6.0000000000
36187  -43.219  -0.578  39.500 5.0000000000
36188  -44.795  -1.247  39.307 5.0000000000
36189  -46.515  -1.752  39.121 6.0000000000
36190  -46.219  -2.164  38.038 5.0000000000
36192  -46.106  -2.454  35.802 6.0000000000
36193  -44.551  -2.507  34.974 7.0000000000
36194  -43.109  -2.425  34.321 6.0000000000
36195  -41.661  -2.214  33.700 7.0000000000
36197  -40.095  -1.750  34.245 5.0000000000
36198  -40.191  -1.915  33.119 5.0000000000
36199  -38.867  -1.213  32.646 5.0000000000
36200  -37.473  -0.318  32.273 5.0000000000
36201  -36.128  0.796  31.993 6.0000000000
36223  -36.072  6.641  35.563 5.0000000000
36226  -35.649  2.640  33.616 5.0000000000
36227  -35.267  2.265  32.716 6.0000000000
36228  -35.053  1.991  31.730 7.0000000000
36229  -34.217  3.406  31.371 7.0000000000
36230  -33.703  4.984  30.969 7.0000000000
36231  -33.329  6.625  30.692 6.0000000000
36233  -33.584  8.326  31.491 5.0000000000
36234  -33.154  8.274  30.491 5.0000000000
41315  -36.646  0.151  30.709 7.0000000000
41316  -36.582  0.281  30.272 7.0000000000
41317  -36.004  0.735  30.545 7.0000000000
41318  -35.409  1.320  30.357 8.0000000000
41319  -35.477  1.245  30.803 7.0000000000
41915  -48.534  -1.956  35.240 6.0000000000
41916  -48.543  -1.790  34.807 6.0000000000
41917  -47.754  -1.972  34.915 6.0000000000
41918  -46.991  -2.013  34.550 7.0000000000
41919  -46.993  -2.159  35.043 7.0000000000
42815  -52.556  3.625  22.239 5.0000000000
42816  -52.626  3.732  21.798 5.0000000000
42817  -51.834  3.423  21.997 5.0000000000
42819  -51.016  3.177  22.155 5.0000000000
42820  -50.077  2.676  29.275 11.0000000000
42821  -50.027  2.984  28.983 9.0000000000
42822  -49.192  2.547  28.930 11.0000000000
42823  -38.333  2.592  24.208 5.0000000000
42824  -39.160  2.309  24.093 5.0000000000
42825  -38.595  2.746  23.824 5.0000000000
42827  -38.080  3.288  23.595 5.0000000000
42828  -37.772  3.853  23.408 5.0000000000
42829  -37.450  3.688  23.813 5.0000000000
42835  -50.527  -0.838  44.104 5.0000000000
42836  -50.423  -0.991  43.563 5.0000000000
42837  -49.731  -0.505  43.556 5.0000000000
45220  -43.115  -0.572  29.077 10.0000000000
45221  -43.140  -0.222  28.820 10.0000000000
45222  -42.281  -0.489  28.906 9.0000000000
45223  -36.677  1.311  27.545 7.0000000000
45224  -37.458  1.082  27.368 7.0000000000
45225  -36.762  1.476  27.034 6.0000000000
45226  -36.925  1.693  26.582 5.0000000000
45227  -36.189  1.955  26.816 5.0000000000
45228  -35.706  2.477  26.595 5.0000000000
45229  -35.545  2.290  27.076 5.0000000000
47016  -56.116  2.889  32.726 5.0000000000
47017  -55.484  2.853  32.651 6.0000000000
47018  -54.940  3.028  32.168 8.0000000000
47019  -54.763  2.653  32.526 8.0000000000
47023  -49.358  -0.287  32.345 9.0000000000
47024  -50.235  0.092  32.397 8.0000000000
47025  -49.623  0.032  31.967 10.0000000000
47026  -49.837  0.356  31.569 10.0000000000
47027  -48.930  -0.073  31.485 10.0000000000
47028  -48.204  -0.219  31.022 11.0000000000
47029  -48.019  -0.504  31.411 11.0000000000
47030  -42.708  -2.228  32.335 8.0000000000
47031  -42.792  -2.129  31.865 8.0000000000
47032  -41.939  -2.146  32.012 8.0000000000
47033  -41.158  -2.003  31.757 7.0000000000
47034  -41.111  -2.065  32.249 7.0000000000
49730  -46.873  2.484  19.566 5.0000000000
49732  -46.198  2.577  19.253 5.0000000000
49734  -45.444  2.670  19.408 5.0000000000
49743  -43.459  1.795  26.960 5.0000000000
49744  -44.385  1.997  26.897 5.0000000000
49745  -43.688  1.925  26.516 6.0000000000
49780  -53.996  -4.585  42.411 5.0000000000
49782  -54.024  -3.973  42.326 5.0000000000
49783  -49.566  -2.048  40.527 5.0000000000
49784  -50.372  -2.342  40.453 5.0000000000
49785  -49.407  -2.193  39.991 5.0000000000
49787  -48.392  -2.042  39.512 5.0000000000
49794  -42.834  -1.866  37.015 5.0000000000
49820  -36.990  7.862  36.846 5.0000000000
49821  -35.152  7.204  33.942 5.0000000000
49822  -35.206  6.559  34.078 5.0000000000
49823  -34.902  6.417  33.627 5.0000000000
49824  -34.727  5.588  33.374 6.0000000000
49825  -34.616  6.301  33.211 6.0000000000
49826  -34.357  6.173  32.744 6.0000000000
49827  -34.545  7.040  33.053 6.0000000000
54820  -39.704  -0.958  29.704 7.0000000000
54821  -39.714  -0.705  29.322 8.0000000000
54822  -38.870  -0.613  29.523 8.0000000000
54823  -36.565  0.546  29.339 7.0000000000
54824  -37.250  0.256  29.141 9.0000000000
54825  -36.550  0.729  28.851 7.0000000000
54826  -36.568  0.931  28.416 7.0000000000
54827  -35.871  1.257  28.665 6.0000000000
54828  -35.300  1.816  28.463 6.0000000000
54829  -35.286  1.686  28.935 6.0000000000
54830  -34.354  2.684  29.985 7.0000000000
54831  -34.330  2.765  29.500 7.0000000000
54832  -33.950  3.422  29.817 7.0000000000
54833  -33.640  4.203  29.638 6.0000000000
54834  -33.677  4.119  30.110 6.0000000000
56622  -50.903  -1.194  34.664 5.0000000000
56623  -48.649  -1.374  33.877 8.0000000000
56624  -49.478  -1.082  33.889 8.0000000000
56625  -48.778  -1.141  33.483 8.0000000000
56626  -48.977  -0.866  33.090 8.0000000000
56627  -48.153  -1.174  33.067 9.0000000000
56628  -47.527  -1.246  32.678 9.0000000000
56629  -47.305  -1.481  33.091 8.0000000000
56630  -45.587  -2.165  33.752 8.0000000000
56631  -45.727  -2.018  33.283 8.0000000000
56632  -44.895  -2.223  33.344 8.0000000000
56633  -44.194  -2.242  32.989 7.0000000000
56634  -44.082  -2.353  33.512 7.0000000000
59335  -53.498  4.381  29.732 8.0000000000
59336  -53.454  4.620  29.372 7.0000000000
59337  -52.617  4.209  29.243 9.0000000000
59338  -50.092  3.459  28.288 8.0000000000
59339  -50.935  3.801  28.330 8.0000000000
59340  -50.209  3.586  27.863 6.0000000000
59341  -50.348  3.637  27.429 5.0000000000
59342  -49.540  3.321  27.435 5.0000000000
59343  -40.791  1.706  25.457 6.0000000000
59344  -41.707  1.741  25.409 6.0000000000
59345  -41.035  1.772  25.044 6.0000000000
59383  -50.124  -1.305  42.511 5.0000000000
59384  -50.855  -1.718  42.516 5.0000000000
59385  -49.961  -1.514  42.018 6.0000000000
59386  -49.823  -1.723  41.575 6.0000000000
59387  -49.044  -1.287  41.568 6.0000000000
59424  -35.915  8.761  34.536 5.0000000000
59426  -35.618  9.514  33.969 5.0000000000
66533  -53.879  4.246  22.772 5.0000000000
66535  -46.639  0.898  29.055 10.0000000000
66536  -46.596  1.261  28.845 11.0000000000
66537  -45.732  0.851  28.806 10.0000000000
66538  -43.195  0.509  28.348 8.0000000000
66539  -44.061  0.829  28.349 9.0000000000
66540  -43.198  0.867  28.106 9.0000000000
66541  -43.272  1.202  27.795 8.0000000000
66542  -42.423  0.959  27.760 8.0000000000
66543  -39.779  -0.181  28.612 8.0000000000
66544  -40.678  -0.097  28.519 8.0000000000
66545  -39.816  0.095  28.254 8.0000000000
66546  -39.191  0.933  27.110 7.0000000000
66547  -39.936  0.721  27.461 7.0000000000
66548  -40.028  0.999  27.075 7.0000000000
66549  -40.887  1.113  27.046 8.0000000000
66550  -40.166  1.239  26.686 7.0000000000
66551  -40.399  1.456  26.254 7.0000000000
66552  -39.501  1.410  26.346 7.0000000000
66553  -37.307  2.043  25.736 5.0000000000
66554  -38.071  1.844  25.629 5.0000000000
66556  -37.761  2.347  24.933 5.0000000000
71923  -56.381  3.629  31.851 5.0000000000
71924  -56.962  3.522  31.723 5.0000000000
71925  -56.450  3.970  31.421 5.0000000000
71926  -56.491  4.233  30.970 5.0000000000
71927  -55.852  4.294  31.042 6.0000000000
71928  -55.094  4.421  30.704 6.0000000000
71929  -55.133  4.114  31.060 6.0000000000
71930  -53.597  3.124  31.163 9.0000000000
71931  -53.596  3.454  30.825 10.0000000000
71932  -52.789  3.050  30.633 10.0000000000
71933  -51.927  2.916  30.109 10.0000000000
71934  -51.953  2.590  30.420 11.0000000000
71942  -54.680  1.290  33.982 6.0000000000
71943  -51.910  -0.317  33.990 5.0000000000
71945  -52.097  0.034  33.672 6.0000000000
71946  -51.922  0.776  32.578 7.0000000000
71947  -52.522  0.752  33.079 7.0000000000
71948  -52.761  1.156  32.764 8.0000000000
71949  -53.555  1.520  32.975 8.0000000000
71950  -52.983  1.554  32.465 8.0000000000
71951  -53.200  1.942  32.186 8.0000000000
71952  -52.423  1.574  31.937 8.0000000000
71953  -50.122  1.024  30.777 11.0000000000
71954  -51.022  1.427  30.913 10.0000000000
71955  -50.212  1.355  30.436 11.0000000000
71956  -50.255  1.681  30.135 10.0000000000
71957  -49.323  1.243  30.046 11.0000000000
71958  -48.427  1.135  29.649 11.0000000000
71959  -48.427  0.767  29.946 11.0000000000
71960  -46.600  -0.453  30.170 10.0000000000
71961  -46.624  -0.137  29.820 10.0000000000
71962  -45.705  -0.564  29.848 10.0000000000
71963  -44.814  -0.609  29.509 10.0000000000
71964  -44.768  -0.923  29.867 9.0000000000
71965  -46.173  -1.466  31.843 9.0000000000
71966  -46.307  -1.244  31.369 8.0000000000
71967  -45.342  -1.564  31.436 8.0000000000
71968  -42.870  -1.839  30.898 8.0000000000
71969  -43.791  -1.673  30.743 8.0000000000
71970  -42.926  -1.659  30.437 8.0000000000
71971  -43.006  -1.415  30.030 8.0000000000
71972  -42.112  -1.594  30.194 7.0000000000
71973  -41.324  -1.482  30.004 8.0000000000
71974  -41.271  -1.643  30.405 7.0000000000
71975  -39.628  -1.526  31.270 6.0000000000
71976  -39.640  -1.429  30.862 6.0000000000
71977  -38.874  -1.170  31.136 6.0000000000
71978  -38.131  -0.787  30.992 7.0000000000
71979  -38.138  -0.800  31.403 6.0000000000
75977  -53.199  -4.631  44.008 5.0000000000
75978  -53.202  -3.959  43.956 5.0000000000
75982  -51.954  -2.564  45.102 5.0000000000
75983  -51.595  -1.866  44.798 5.0000000000
75984  -51.489  -1.928  45.237 5.0000000000
80088  -53.527  4.951  28.442 5.0000000000
80089  -54.356  5.277  28.442 5.0000000000
80090  -53.640  5.021  27.932 5.0000000000
80098  -51.693  3.498  24.584 5.0000000000
80099  -52.507  3.838  24.477 5.0000000000
80100  -51.887  3.490  24.108 5.0000000000
80101  -52.115  3.516  23.619 6.0000000000
80102  -51.261  3.205  23.747 6.0000000000
80103  -46.520  1.980  28.375 10.0000000000
80104  -47.447  2.355  28.349 10.0000000000
80105  -46.631  2.284  28.016 9.0000000000
80107  -47.061  2.594  27.117 5.0000000000
80109  -48.193  2.769  26.553 5.0000000000
80111  -43.546  1.872  25.237 5.0000000000
80112  -44.287  1.978  25.559 5.0000000000
80113  -44.524  1.940  25.138 5.0000000000
80114  -46.679  2.136  24.601 5.0000000000
80115  -46.399  2.166  25.039 5.0000000000
80116  -47.329  2.276  24.935 5.0000000000
80117  -47.980  2.472  25.324 5.0000000000
80118  -48.237  2.473  24.889 6.0000000000
80119  -49.105  2.659  24.892 6.0000000000
80120  -48.448  2.478  24.464 6.0000000000
80121  -48.127  2.339  23.198 5.0000000000
80122  -48.814  2.485  23.572 6.0000000000
80123  -49.037  2.525  23.132 5.0000000000
80124  -49.913  2.757  23.070 6.0000000000
80125  -49.234  2.588  22.711 5.0000000000
80126  -49.368  2.667  22.328 5.0000000000
80127  -48.484  2.440  22.359 5.0000000000
80223  -52.959  -2.713  42.188 5.0000000000
80224  -53.540  -3.028  41.973 5.0000000000
80225  -52.945  -2.751  41.648 5.0000000000
80226  -51.924  -2.720  40.182 5.0000000000
80227  -52.796  -2.807  40.499 5.0000000000
80228  -52.598  -2.787  39.981 5.0000000000
80229  -53.189  -2.843  39.744 6.0000000000
80230  -52.418  -2.714  39.395 6.0000000000
80231  -52.144  -2.624  38.785 6.0000000000
80232  -51.515  -2.654  39.045 6.0000000000
80235  -48.752  -2.528  37.659 5.0000000000
80236  -48.684  -2.443  37.014 5.0000000000
80237  -47.853  -2.421  37.245 5.0000000000
80239  -47.870  -0.055  42.467 6.0000000000
80240  -46.865  0.070  42.022 5.0000000000
80241  -45.399  -0.432  40.716 6.0000000000
80242  -46.385  -0.438  41.103 6.0000000000
80243  -46.187  -0.681  40.667 6.0000000000
80244  -47.019  -0.970  40.616 5.0000000000
80245  -45.967  -0.952  40.153 6.0000000000
80249  -43.816  -1.462  38.458 5.0000000000
80250  -43.856  -1.201  38.927 5.0000000000
80251  -44.703  -1.537  38.831 5.0000000000
80252  -45.660  -1.517  39.205 6.0000000000
80253  -45.520  -1.799  38.733 5.0000000000
80254  -46.401  -1.982  38.618 5.0000000000
80255  -45.420  -2.021  38.229 5.0000000000
80256  -44.465  -2.361  36.666 5.0000000000
80257  -45.296  -2.363  37.092 5.0000000000
80258  -45.275  -2.445  36.540 5.0000000000
80259  -46.091  -2.479  36.391 5.0000000000
80260  -45.248  -2.508  35.937 6.0000000000
80261  -45.307  -2.487  35.404 6.0000000000
80262  -44.492  -2.508  35.563 6.0000000000
80264  -42.974  -2.432  34.906 6.0000000000
80265  -42.247  -2.335  34.560 7.0000000000
80266  -42.396  -2.340  33.997 7.0000000000
80267  -41.556  -2.199  34.274 6.0000000000
80273  -39.474  -1.446  33.977 5.0000000000
80274  -40.161  -1.828  33.734 5.0000000000
80275  -39.500  -1.521  33.410 5.0000000000
80276  -39.530  -1.579  32.840 5.0000000000
80277  -38.868  -1.177  33.162 5.0000000000
80278  -36.972  0.456  33.130 5.0000000000
80279  -37.534  -0.230  32.807 5.0000000000
80280  -36.894  0.305  32.608 5.0000000000
80281  -36.782  0.242  32.111 5.0000000000
80282  -36.221  0.903  32.505 6.0000000000
80339  -35.403  5.349  34.471 5.0000000000
80340  -35.656  5.546  34.897 5.0000000000
80341  -35.645  4.699  34.598 5.0000000000
80345  -35.478  3.541  33.878 5.0000000000
80346  -34.756  3.762  32.785 6.0000000000
80347  -35.064  3.062  33.005 6.0000000000
80348  -34.934  2.859  32.522 6.0000000000
80349  -35.123  2.122  32.228 6.0000000000
80350  -34.735  2.770  32.025 7.0000000000
80351  -34.589  2.692  31.540 7.0000000000
80352  -34.394  3.471  31.846 7.0000000000
80353  -33.902  5.853  31.786 7.0000000000
80354  -33.882  5.004  31.448 8.0000000000
80355  -33.690  5.819  31.304 7.0000000000
80356  -33.467  5.795  30.787 6.0000000000
80357  -33.550  6.633  31.212 6.0000000000
80358  -34.877  9.427  33.198 5.0000000000
80359  -34.488  8.598  32.842 6.0000000000
80361  -33.912  9.957  31.741 5.0000000000
80362  -33.863  9.184  31.886 5.0000000000
80363  -33.594  9.135  31.381 5.0000000000
80364  -33.352  8.281  31.007 5.0000000000
80365  -33.371  9.089  30.867 5.0000000000
92797  -38.082  -0.580  30.168 7.0000000000
92798  -38.065  -0.424  29.748 7.0000000000
92799  -37.309  -0.099  29.987 7.0000000000
92800  -36.575  0.401  29.819 8.0000000000
92801  -35.900  0.942  29.620 7.0000000000
92802  -35.294  1.545  29.395 7.0000000000
92803  -35.313  1.429  29.875 7.0000000000
92804  -34.855  1.966  30.206 7.0000000000
92805  -34.437  2.572  30.458 7.0000000000
93878  -50.141  -1.400  34.655 6.0000000000
93879  -49.332  -1.610  34.724 7.0000000000
93880  -48.577  -1.598  34.346 8.0000000000
93881  -47.809  -1.624  33.982 8.0000000000
93882  -47.161  -1.687  33.556 8.0000000000
93883  -47.059  -1.886  34.031 8.0000000000
93884  -46.279  -2.091  34.103 7.0000000000
93885  -45.497  -2.292  34.227 7.0000000000
95504  -50.363  3.146  21.359 5.0000000000
95505  -49.548  2.894  21.446 5.0000000000
95506  -51.803  3.531  29.501 10.0000000000
95507  -51.749  3.795  29.136 9.0000000000
95508  -50.895  3.410  29.071 9.0000000000
95509  -50.007  3.255  28.664 8.0000000000
95510  -49.204  3.108  28.283 9.0000000000
95511  -39.437  1.955  24.768 5.0000000000
95512  -40.397  1.818  24.734 6.0000000000
95513  -39.711  2.024  24.389 5.0000000000
95522  -37.473  4.461  23.295 5.0000000000
95533  -51.687  -1.817  43.983 5.0000000000
95534  -51.687  -1.859  43.478 5.0000000000
95535  -51.070  -1.435  43.581 5.0000000000
95536  -50.287  -1.132  43.056 5.0000000000
95537  -49.409  -0.955  42.537 6.0000000000
99826  -44.885  0.087  28.985 10.0000000000
99827  -44.839  0.435  28.776 10.0000000000
99828  -44.023  0.092  28.765 10.0000000000
99829  -43.185  0.144  28.579 8.0000000000
99830  -42.355  0.258  28.368 8.0000000000
99831  -38.159  0.477  28.097 8.0000000000
99832  -38.983  0.411  27.953 9.0000000000
99833  -38.215  0.725  27.652 8.0000000000
99834  -38.334  0.962  27.207 6.0000000000
99835  -38.484  1.174  26.795 6.0000000000
99836  -38.614  1.372  26.402 6.0000000000
99837  -37.741  1.488  26.478 6.0000000000
99838  -37.106  1.886  26.156 5.0000000000
99839  -36.559  2.339  25.920 5.0000000000
99840  -36.048  2.871  25.723 5.0000000000
99841  -35.855  2.711  26.143 5.0000000000
99842  -35.246  3.102  26.398 5.0000000000
99843  -34.704  3.582  26.637 5.0000000000
103059  -56.732  2.880  32.573 5.0000000000
103060  -56.270  3.266  32.286 5.0000000000
103061  -55.772  3.617  31.859 5.0000000000
103062  -55.144  3.789  31.414 8.0000000000
103063  -55.094  3.431  31.783 8.0000000000
103064  -54.327  3.123  31.651 9.0000000000
103065  -53.516  2.742  31.495 9.0000000000
103071  -50.602  -0.223  33.116 8.0000000000
103072  -51.471  0.105  33.209 8.0000000000
103073  -50.854  0.095  32.763 8.0000000000
103074  -51.103  0.414  32.442 7.0000000000
103075  -51.370  0.751  32.128 7.0000000000
103076  -51.569  1.144  31.789 8.0000000000
103077  -50.718  0.730  31.656 8.0000000000
103078  -49.997  0.679  31.178 11.0000000000
103079  -49.208  0.577  30.729 11.0000000000
103080  -48.394  0.417  30.277 11.0000000000
103081  -48.328  0.096  30.637 11.0000000000
103082  -47.451  -0.330  30.577 10.0000000000
103083  -46.541  -0.742  30.555 9.0000000000
103084  -44.392  -1.984  32.057 8.0000000000
103085  -44.502  -1.818  31.565 8.0000000000
103086  -43.652  -2.025  31.714 8.0000000000
103087  -42.807  -1.984  31.379 8.0000000000
103088  -42.021  -1.920  31.110 8.0000000000
103089  -41.200  -1.779  30.829 7.0000000000
103090  -41.175  -1.909  31.283 7.0000000000
103091  -40.395  -1.817  31.512 6.0000000000
103092  -39.595  -1.572  31.739 6.0000000000
107958  -52.100  4.261  27.469 5.0000000000
107959  -52.942  4.682  27.506 5.0000000000
107960  -52.304  4.278  26.983 5.0000000000
107965  -51.471  3.539  25.076 5.0000000000
107966  -50.852  3.224  24.674 5.0000000000
107967  -44.990  1.866  27.721 8.0000000000
107968  -45.855  2.220  27.638 8.0000000000
107969  -45.128  2.087  27.283 5.0000000000
107970  -45.362  2.221  26.825 5.0000000000
107973  -44.788  1.919  24.731 5.0000000000
107975  -45.960  2.013  24.265 5.0000000000
107976  -46.846  2.118  24.145 5.0000000000
107977  -47.709  2.285  24.044 6.0000000000
107980  -47.405  2.277  22.821 5.0000000000
107981  -47.605  2.332  22.437 5.0000000000
108039  -51.415  -2.380  41.425 6.0000000000
108040  -52.153  -2.634  41.240 5.0000000000
108041  -51.306  -2.465  40.886 6.0000000000
108042  -51.193  -2.559  40.374 6.0000000000
108043  -50.988  -2.645  39.798 5.0000000000
108045  -50.010  -2.552  39.333 5.0000000000
108049  -45.845  0.096  41.631 6.0000000000
108050  -44.845  0.127  41.258 5.0000000000
108051  -44.623  -0.152  40.796 5.0000000000
108052  -44.369  -0.421  40.341 5.0000000000
108056  -42.960  -1.373  38.056 5.0000000000
108057  -43.745  -1.740  37.943 5.0000000000
108058  -44.518  -2.032  37.788 5.0000000000
108059  -43.654  -1.996  37.364 5.0000000000
108060  -43.615  -2.174  36.862 5.0000000000
108061  -43.640  -2.314  36.319 5.0000000000
108062  -43.691  -2.409  35.776 5.0000000000
108071  -38.233  -0.661  33.511 5.0000000000
108110  -35.287  5.957  34.270 5.0000000000
108111  -35.171  5.117  34.028 6.0000000000
108112  -35.135  4.215  33.708 6.0000000000
108113  -34.886  4.880  33.517 6.0000000000
108114  -34.694  4.702  33.051 6.0000000000
108115  -34.484  4.545  32.559 6.0000000000
108116  -34.302  4.347  32.115 7.0000000000
108117  -34.279  5.265  32.401 6.0000000000
108118  -34.126  6.011  32.257 7.0000000000
108119  -33.986  6.823  32.133 7.0000000000
108123  -34.376  10.837  31.999 5.0000000000
116683  -41.407  -0.973  29.345 9.0000000000
116684  -41.440  -0.640  29.042 8.0000000000
116685  -40.572  -0.689  29.168 8.0000000000
116686  -39.756  -0.435  28.952 8.0000000000
116687  -38.883  -0.106  28.755 9.0000000000
116688  -38.042  -0.199  29.338 9.0000000000
116689  -38.063  0.008  28.917 9.0000000000
116690  -38.094  0.225  28.512 8.0000000000
116691  -37.340  0.661  28.253 8.0000000000
116692  -36.619  1.118  27.987 6.0000000000
116693  -35.954  1.594  27.764 6.0000000000
116695  -35.336  1.983  27.980 5.0000000000
116696  -34.848  2.409  28.246 5.0000000000
116697  -34.350  2.965  28.517 5.0000000000
116698  -34.778  2.166  29.210 6.0000000000
116699  -34.330  2.841  29.000 5.0000000000
116703  -33.210  5.682  29.729 6.0000000000
119207  -51.068  -0.572  33.864 8.0000000000
119208  -50.197  -1.103  34.302 6.0000000000
119209  -50.278  -0.818  33.898 8.0000000000
119210  -50.396  -0.535  33.478 8.0000000000
119211  -49.780  -0.519  33.131 8.0000000000
119212  -49.182  -0.567  32.701 8.0000000000
119213  -48.527  -0.673  32.273 10.0000000000
119214  -47.831  -0.791  31.823 10.0000000000
119215  -47.674  -1.028  32.247 10.0000000000
119216  -46.852  -1.356  32.233 9.0000000000
119217  -45.974  -1.660  32.314 9.0000000000
119218  -46.531  -1.765  33.137 8.0000000000
119219  -45.847  -1.850  32.798 8.0000000000
119220  -45.158  -1.921  32.441 9.0000000000
119221  -44.321  -2.120  32.502 8.0000000000
119222  -43.462  -2.261  32.633 7.0000000000
119223  -42.615  -2.293  32.838 7.0000000000
123002  -47.526  2.504  19.946 5.0000000000
123003  -46.763  2.439  20.034 5.0000000000
123004  -55.083  4.937  29.846 7.0000000000
123005  -55.063  5.175  29.365 6.0000000000
123006  -54.258  4.955  29.395 7.0000000000
123007  -53.467  4.811  28.922 5.0000000000
123008  -52.700  4.579  28.423 5.0000000000
123009  -51.714  4.018  28.773 8.0000000000
123010  -51.815  4.182  28.373 7.0000000000
123011  -51.941  4.237  27.926 5.0000000000
123012  -51.228  3.881  27.389 5.0000000000
123013  -50.567  3.629  26.987 5.0000000000
123015  -42.126  1.742  26.170 7.0000000000
123016  -42.971  1.875  26.136 6.0000000000
123017  -42.356  1.790  25.758 5.0000000000
123018  -42.596  1.800  25.343 5.0000000000
123019  -42.852  1.784  24.932 5.0000000000
123020  -41.292  1.783  24.654 5.0000000000
123021  -42.155  1.741  24.612 5.0000000000
123022  -43.119  1.759  24.550 5.0000000000
123067  -53.544  -3.671  43.165 5.0000000000
123068  -53.717  -3.536  42.688 5.0000000000
123069  -53.311  -3.113  42.982 5.0000000000
123072  -51.648  -1.933  42.983 5.0000000000
123073  -51.574  -2.111  42.503 5.0000000000
123074  -51.520  -2.254  41.976 5.0000000000
123075  -50.622  -2.095  41.506 5.0000000000
123076  -49.730  -1.897  41.060 6.0000000000
123077  -48.690  -1.661  40.586 6.0000000000
123121  -37.045  8.438  36.607 5.0000000000
123129  -35.480  7.959  34.243 5.0000000000
123130  -35.127  7.931  33.825 5.0000000000
123131  -34.799  7.859  33.370 5.0000000000
123132  -35.191  8.692  33.704 5.0000000000
123133  -35.256  9.461  33.603 5.0000000000
129239  -49.305  -2.052  35.683 5.0000000000
129240  -48.549  -2.134  35.783 5.0000000000
132657  -54.695  4.675  22.106 5.0000000000
132658  -53.950  4.273  22.282 5.0000000000
132659  -53.198  3.918  22.494 5.0000000000
132660  -52.455  3.587  22.649 5.0000000000
132661  -48.352  1.787  29.186 11.0000000000
132662  -48.325  2.129  28.915 11.0000000000
132663  -47.445  1.674  28.904 11.0000000000
132664  -46.506  1.624  28.644 11.0000000000
132665  -45.701  1.583  28.350 10.0000000000
132666  -44.865  0.819  28.581 11.0000000000
132667  -44.875  1.181  28.350 10.0000000000
132668  -44.905  1.528  28.080 9.0000000000
132669  -44.135  1.528  27.768 8.0000000000
132670  -43.362  1.525  27.408 6.0000000000
132671  -42.564  1.579  26.960 6.0000000000
132672  -41.461  -0.295  28.741 8.0000000000
132673  -41.467  0.068  28.475 8.0000000000
132674  -41.517  0.409  28.132 8.0000000000
132675  -39.861  0.413  27.874 9.0000000000
132676  -40.731  0.537  27.833 10.0000000000
132677  -41.585  0.739  27.783 9.0000000000
132678  -41.662  1.069  27.421 8.0000000000
132679  -41.713  1.339  26.979 8.0000000000
132680  -41.893  1.581  26.569 7.0000000000
132681  -41.230  1.594  26.189 7.0000000000
132682  -40.578  1.607  25.846 7.0000000000
132683  -39.864  1.682  25.498 6.0000000000
132684  -38.765  1.563  25.989 6.0000000000
132685  -38.941  1.707  25.563 7.0000000000
132686  -39.213  1.851  25.158 6.0000000000
132687  -38.591  2.089  24.811 5.0000000000
132688  -38.040  2.465  24.563 5.0000000000
132689  -37.563  2.939  24.351 5.0000000000
132702  -34.214  4.140  26.892 5.0000000000
139421  -57.181  4.505  29.762 5.0000000000
139422  -56.544  4.745  30.079 5.0000000000
139429  -57.087  4.087  30.754 5.0000000000
139430  -56.527  4.500  30.522 5.0000000000
139431  -55.837  4.832  30.234 6.0000000000
139432  -55.118  4.686  30.298 7.0000000000
139433  -54.290  4.448  30.251 7.0000000000
139434  -53.530  4.089  30.122 9.0000000000
139435  -54.362  3.831  30.979 9.0000000000
139436  -53.564  3.780  30.485 10.0000000000
139437  -52.692  3.706  29.967 10.0000000000
139438  -51.864  3.245  29.829 10.0000000000
139439  -50.973  2.809  29.662 10.0000000000
139440  -50.148  2.357  29.556 10.0000000000
139449  -55.094  2.110  33.360 6.0000000000
139452  -53.742  0.587  34.114 6.0000000000
139453  -52.290  0.389  33.366 7.0000000000
139454  -53.123  0.710  33.590 7.0000000000
139455  -53.963  1.000  33.818 6.0000000000
139456  -54.157  1.423  33.509 6.0000000000
139457  -54.339  1.850  33.187 6.0000000000
139458  -54.567  2.278  32.865 7.0000000000
139459  -54.020  2.319  32.377 8.0000000000
139460  -53.385  2.345  31.839 9.0000000000
139461  -52.729  2.323  31.310 9.0000000000
139462  -51.748  1.513  31.448 9.0000000000
139463  -51.904  1.869  31.097 11.0000000000
139464  -51.937  2.248  30.752 11.0000000000
139465  -51.122  2.144  30.240 10.0000000000
139466  -50.197  2.021  29.832 10.0000000000
139467  -49.288  1.921  29.468 11.0000000000
139468  -48.408  1.481  29.395 11.0000000000
139469  -47.500  1.018  29.339 10.0000000000
139470  -46.628  0.529  29.265 10.0000000000
139471  -47.522  0.322  29.871 10.0000000000
139472  -46.641  0.191  29.519 10.0000000000
139473  -45.737  0.137  29.248 10.0000000000
139474  -44.867  -0.269  29.225 10.0000000000
139475  -43.961  -0.581  29.272 10.0000000000
139476  -43.115  -0.877  29.355 10.0000000000
139477  -47.156  -0.895  31.404 11.0000000000
139478  -46.425  -1.006  30.954 9.0000000000
139479  -45.580  -1.147  30.559 9.0000000000
139480  -44.639  -1.637  31.068 8.0000000000
139481  -44.678  -1.437  30.621 8.0000000000
139482  -44.730  -1.200  30.229 9.0000000000
139483  -43.905  -1.229  29.940 9.0000000000
139484  -43.073  -1.155  29.675 10.0000000000
139485  -42.228  -1.119  29.502 9.0000000000
139486  -41.375  -1.292  29.644 9.0000000000
139487  -40.491  -1.246  29.798 7.0000000000
139488  -39.660  -1.151  30.109 7.0000000000
139489  -40.435  -1.578  30.610 6.0000000000
139490  -39.643  -1.302  30.460 7.0000000000
139491  -38.806  -0.955  30.333 7.0000000000
139492  -38.086  -0.686  30.579 7.0000000000
139493  -37.338  -0.308  30.842 7.0000000000
139494  -36.708  0.126  31.113 7.0000000000
144372  -53.763  -4.779  42.806 5.0000000000
144381  -53.618  -4.280  43.173 5.0000000000
144382  -53.386  -3.766  43.539 5.0000000000
144387  -52.150  -2.352  44.295 5.0000000000
144388  -51.639  -1.802  44.376 5.0000000000
144389  -51.104  -1.327  44.495 5.0000000000
144390  -50.539  -0.748  44.503 5.0000000000
144414  -51.373  -2.024  45.632 5.0000000000
144415  -51.021  -1.329  45.268 5.0000000000
144416  -50.542  -0.690  44.909 5.0000000000
144417  -49.911  -0.174  44.415 5.0000000000
149344  -55.110  5.392  28.884 6.0000000000
149347  -53.784  5.065  27.467 5.0000000000
149357  -53.371  4.204  24.346 5.0000000000
149358  -53.554  4.198  23.797 5.0000000000
149360  -52.306  3.549  23.119 5.0000000000
149361  -51.651  3.285  22.828 6.0000000000
149362  -48.332  2.452  28.635 12.0000000000
149363  -48.350  2.720  28.338 11.0000000000
149364  -48.483  2.921  27.934 8.0000000000
149365  -46.829  2.494  27.592 7.0000000000
149366  -47.782  2.729  27.524 8.0000000000
149367  -48.677  3.004  27.456 6.0000000000
149368  -48.882  3.020  26.974 5.0000000000
149371  -43.983  1.977  26.035 5.0000000000
149372  -44.971  2.115  25.940 5.0000000000
149374  -45.449  2.034  25.088 5.0000000000
149375  -46.127  2.214  25.453 5.0000000000
149377  -47.771  2.510  25.771 5.0000000000
149378  -48.664  2.696  25.735 5.0000000000
149381  -49.946  2.938  24.781 5.0000000000
149382  -50.215  2.949  24.330 5.0000000000
149383  -48.603  2.484  24.025 6.0000000000
149384  -49.512  2.699  23.971 6.0000000000
149385  -50.422  2.953  23.868 6.0000000000
149386  -50.583  2.967  23.417 6.0000000000
149387  -50.766  3.008  22.997 6.0000000000
149388  -50.896  3.094  22.566 6.0000000000
149389  -50.185  2.937  22.265 6.0000000000
149390  -49.438  2.800  21.902 5.0000000000
149391  -48.714  2.682  21.527 5.0000000000
149392  -47.778  2.395  22.065 5.0000000000
149393  -47.910  2.497  21.679 5.0000000000
149396  -46.635  2.384  20.503 5.0000000000
149397  -45.953  2.453  20.167 5.0000000000
149404  -45.016  2.423  20.746 5.0000000000
149405  -45.193  2.506  20.301 5.0000000000
149406  -45.314  2.565  19.852 5.0000000000
149506  -53.877  -3.442  42.188 5.0000000000
149507  -53.979  -3.369  41.692 5.0000000000
149508  -54.061  -3.311  41.115 5.0000000000
149509  -52.877  -2.785  41.069 5.0000000000
149510  -53.464  -3.009  40.872 5.0000000000
149511  -54.015  -3.217  40.598 5.0000000000
149522  -48.596  -2.311  36.408 5.0000000000
149523  -47.796  -2.279  36.037 5.0000000000
149524  -48.870  -0.252  43.021 6.0000000000
149525  -48.716  -0.539  42.556 6.0000000000
149526  -48.489  -0.717  42.048 6.0000000000
149527  -46.628  -0.205  41.540 5.0000000000
149528  -47.485  -0.504  41.560 6.0000000000
149529  -48.249  -0.888  41.549 6.0000000000
149530  -48.073  -1.096  41.063 6.0000000000
149531  -47.903  -1.346  40.599 5.0000000000
149532  -47.706  -1.521  40.064 5.0000000000
149534  -43.392  -0.320  39.919 5.0000000000
149535  -44.169  -0.648  39.877 5.0000000000
149536  -43.115  -0.827  39.093 5.0000000000
149537  -43.958  -0.906  39.394 5.0000000000
149538  -44.968  -0.970  39.790 6.0000000000
149539  -45.795  -1.233  39.681 6.0000000000
149540  -46.660  -1.502  39.607 6.0000000000
149541  -47.532  -1.762  39.575 6.0000000000
149542  -47.428  -1.995  39.066 6.0000000000
149543  -47.302  -2.139  38.532 5.0000000000
149545  -45.325  -2.217  37.677 5.0000000000
149546  -46.179  -2.320  37.501 5.0000000000
149548  -46.907  -2.423  36.744 5.0000000000
149549  -46.944  -2.403  36.227 5.0000000000
149550  -46.963  -2.315  35.633 6.0000000000
149551  -46.139  -2.375  35.184 7.0000000000
149552  -45.395  -2.412  34.814 7.0000000000
149553  -44.659  -2.450  34.421 7.0000000000
149554  -43.746  -2.437  35.214 7.0000000000
149555  -43.798  -2.487  34.647 6.0000000000
149556  -43.945  -2.431  34.070 6.0000000000
149557  -43.248  -2.389  33.722 7.0000000000
149558  -42.514  -2.323  33.466 7.0000000000
149559  -41.754  -2.223  33.145 7.0000000000
149561  -40.641  -1.675  35.558 5.0000000000
149562  -40.707  -1.839  35.007 5.0000000000
149565  -40.761  -1.938  34.500 5.0000000000
149566  -40.846  -2.026  33.984 5.0000000000
149567  -40.947  -2.079  33.397 5.0000000000
149568  -41.022  -2.078  32.827 6.0000000000
149569  -40.283  -1.890  32.524 5.0000000000
149570  -39.585  -1.601  32.287 5.0000000000
149571  -38.881  -1.247  32.119 5.0000000000
149572  -38.170  -0.723  32.944 5.0000000000
149573  -38.157  -0.795  32.440 5.0000000000
149574  -38.130  -0.809  31.914 6.0000000000
149575  -37.422  -0.353  31.754 6.0000000000
149576  -36.744  0.171  31.612 7.0000000000
149577  -36.101  0.710  31.472 7.0000000000
149641  -36.615  7.685  36.306 5.0000000000
149642  -36.359  6.874  36.015 5.0000000000
149645  -35.890  5.780  35.350 5.0000000000
149652  -35.956  1.755  33.304 5.0000000000
149653  -35.257  3.289  33.446 6.0000000000
149654  -35.453  2.423  33.172 6.0000000000
149655  -35.787  1.628  32.858 6.0000000000
149656  -35.631  1.507  32.394 6.0000000000
149657  -35.551  1.398  31.897 7.0000000000
149658  -35.474  1.319  31.341 7.0000000000
149659  -34.995  1.892  31.210 7.0000000000
149660  -34.521  2.612  31.022 7.0000000000
149661  -34.134  3.322  30.816 7.0000000000
149662  -34.131  4.191  31.633 7.0000000000
149663  -33.951  4.169  31.151 7.0000000000
149664  -33.778  4.147  30.629 7.0000000000
149665  -33.536  4.953  30.452 6.0000000000
149666  -33.335  5.748  30.272 6.0000000000
149667  -33.170  6.569  30.128 6.0000000000
149668  -34.479  7.808  32.927 6.0000000000
149669  -34.145  7.744  32.505 6.0000000000
149670  -33.854  7.652  32.063 6.0000000000
149671  -34.177  9.263  32.347 5.0000000000
149672  -33.846  8.415  31.979 5.0000000000
149673  -33.657  7.524  31.584 6.0000000000
149674  -33.420  7.471  31.109 6.0000000000
149675  -33.194  7.456  30.600 5.0000000000
999  -33.049  6.494  29.584 0.0000000000
2918  -33.984  3.704  28.324 0.0000000000
3515  -50.822  -1.485  35.072 0.0000000000
4415  -54.800  4.728  21.593 0.0000000000
4419  -48.852  2.762  21.096 0.0000000000
4435  -52.224  -2.311  43.903 0.0000000000
4451  -34.933  10.218  33.087 0.0000000000
6396  -54.363  4.582  23.687 0.0000000000
6403  -34.373  4.302  26.452 0.0000000000
6407  -46.053  0.410  42.071 0.0000000000
8045  -53.035  -4.826  44.398 0.0000000000
8641  -54.434  -3.559  40.867 0.0000000000
8643  -47.960  -2.394  37.827 0.0000000000
12097  -51.907  3.516  21.578 0.0000000000
12098  -50.432  3.238  20.865 0.0000000000
12105  -39.429  2.437  23.689 0.0000000000
12107  -38.430  3.438  23.202 0.0000000000
12108  -37.778  4.629  22.982 0.0000000000
12109  -37.140  4.312  23.666 0.0000000000
16295  -56.583  2.524  32.991 0.0000000000
19010  -47.642  2.518  19.445 0.0000000000
19012  -46.297  2.654  18.751 0.0000000000
19014  -44.888  2.907  19.109 0.0000000000
19015  -57.170  4.730  29.314 0.0000000000
19017  -55.894  5.447  28.721 0.0000000000
19019  -53.107  4.689  27.023 0.0000000000
19028  -46.154  1.999  23.839 0.0000000000
19030  -46.565  2.066  22.954 0.0000000000
19031  -46.917  2.255  22.157 0.0000000000
19060  -54.078  -5.036  41.974 0.0000000000
19062  -54.218  -3.804  41.852 0.0000000000
19066  -49.830  -2.601  38.744 0.0000000000
19068  -43.996  0.528  41.366 0.0000000000
19070  -43.612  -0.079  40.381 0.0000000000
19076  -42.872  -2.382  35.441 0.0000000000
19077  -41.357  -1.847  35.854 0.0000000000
19100  -36.663  7.057  36.537 0.0000000000
19102  -35.535  6.162  34.706 0.0000000000
19110  -34.581  11.629  31.790 0.0000000000
23682  -34.882  2.585  27.781 0.0000000000
24758  -52.542  -0.440  34.409 0.0000000000
26385  -47.466  2.489  20.436 0.0000000000
26394  -42.459  1.733  24.223 0.0000000000
26415  -52.301  -2.346  42.858 0.0000000000
26437  -36.721  8.276  36.154 0.0000000000
26439  -36.291  8.908  34.965 0.0000000000
26442  -35.724  10.320  33.816 0.0000000000
29022  -49.314  -2.257  36.207 0.0000000000
30293  -37.287  2.783  24.730 0.0000000000
30298  -34.102  3.993  27.356 0.0000000000
30305  -48.102  0.199  42.923 0.0000000000
34446  -53.562  -5.402  42.732 0.0000000000
34450  -52.866  -3.493  44.229 0.0000000000
34460  -50.952  -1.433  45.632 0.0000000000
36124  -54.460  5.356  27.940 0.0000000000
36127  -54.006  4.592  24.817 0.0000000000
36140  -47.246  2.408  21.345 0.0000000000
36143  -44.220  2.473  20.855 0.0000000000
36144  -44.560  2.684  19.982 0.0000000000
36181  -51.302  -2.627  38.415 0.0000000000
36182  -49.499  -2.554  37.480 0.0000000000
36191  -46.117  -2.424  36.961 0.0000000000
36196  -40.047  -1.440  35.268 0.0000000000
36224  -35.875  4.902  35.055 0.0000000000
36232  -34.146  8.490  32.439 0.0000000000
42818  -51.126  3.243  21.767 0.0000000000
42826  -38.854  2.886  23.420 0.0000000000
45230  -33.157  5.742  29.252 0.0000000000
47015  -55.957  2.527  33.116 0.0000000000
49731  -46.990  2.522  19.083 0.0000000000
49733  -45.578  2.776  18.948 0.0000000000
49735  -56.501  4.984  29.624 0.0000000000
49737  -55.839  5.255  29.274 0.0000000000
49738  -50.794  3.599  26.533 0.0000000000
49739  -51.659  3.949  26.502 0.0000000000
49741  -51.225  3.569  25.565 0.0000000000
49742  -50.375  3.213  25.609 0.0000000000
49747  -45.247  1.909  23.957 0.0000000000
49781  -54.241  -4.384  41.957 0.0000000000
49786  -49.212  -2.329  39.415 0.0000000000
49789  -43.799  0.198  40.857 0.0000000000
49792  -42.158  -1.258  37.727 0.0000000000
49793  -42.108  -1.542  37.207 0.0000000000
49795  -42.066  -1.777  36.695 0.0000000000
49796  -42.046  -1.994  36.157 0.0000000000
49814  -37.874  9.305  37.446 0.0000000000
49816  -37.764  8.712  37.607 0.0000000000
49818  -37.352  7.984  37.346 0.0000000000
49819  -37.008  7.174  37.053 0.0000000000
49829  -34.876  11.830  32.255 0.0000000000
56620  -51.571  -1.295  35.053 0.0000000000
56621  -51.642  -0.995  34.632 0.0000000000
59330  -49.650  2.955  20.977 0.0000000000
59333  -48.221  2.594  20.278 0.0000000000
59346  -40.898  1.949  23.916 0.0000000000
59347  -41.552  1.781  24.267 0.0000000000
59360  -37.208  5.118  23.216 0.0000000000
59380  -52.734  -2.751  43.671 0.0000000000
59381  -52.808  -2.674  43.182 0.0000000000
59382  -52.296  -2.322  43.395 0.0000000000
59423  -36.408  9.569  34.827 0.0000000000
59425  -36.014  9.484  34.404 0.0000000000
59427  -36.138  10.307  34.223 0.0000000000
63833  -50.014  -2.180  36.064 0.0000000000
66531  -55.265  4.991  22.971 0.0000000000
66532  -54.491  4.600  23.156 0.0000000000
66534  -53.715  4.216  23.279 0.0000000000
66555  -37.517  2.207  25.321 0.0000000000
66557  -36.999  2.631  25.135 0.0000000000
66559  -36.298  3.011  25.329 0.0000000000
66560  -34.877  3.784  26.183 0.0000000000
66561  -35.095  3.956  25.768 0.0000000000
66565  -34.412  3.092  28.037 0.0000000000
71918  -57.627  3.943  29.838 0.0000000000
71919  -57.601  3.702  30.430 0.0000000000
71938  -55.078  0.613  34.671 0.0000000000
71940  -55.260  1.035  34.382 0.0000000000
71941  -55.456  1.451  34.099 0.0000000000
71944  -52.698  -0.096  34.137 0.0000000000
75975  -53.059  -5.381  44.007 0.0000000000
75976  -53.283  -5.185  43.576 0.0000000000
75979  -53.012  -4.153  44.367 0.0000000000
75980  -52.207  -3.284  45.301 0.0000000000
75981  -52.360  -3.149  44.898 0.0000000000
76006  -50.512  -0.706  45.290 0.0000000000
76007  -49.897  -0.066  45.234 0.0000000000
76008  -49.370  0.453  44.855 0.0000000000
80083  -56.702  5.473  28.012 0.0000000000
80084  -57.361  5.211  27.686 0.0000000000
80092  -53.967  5.088  26.959 0.0000000000
80106  -46.344  2.420  26.748 0.0000000000
80108  -47.283  2.589  26.655 0.0000000000
80110  -47.519  2.555  26.207 0.0000000000
80129  -47.077  2.346  21.766 0.0000000000
80131  -46.553  2.347  21.002 0.0000000000
80132  -45.677  2.298  21.109 0.0000000000
80139  -44.420  2.584  20.429 0.0000000000
80222  -54.451  -3.375  40.354 0.0000000000
80233  -48.875  -2.521  38.312 0.0000000000
80234  -49.661  -2.595  38.110 0.0000000000
80238  -47.117  0.365  42.492 0.0000000000
80247  -42.542  -0.221  39.638 0.0000000000
80248  -42.336  -0.434  39.176 0.0000000000
80263  -42.148  -2.270  35.097 0.0000000000
80269  -39.998  -1.209  35.784 0.0000000000
80271  -38.835  -0.944  34.231 0.0000000000
80272  -39.424  -1.304  34.452 0.0000000000
80337  -36.328  7.486  35.857 0.0000000000
80338  -36.005  7.258  35.431 0.0000000000
80342  -35.958  3.973  34.756 0.0000000000
80343  -35.732  3.796  34.333 0.0000000000
80344  -35.867  2.844  34.035 0.0000000000
80360  -34.511  9.363  32.787 0.0000000000
80366  -33.189  9.024  30.328 0.0000000000
80367  -33.472  9.849  30.727 0.0000000000
93877  -50.083  -1.683  35.135 0.0000000000
95497  -54.039  4.331  21.801 0.0000000000
95499  -53.390  4.080  21.615 0.0000000000
95500  -52.675  3.817  21.388 0.0000000000
95503  -51.179  3.375  21.299 0.0000000000
95514  -40.013  2.092  23.994 0.0000000000
95521  -38.074  4.020  23.058 0.0000000000
95523  -36.907  4.943  23.561 0.0000000000
103057  -57.118  2.332  32.784 0.0000000000
103058  -57.234  2.654  32.363 0.0000000000
103070  -54.319  0.435  34.555 0.0000000000
105495  -52.034  -3.489  45.746 0.0000000000
107954  -57.670  4.525  28.373 0.0000000000
107955  -57.183  4.906  28.790 0.0000000000
107956  -56.620  5.325  28.528 0.0000000000
107961  -52.549  4.327  26.498 0.0000000000
107963  -52.924  4.271  25.455 0.0000000000
107964  -52.099  3.942  25.519 0.0000000000
107971  -45.666  2.280  26.343 0.0000000000
107972  -44.088  1.809  24.440 0.0000000000
107974  -45.030  1.915  24.346 0.0000000000
107978  -47.026  2.135  23.702 0.0000000000
107979  -47.224  2.178  23.269 0.0000000000
107982  -46.744  2.154  22.544 0.0000000000
108038  -54.360  -3.686  41.359 0.0000000000
108044  -50.776  -2.689  39.207 0.0000000000
108046  -49.016  -2.448  38.846 0.0000000000
108047  -48.117  -2.303  38.430 0.0000000000
108048  -45.025  0.465  41.725 0.0000000000
108054  -42.291  -0.682  38.740 0.0000000000
108055  -42.220  -0.964  38.241 0.0000000000
108063  -42.838  -2.228  35.981 0.0000000000
108065  -41.404  -1.993  35.321 0.0000000000
108070  -38.258  -0.500  34.002 0.0000000000
108072  -37.692  -0.028  33.812 0.0000000000
108073  -37.101  0.563  33.636 0.0000000000
108074  -36.589  1.097  33.489 0.0000000000
108106  -36.425  6.206  36.219 0.0000000000
108107  -35.798  7.542  34.850 0.0000000000
108109  -35.480  6.745  34.583 0.0000000000
108121  -34.571  10.156  32.658 0.0000000000
108122  -34.692  10.993  32.474 0.0000000000
108124  -34.080  10.754  31.518 0.0000000000
108125  -33.834  10.738  31.042 0.0000000000
116694  -35.422  2.114  27.542 0.0000000000
116700  -33.951  3.592  28.820 0.0000000000
116701  -33.613  4.249  29.149 0.0000000000
116702  -33.382  4.934  29.435 0.0000000000
119202  -55.801  2.192  33.459 0.0000000000
119206  -51.740  -0.672  34.251 0.0000000000
123001  -48.286  2.593  19.821 0.0000000000
123014  -49.939  3.301  26.540 0.0000000000
123023  -43.395  1.735  24.173 0.0000000000
123070  -52.902  -2.688  42.692 0.0000000000
123071  -52.295  -2.418  42.343 0.0000000000
123120  -37.560  9.159  36.930 0.0000000000
123122  -37.194  9.020  36.457 0.0000000000
123128  -35.847  8.059  34.698 0.0000000000
123134  -35.314  10.270  33.459 0.0000000000
129238  -50.036  -1.946  35.620 0.0000000000
132654  -55.470  5.048  21.860 0.0000000000
132656  -55.371  5.023  22.415 0.0000000000
132690  -37.162  3.513  24.163 0.0000000000
132691  -36.873  3.347  24.538 0.0000000000
132694  -35.667  3.446  25.531 0.0000000000
132700  -34.956  2.753  27.327 0.0000000000
132701  -34.573  3.404  27.100 0.0000000000
132704  -33.780  4.758  27.170 0.0000000000
132705  -33.940  4.893  26.692 0.0000000000
132718  -49.181  0.185  43.993 0.0000000000
132719  -49.036  -0.002  43.504 0.0000000000
139420  -57.650  4.135  29.371 0.0000000000
139426  -57.325  2.972  31.906 0.0000000000
139427  -57.471  3.237  31.439 0.0000000000
139428  -57.552  3.472  30.956 0.0000000000
139448  -55.644  1.852  33.771 0.0000000000
139451  -53.517  0.203  34.333 0.0000000000
144371  -53.836  -5.195  42.332 0.0000000000
144380  -53.527  -4.986  43.197 0.0000000000
144383  -53.026  -3.332  43.835 0.0000000000
144384  -52.625  -2.881  44.111 0.0000000000
144386  -52.491  -3.018  44.527 0.0000000000
144411  -51.684  -2.895  45.916 0.0000000000
144413  -51.258  -2.209  45.971 0.0000000000
144418  -49.293  0.322  44.448 0.0000000000
149338  -57.772  4.664  27.831 0.0000000000
149345  -55.173  5.509  28.357 0.0000000000
149348  -54.607  5.417  27.411 0.0000000000
149355  -54.235  4.579  24.238 0.0000000000
149356  -53.135  4.221  24.894 0.0000000000
149359  -52.889  3.827  23.437 0.0000000000
149369  -49.088  3.005  26.507 0.0000000000
149370  -49.303  2.973  26.106 0.0000000000
149373  -45.892  2.259  25.869 0.0000000000
149376  -46.845  2.372  25.851 0.0000000000
149379  -49.529  2.941  25.677 0.0000000000
149380  -49.749  2.917  25.232 0.0000000000
149394  -48.060  2.571  21.225 0.0000000000
149395  -47.378  2.456  20.893 0.0000000000
149403  -44.788  2.325  21.159 0.0000000000
149407  -44.733  2.793  19.549 0.0000000000
149443  -36.773  4.180  24.060 0.0000000000
149512  -53.901  -3.060  40.053 0.0000000000
149513  -53.764  -2.866  39.528 0.0000000000
149514  -53.586  -2.645  38.997 0.0000000000
149515  -52.771  -2.527  38.597 0.0000000000
149516  -51.916  -2.497  38.161 0.0000000000
149518  -50.527  -2.660  38.552 0.0000000000
149521  -49.361  -2.439  36.852 0.0000000000
149533  -42.714  0.036  40.046 0.0000000000
149544  -47.160  -2.240  37.962 0.0000000000
149547  -47.018  -2.365  37.378 0.0000000000
149560  -40.628  -1.479  36.065 0.0000000000
149564  -40.048  -1.617  34.745 0.0000000000
149643  -36.150  6.014  35.746 0.0000000000
149644  -35.795  6.416  35.126 0.0000000000
149646  -36.099  5.136  35.509 0.0000000000
149651  -36.155  1.971  33.742 0.0000000000
149676  -33.040  7.365  30.018 0.0000000000
149677  -33.021  8.178  29.920 0.0000000000
694  -54.084  -2.610  38.744 0.0000000000
2017  -50.160  3.249  26.084 0.0000000000
2024  -41.345  -1.434  36.902 0.0000000000
3513  -57.458  2.015  32.421 0.0000000000
4425  -41.141  1.996  23.521 0.0000000000
4429  -36.682  5.613  23.512 0.0000000000
4439  -41.529  -0.263  38.830 0.0000000000
4449  -36.089  7.778  35.288 0.0000000000
4450  -36.552  10.269  34.676 0.0000000000
7413  -57.971  3.833  28.471 0.0000000000
7414  -57.810  3.073  30.459 0.0000000000
8049  -49.896  -0.078  45.608 0.0000000000
8623  -56.071  5.689  27.718 0.0000000000
8624  -53.565  4.687  25.929 0.0000000000
8626  -46.597  2.416  26.283 0.0000000000
8629  -45.511  2.212  21.500 0.0000000000
8656  -36.341  5.328  35.958 0.0000000000
12096  -53.460  4.139  21.212 0.0000000000
13599  -52.594  -2.331  38.006 0.0000000000
14498  -55.962  5.339  23.337 0.0000000000
14510  -33.349  4.999  28.959 0.0000000000
14514  -32.913  8.140  29.382 0.0000000000
16301  -55.598  0.280  35.014 0.0000000000
16302  -54.115  0.027  34.805 0.0000000000
17648  -52.553  -3.929  45.073 0.0000000000
17649  -52.215  -4.349  45.897 0.0000000000
19020  -51.876  3.960  26.026 0.0000000000
19026  -44.318  1.804  24.094 0.0000000000
19071  -41.426  -0.830  37.893 0.0000000000
19079  -38.849  -0.760  34.737 0.0000000000
19080  -37.759  0.166  34.303 0.0000000000
19082  -36.698  1.322  33.911 0.0000000000
19094  -38.376  10.020  37.817 0.0000000000
19096  -38.104  8.809  38.105 0.0000000000
19098  -37.351  7.279  37.528 0.0000000000
19108  -35.153  11.888  32.706 0.0000000000
19111  -34.031  11.515  30.834 0.0000000000
24756  -56.287  1.801  33.755 0.0000000000
24757  -52.297  -1.140  35.064 0.0000000000
26384  -48.997  2.761  20.158 0.0000000000
26419  -41.828  0.203  39.682 0.0000000000
26423  -39.962  -1.012  36.242 0.0000000000
26436  -37.727  9.721  36.797 0.0000000000
29021  -50.760  -2.003  36.025 0.0000000000
30280  -56.125  5.356  22.189 0.0000000000
30294  -36.490  4.000  24.389 0.0000000000
30295  -35.947  3.608  25.138 0.0000000000
30296  -34.804  4.670  25.604 0.0000000000
30299  -33.528  5.542  27.011 0.0000000000
30304  -48.514  0.662  43.938 0.0000000000
32735  -57.905  3.489  29.532 0.0000000000
32737  -57.693  2.601  31.476 0.0000000000
32744  -55.970  1.080  34.398 0.0000000000
34448  -53.064  -5.831  43.529 0.0000000000
34459  -51.510  -3.091  46.301 0.0000000000
34462  -48.672  0.980  44.865 0.0000000000
36121  -58.102  4.167  27.428 0.0000000000
36122  -57.464  5.349  27.173 0.0000000000
36125  -54.825  5.434  26.898 0.0000000000
36177  -54.389  -3.126  39.816 0.0000000000
36225  -36.079  3.053  34.498 0.0000000000
36235  -33.260  9.789  30.171 0.0000000000
44319  -53.408  -2.425  38.446 0.0000000000
45231  -33.114  5.824  28.789 0.0000000000
45232  -32.985  6.592  29.105 0.0000000000
45234  -32.950  7.336  29.475 0.0000000000
49736  -56.558  5.160  29.073 0.0000000000
49740  -51.015  3.567  26.062 0.0000000000
49746  -44.584  1.814  23.664 0.0000000000
49748  -45.488  1.881  23.515 0.0000000000
49749  -46.353  2.029  23.396 0.0000000000
49750  -45.698  1.947  23.098 0.0000000000
49751  -45.896  2.032  22.662 0.0000000000
49788  -43.076  0.630  40.974 0.0000000000
49790  -42.896  0.329  40.491 0.0000000000
49791  -41.408  -1.148  37.374 0.0000000000
49797  -41.339  -1.662  36.371 0.0000000000
49801  -37.207  0.715  34.076 0.0000000000
49815  -38.220  9.450  37.873 0.0000000000
49817  -37.667  8.013  37.853 0.0000000000
49828  -35.363  12.660  32.470 0.0000000000
49830  -35.111  12.528  32.005 0.0000000000
49831  -34.839  12.375  31.573 0.0000000000
59320  -55.556  5.072  21.352 0.0000000000
59322  -54.898  4.771  21.105 0.0000000000
59323  -52.706  3.874  21.005 0.0000000000
59331  -49.713  2.982  20.513 0.0000000000
59332  -48.922  2.760  20.616 0.0000000000
59334  -48.158  2.598  20.759 0.0000000000
59348  -41.811  1.798  23.878 0.0000000000
59349  -42.734  1.749  23.819 0.0000000000
59361  -37.530  5.329  22.931 0.0000000000
59362  -37.006  5.824  23.227 0.0000000000
59419  -37.392  9.573  36.316 0.0000000000
59421  -36.943  10.303  35.129 0.0000000000
59422  -36.794  9.666  35.269 0.0000000000
63832  -50.810  -2.213  36.514 0.0000000000
63834  -50.096  -2.358  36.598 0.0000000000
66530  -55.163  4.972  23.553 0.0000000000
66558  -36.591  3.168  24.924 0.0000000000
66562  -34.570  4.500  26.018 0.0000000000
66564  -34.105  5.085  26.282 0.0000000000
66566  -34.477  3.262  27.560 0.0000000000
66567  -34.046  3.815  27.831 0.0000000000
66569  -33.368  5.444  27.486 0.0000000000
71917  -57.859  3.290  30.000 0.0000000000
71922  -57.589  2.320  31.964 0.0000000000
71939  -55.766  0.674  34.699 0.0000000000
75968  -53.512  -5.799  42.253 0.0000000000
75969  -53.239  -6.042  42.609 0.0000000000
75973  -52.848  -5.617  44.467 0.0000000000
75974  -52.806  -6.057  43.993 0.0000000000
76004  -50.831  -1.592  46.015 0.0000000000
76005  -50.402  -0.792  45.626 0.0000000000
76009  -49.358  0.484  45.234 0.0000000000
80082  -58.028  4.006  27.931 0.0000000000
80085  -56.835  5.616  27.498 0.0000000000
80091  -53.324  4.689  26.483 0.0000000000
80093  -54.175  5.086  26.421 0.0000000000
80096  -54.625  5.004  25.276 0.0000000000
80097  -53.785  4.642  25.376 0.0000000000
80128  -46.219  2.213  21.828 0.0000000000
80130  -46.387  2.290  21.427 0.0000000000
80137  -43.409  2.612  20.944 0.0000000000
80138  -43.607  2.725  20.543 0.0000000000
80140  -43.787  2.856  20.109 0.0000000000
80141  -43.984  2.995  19.687 0.0000000000
80171  -36.204  4.662  24.279 0.0000000000
80218  -54.680  -3.992  40.990 0.0000000000
80220  -54.794  -3.784  40.524 0.0000000000
80221  -54.800  -3.563  40.026 0.0000000000
80246  -41.705  -0.029  39.296 0.0000000000
80268  -39.381  -0.695  35.954 0.0000000000
80270  -39.421  -0.932  35.469 0.0000000000
80331  -36.587  5.502  36.401 0.0000000000
80335  -36.399  4.423  35.671 0.0000000000
80336  -36.406  8.037  35.717 0.0000000000
95498  -54.171  4.440  21.311 0.0000000000
95501  -51.924  3.605  21.163 0.0000000000
95502  -51.224  3.431  20.795 0.0000000000
95515  -40.281  2.200  23.593 0.0000000000
95517  -39.694  2.575  23.281 0.0000000000
95518  -39.195  3.019  22.999 0.0000000000
95519  -38.727  3.604  22.825 0.0000000000
95520  -38.357  4.190  22.707 0.0000000000
95561  -36.640  11.081  34.542 0.0000000000
98205  -51.741  -2.332  37.508 0.0000000000
99825  -55.066  4.972  24.144 0.0000000000
99844  -33.615  4.336  28.641 0.0000000000
99845  -33.636  4.471  28.132 0.0000000000
103069  -54.897  0.235  34.966 0.0000000000
105491  -52.836  -5.050  44.818 0.0000000000
105492  -52.831  -4.358  44.772 0.0000000000
105494  -52.382  -4.143  45.498 0.0000000000
107944  -48.399  2.585  19.302 0.0000000000
107946  -47.732  2.525  18.937 0.0000000000
107947  -47.006  2.561  18.576 0.0000000000
107948  -46.364  2.726  18.262 0.0000000000
107950  -45.719  2.883  18.464 0.0000000000
107951  -45.018  3.043  18.675 0.0000000000
107952  -44.348  3.298  18.844 0.0000000000
107953  -57.657  4.330  28.890 0.0000000000
107957  -55.959  5.578  28.190 0.0000000000
107962  -52.742  4.311  25.982 0.0000000000
107983  -46.078  2.125  22.216 0.0000000000
108034  -54.049  -5.414  41.515 0.0000000000
108036  -54.336  -4.793  41.550 0.0000000000
108037  -54.450  -4.194  41.479 0.0000000000
108053  -41.446  -0.544  38.377 0.0000000000
108064  -42.095  -2.140  35.633 0.0000000000
108069  -38.310  -0.318  34.507 0.0000000000
108104  -37.035  6.491  37.151 0.0000000000
108105  -36.734  6.376  36.692 0.0000000000
108108  -35.747  7.008  34.986 0.0000000000
108120  -35.043  11.070  32.916 0.0000000000
108126  -34.272  11.513  31.305 0.0000000000
119199  -57.348  1.688  32.800 0.0000000000
119200  -56.944  2.015  33.155 0.0000000000
119201  -56.433  2.155  33.387 0.0000000000
119204  -53.235  -0.565  34.889 0.0000000000
119205  -52.405  -0.789  34.708 0.0000000000
122998  -50.531  3.242  20.390 0.0000000000
123000  -49.080  2.756  19.701 0.0000000000
123024  -43.627  1.738  23.761 0.0000000000
123040  -38.071  4.830  22.583 0.0000000000
123079  -41.998  0.446  40.118 0.0000000000
123089  -40.634  -1.244  36.571 0.0000000000
123119  -38.042  9.890  37.296 0.0000000000
123123  -36.861  8.827  36.003 0.0000000000
123126  -36.678  9.086  35.411 0.0000000000
123127  -36.194  8.301  35.145 0.0000000000
123135  -36.227  11.127  34.094 0.0000000000
123136  -35.848  11.131  33.650 0.0000000000
123137  -35.418  11.104  33.297 0.0000000000
129233  -52.220  -1.377  35.483 0.0000000000
129234  -51.505  -1.574  35.487 0.0000000000
129237  -50.754  -1.762  35.512 0.0000000000
132653  -56.191  5.354  21.651 0.0000000000
132655  -56.047  5.354  22.752 0.0000000000
132692  -36.215  3.803  24.756 0.0000000000
132695  -35.356  4.103  25.364 0.0000000000
132703  -33.676  4.621  27.661 0.0000000000
132706  -33.701  5.695  26.575 0.0000000000
132720  -48.326  0.472  43.454 0.0000000000
132721  -47.349  0.627  42.928 0.0000000000
132722  -46.308  0.707  42.495 0.0000000000
132725  -45.225  0.776  42.158 0.0000000000
132726  -44.208  0.860  41.826 0.0000000000
132727  -43.255  0.915  41.423 0.0000000000
139419  -57.934  3.666  29.013 0.0000000000
139425  -57.763  2.856  30.971 0.0000000000
139447  -56.133  1.459  34.083 0.0000000000
139450  -53.359  -0.180  34.593 0.0000000000
144370  -53.780  -5.601  41.891 0.0000000000
144379  -53.299  -5.608  43.128 0.0000000000
144385  -52.718  -3.713  44.645 0.0000000000
144410  -51.867  -3.757  46.191 0.0000000000
144412  -51.110  -2.432  46.338 0.0000000000
144419  -48.610  0.817  44.383 0.0000000000
149339  -57.855  4.798  27.306 0.0000000000
149346  -55.272  5.596  27.842 0.0000000000
149349  -55.408  5.658  27.337 0.0000000000
149354  -54.855  4.976  24.713 0.0000000000
149400  -44.684  2.203  21.553 0.0000000000
149402  -44.033  2.352  21.270 0.0000000000
149408  -44.198  3.136  19.274 0.0000000000
149444  -36.551  4.806  23.928 0.0000000000
149445  -36.372  5.463  23.831 0.0000000000
149505  -54.232  -2.849  39.293 0.0000000000
149517  -51.102  -2.520  37.703 0.0000000000
149519  -50.390  -2.615  37.921 0.0000000000
149520  -50.246  -2.518  37.268 0.0000000000
149563  -39.450  -1.140  34.980 0.0000000000
149647  -36.166  4.209  35.229 0.0000000000
149648  -36.300  3.283  34.915 0.0000000000
149650  -36.322  2.167  34.176 0.0000000000
149678  -33.029  8.951  29.787 0.0000000000
149680  -33.598  10.653  30.570 0.0000000000
693  -53.890  -0.679  35.374 0.0000000000
1001  -42.136  0.720  40.581 0.0000000000
2018  -44.817  1.859  23.205 0.0000000000
2029  -35.582  13.290  32.262 0.0000000000
4417  -51.971  3.657  20.664 0.0000000000
4418  -49.139  2.727  19.176 0.0000000000
4427  -39.008  3.766  22.437 0.0000000000
4441  -38.839  -0.331  35.714 0.0000000000
5856  -50.907  -2.380  37.022 0.0000000000
8043  -53.965  -5.704  40.952 0.0000000000
8044  -52.774  -6.584  42.432 0.0000000000
8621  -46.457  2.781  17.786 0.0000000000
8622  -43.910  3.767  18.616 0.0000000000
8630  -43.033  3.095  20.230 0.0000000000
12106  -39.935  2.717  22.880 0.0000000000
12129  -37.317  10.404  35.608 0.0000000000
12131  -36.737  11.898  34.411 0.0000000000
14499  -55.696  5.346  24.542 0.0000000000
14511  -33.318  5.303  27.968 0.0000000000
14512  -32.953  6.697  28.620 0.0000000000
17646  -52.570  -6.302  44.408 0.0000000000
17647  -52.619  -5.309  45.245 0.0000000000
17656  -50.647  -1.801  46.383 0.0000000000
19011  -47.733  2.518  18.436 0.0000000000
19013  -45.129  3.226  18.211 0.0000000000
19032  -45.198  2.044  22.287 0.0000000000
19034  -42.581  2.831  21.037 0.0000000000
19061  -54.615  -4.508  41.086 0.0000000000
19099  -36.853  5.649  36.818 0.0000000000
19112  -35.058  12.988  31.383 0.0000000000
24755  -57.207  1.359  33.208 0.0000000000
26377  -56.246  5.361  21.136 0.0000000000
26379  -54.972  4.821  20.665 0.0000000000
26383  -50.571  3.157  19.899 0.0000000000
26395  -42.949  1.786  23.402 0.0000000000
26401  -38.415  4.988  22.240 0.0000000000
26402  -37.344  6.006  22.943 0.0000000000
26438  -37.045  9.337  35.835 0.0000000000
26443  -35.889  11.945  33.562 0.0000000000
29020  -52.211  -1.618  35.925 0.0000000000
30297  -33.889  5.879  26.157 0.0000000000
30306  -46.543  1.006  42.947 0.0000000000
30307  -44.456  1.183  42.265 0.0000000000
30308  -42.513  1.279  41.466 0.0000000000
34445  -53.365  -6.161  41.689 0.0000000000
36126  -55.200  5.396  25.744 0.0000000000
36142  -43.813  2.221  21.693 0.0000000000
36145  -43.523  3.410  19.421 0.0000000000
36157  -36.012  5.349  24.169 0.0000000000
36176  -55.034  -4.027  40.156 0.0000000000
36222  -36.512  3.492  35.357 0.0000000000
44315  -54.624  -2.743  38.609 0.0000000000
44317  -53.985  -2.423  38.290 0.0000000000
44318  -53.268  -2.284  37.932 0.0000000000
45233  -32.893  7.419  28.995 0.0000000000
47021  -54.745  -0.183  35.224 0.0000000000
47022  -53.993  -0.352  35.058 0.0000000000
48368  -52.442  -4.870  45.610 0.0000000000
48369  -52.237  -5.137  46.031 0.0000000000
49752  -45.013  1.941  22.750 0.0000000000
49799  -37.833  0.358  34.745 0.0000000000
49800  -37.329  0.913  34.511 0.0000000000
49802  -36.842  1.534  34.350 0.0000000000
49832  -35.346  13.162  31.781 0.0000000000
56618  -56.807  1.649  33.557 0.0000000000
56619  -56.657  1.308  33.945 0.0000000000
59321  -55.598  5.081  20.848 0.0000000000
59324  -53.507  4.179  20.788 0.0000000000
59325  -52.741  3.915  20.500 0.0000000000
59329  -51.259  3.431  20.267 0.0000000000
59350  -42.051  1.842  23.462 0.0000000000
59352  -41.391  2.081  23.122 0.0000000000
59353  -39.461  3.194  22.623 0.0000000000
59359  -38.678  4.325  22.289 0.0000000000
59363  -36.835  6.537  23.252 0.0000000000
59364  -36.509  6.360  23.520 0.0000000000
59417  -38.225  10.366  37.220 0.0000000000
59418  -37.877  10.188  36.707 0.0000000000
59420  -37.519  10.020  36.236 0.0000000000
59429  -36.300  11.957  33.966 0.0000000000
63828  -52.970  -1.457  35.999 0.0000000000
63830  -51.591  -2.225  36.909 0.0000000000
63831  -51.503  -2.016  36.377 0.0000000000
66528  -56.815  5.587  21.991 0.0000000000
66529  -56.786  5.595  22.568 0.0000000000
66563  -34.328  5.235  25.875 0.0000000000
66568  -33.133  6.092  27.828 0.0000000000
66570  -33.215  6.242  27.364 0.0000000000
66571  -33.357  6.346  26.890 0.0000000000
66580  -47.817  1.108  43.885 0.0000000000
66581  -47.585  0.886  43.407 0.0000000000
66586  -43.460  1.232  41.885 0.0000000000
71915  -58.059  2.563  30.025 0.0000000000
71916  -58.103  2.717  29.524 0.0000000000
71920  -57.693  1.548  31.917 0.0000000000
71921  -57.811  1.791  31.441 0.0000000000
75967  -53.076  -6.365  42.045 0.0000000000
76001  -51.693  -4.010  46.559 0.0000000000
76002  -51.321  -3.294  46.662 0.0000000000
76003  -50.271  -0.928  45.995 0.0000000000
80068  -47.082  2.614  18.088 0.0000000000
80075  -44.511  3.476  18.405 0.0000000000
80080  -58.205  3.175  27.986 0.0000000000
80081  -58.259  3.339  27.493 0.0000000000
80086  -56.961  5.708  26.953 0.0000000000
80087  -56.231  5.769  27.187 0.0000000000
80094  -55.027  5.428  26.338 0.0000000000
80095  -54.388  5.047  25.848 0.0000000000
80136  -42.796  2.950  20.647 0.0000000000
80142  -43.280  3.245  19.820 0.0000000000
80170  -35.864  4.499  24.625 0.0000000000
80172  -35.657  5.200  24.514 0.0000000000
80219  -54.879  -4.246  40.602 0.0000000000
80332  -36.779  4.824  36.530 0.0000000000
80333  -36.627  4.632  36.084 0.0000000000
80334  -36.685  3.726  35.825 0.0000000000
80368  -34.298  12.238  30.655 0.0000000000
80369  -33.763  11.507  30.361 0.0000000000
95516  -40.531  2.301  23.173 0.0000000000
95559  -37.449  11.070  35.424 0.0000000000
95560  -37.076  11.083  34.959 0.0000000000
95562  -37.156  11.881  34.832 0.0000000000
98204  -52.462  -2.192  37.484 0.0000000000
99822  -56.712  5.624  23.186 0.0000000000
99823  -56.591  5.635  23.796 0.0000000000
99824  -55.866  5.350  23.955 0.0000000000
99846  -33.323  5.134  28.468 0.0000000000
99847  -33.107  5.940  28.319 0.0000000000
99851  -32.871  8.234  28.895 0.0000000000
99852  -32.914  8.936  29.253 0.0000000000
103056  -57.986  2.343  30.490 0.0000000000
103067  -56.064  -0.130  35.269 0.0000000000
103068  -55.440  -0.104  35.327 0.0000000000
105490  -52.637  -5.868  44.888 0.0000000000
105493  -52.649  -4.610  45.182 0.0000000000
105506  -50.907  -2.691  46.684 0.0000000000
105509  -49.768  -0.225  45.968 0.0000000000
105510  -49.308  0.463  45.608 0.0000000000
107945  -48.453  2.574  18.800 0.0000000000
107949  -45.782  2.994  18.000 0.0000000000
107984  -45.363  2.127  21.886 0.0000000000
108035  -54.457  -5.113  41.023 0.0000000000
108067  -38.883  -0.552  35.241 0.0000000000
108068  -38.362  -0.133  34.985 0.0000000000
108094  -38.910  10.753  38.263 0.0000000000
108096  -38.722  10.149  38.298 0.0000000000
108097  -38.553  9.551  38.449 0.0000000000
108098  -38.393  8.926  38.706 0.0000000000
108100  -38.006  8.036  38.389 0.0000000000
108101  -37.682  7.324  37.962 0.0000000000
108102  -37.314  6.525  37.633 0.0000000000
108103  -37.024  5.790  37.337 0.0000000000
108127  -34.537  12.266  31.094 0.0000000000
115422  -54.701  -2.997  39.022 0.0000000000
119196  -57.583  1.269  32.364 0.0000000000
119198  -57.464  0.986  32.796 0.0000000000
119203  -53.117  -0.883  35.183 0.0000000000
122988  -54.219  4.461  20.945 0.0000000000
122997  -49.860  2.920  19.558 0.0000000000
122999  -49.796  2.966  20.043 0.0000000000
123025  -43.872  1.788  23.320 0.0000000000
123041  -37.875  5.485  22.590 0.0000000000
123078  -41.270  0.847  40.235 0.0000000000
123080  -41.191  0.590  39.792 0.0000000000
123081  -41.016  0.392  39.385 0.0000000000
123082  -40.881  0.190  38.934 0.0000000000
123085  -40.786  -0.034  38.497 0.0000000000
123086  -40.745  -0.321  38.051 0.0000000000
123087  -40.729  -0.666  37.581 0.0000000000
123088  -40.677  -0.958  37.068 0.0000000000
123090  -40.000  -0.754  36.717 0.0000000000
123091  -39.373  -0.442  36.414 0.0000000000
123092  -38.811  -0.063  36.177 0.0000000000
123118  -38.560  10.575  37.749 0.0000000000
123124  -36.496  8.553  35.596 0.0000000000
123125  -37.163  9.825  35.727 0.0000000000
123138  -35.504  11.925  33.117 0.0000000000
123139  -35.638  12.702  32.913 0.0000000000
123140  -35.851  13.409  32.721 0.0000000000
129232  -53.021  -1.184  35.579 0.0000000000
129236  -51.472  -1.800  35.913 0.0000000000
132652  -56.841  5.574  21.445 0.0000000000
132693  -35.617  4.283  24.986 0.0000000000
132696  -35.052  4.832  25.216 0.0000000000
132697  -34.587  5.390  25.489 0.0000000000
132707  -33.538  6.485  26.463 0.0000000000
132724  -45.479  1.122  42.631 0.0000000000
132728  -42.273  1.005  41.017 0.0000000000
139416  -58.167  3.065  28.512 0.0000000000
139418  -58.138  2.888  29.018 0.0000000000
139424  -57.903  2.081  30.963 0.0000000000
139444  -56.212  0.251  34.935 0.0000000000
139445  -56.369  0.615  34.613 0.0000000000
139446  -56.503  0.982  34.309 0.0000000000
144369  -53.632  -5.928  41.333 0.0000000000
144376  -52.387  -6.713  43.837 0.0000000000
144377  -52.662  -6.446  43.420 0.0000000000
144378  -52.950  -6.211  43.000 0.0000000000
144409  -52.027  -4.570  46.304 0.0000000000
144420  -47.920  1.290  44.371 0.0000000000
144421  -48.679  0.978  45.280 0.0000000000
144422  -48.017  1.376  44.899 0.0000000000
149336  -58.340  3.510  27.026 0.0000000000
149337  -58.186  4.284  26.933 0.0000000000
149340  -57.944  4.933  26.829 0.0000000000
149341  -57.559  5.482  26.701 0.0000000000
149350  -55.632  5.702  26.768 0.0000000000
149353  -55.441  5.338  25.134 0.0000000000
149399  -44.490  2.106  21.974 0.0000000000
149401  -43.178  2.487  21.357 0.0000000000
149409  -43.712  3.577  19.027 0.0000000000
149447  -35.851  6.135  24.092 0.0000000000
149448  -36.181  6.219  23.802 0.0000000000
149503  -55.095  -3.796  39.674 0.0000000000
149504  -54.761  -3.302  39.517 0.0000000000
149640  -36.678  2.605  35.085 0.0000000000
149649  -36.498  2.381  34.630 0.0000000000
149679  -33.093  9.795  29.645 0.0000000000
149681  -33.406  10.619  30.095 0.0000000000
1804  -52.188  -5.910  46.068 0.0000000000
2025  -36.974  1.726  34.797 0.0000000000
2914  -58.293  4.375  26.459 0.0000000000
3514  -56.925  0.732  34.038 0.0000000000
4447  -39.383  11.332  38.669 0.0000000000
4448  -38.058  10.600  36.632 0.0000000000
5853  -56.431  -0.672  35.411 0.0000000000
6395  -57.395  5.773  23.008 0.0000000000
6402  -35.342  5.012  24.883 0.0000000000
6404  -33.027  6.923  27.695 0.0000000000
6405  -33.012  9.760  29.122 0.0000000000
6406  -47.047  1.541  43.965 0.0000000000
8048  -51.107  -3.549  46.933 0.0000000000
8654  -38.591  8.948  39.336 0.0000000000
8655  -37.174  5.993  37.875 0.0000000000
8661  -34.576  12.886  30.487 0.0000000000
10594  -58.459  2.836  26.604 0.0000000000
12130  -37.615  11.900  35.265 0.0000000000
13595  -55.104  -2.872  38.397 0.0000000000
13597  -53.888  -2.229  37.821 0.0000000000
13598  -52.342  -2.047  36.951 0.0000000000
14497  -57.118  5.847  24.210 0.0000000000
14513  -32.866  8.318  28.391 0.0000000000
16293  -58.131  1.854  29.469 0.0000000000
16294  -57.977  1.553  30.426 0.0000000000
16300  -55.305  -0.466  35.637 0.0000000000
17657  -49.626  -0.423  46.270 0.0000000000
17658  -48.666  0.935  45.654 0.0000000000
19045  -34.389  6.203  25.406 0.0000000000
19078  -37.880  0.564  35.224 0.0000000000
19095  -39.056  10.239  38.779 0.0000000000
19097  -37.884  7.422  38.505 0.0000000000
23136  -55.109  -3.441  39.208 0.0000000000
23676  -57.708  5.551  26.142 0.0000000000
24753  -57.804  1.001  31.389 0.0000000000
24754  -57.593  0.544  32.250 0.0000000000
26380  -53.539  4.217  20.306 0.0000000000
26397  -41.618  2.200  22.727 0.0000000000
26403  -36.378  7.063  23.545 0.0000000000
26418  -40.463  1.066  39.879 0.0000000000
26420  -40.291  0.687  39.091 0.0000000000
26421  -40.133  0.186  38.189 0.0000000000
26422  -40.048  -0.453  37.238 0.0000000000
26424  -38.824  0.221  36.638 0.0000000000
26435  -38.702  11.037  37.693 0.0000000000
26444  -36.180  13.535  33.195 0.0000000000
29019  -53.706  -1.288  36.094 0.0000000000
30279  -57.457  5.694  21.728 0.0000000000
30300  -33.257  7.165  26.744 0.0000000000
32733  -58.312  2.533  27.511 0.0000000000
32734  -58.223  2.215  28.467 0.0000000000
32743  -56.678  0.036  34.734 0.0000000000
34447  -52.140  -7.052  43.251 0.0000000000
34458  -51.816  -4.818  46.705 0.0000000000
34463  -47.359  1.770  44.957 0.0000000000
36123  -56.441  5.809  26.577 0.0000000000
36158  -35.677  6.846  24.103 0.0000000000
36221  -36.795  3.925  36.276 0.0000000000
36236  -33.585  11.420  29.911 0.0000000000
42849  -37.985  11.774  35.720 0.0000000000
42851  -37.643  12.635  35.158 0.0000000000
44316  -54.556  -2.516  38.180 0.0000000000
45218  -56.444  5.642  24.408 0.0000000000
45219  -56.251  5.644  25.010 0.0000000000
47020  -54.616  -0.541  35.524 0.0000000000
48366  -52.440  -6.095  45.276 0.0000000000
48367  -52.415  -5.607  45.651 0.0000000000
49798  -37.424  1.120  35.023 0.0000000000
53919  -55.280  -4.033  39.267 0.0000000000
54819  -58.055  5.061  26.362 0.0000000000
56616  -57.302  0.693  33.232 0.0000000000
56617  -57.054  1.035  33.632 0.0000000000
59326  -52.800  3.906  19.942 0.0000000000
59327  -52.024  3.664  20.142 0.0000000000
59328  -51.315  3.383  19.770 0.0000000000
59351  -42.230  1.951  23.070 0.0000000000
59354  -40.239  2.834  22.487 0.0000000000
59355  -39.736  3.342  22.245 0.0000000000
59357  -39.308  3.898  22.021 0.0000000000
59358  -38.984  4.493  21.943 0.0000000000
59389  -40.387  0.871  39.479 0.0000000000
59394  -40.062  -0.121  37.734 0.0000000000
59396  -39.415  -0.160  36.928 0.0000000000
59416  -38.382  10.822  37.160 0.0000000000
59428  -36.801  12.759  34.277 0.0000000000
59430  -36.393  12.716  33.859 0.0000000000
59431  -35.999  12.730  33.400 0.0000000000
63827  -53.760  -1.575  36.521 0.0000000000
63829  -52.978  -1.719  36.421 0.0000000000
66527  -57.466  5.713  22.368 0.0000000000
66572  -33.116  7.058  27.217 0.0000000000
66575  -32.896  9.022  28.754 0.0000000000
66582  -46.818  1.310  43.444 0.0000000000
66584  -44.734  1.495  42.703 0.0000000000
66585  -43.724  1.526  42.347 0.0000000000
66587  -42.801  1.537  41.909 0.0000000000
71937  -56.543  -0.321  35.084 0.0000000000
75965  -52.477  -6.888  41.817 0.0000000000
75966  -52.806  -6.638  41.454 0.0000000000
75972  -51.872  -7.278  43.622 0.0000000000
76000  -51.476  -4.315  46.896 0.0000000000
76011  -48.137  1.403  45.361 0.0000000000
80065  -49.896  2.863  19.043 0.0000000000
80067  -49.190  2.694  18.690 0.0000000000
80069  -47.815  2.579  17.939 0.0000000000
80070  -47.171  2.691  17.602 0.0000000000
80072  -46.542  2.888  17.321 0.0000000000
80074  -45.887  3.143  17.546 0.0000000000
80076  -44.675  3.669  17.993 0.0000000000
80077  -44.099  3.974  18.210 0.0000000000
80079  -43.523  4.331  18.474 0.0000000000
80134  -43.600  2.120  22.119 0.0000000000
80135  -42.937  2.348  21.787 0.0000000000
80174  -35.355  6.675  24.399 0.0000000000
80215  -53.776  -5.979  40.357 0.0000000000
80217  -54.352  -5.438  40.538 0.0000000000
80317  -38.856  9.627  39.041 0.0000000000
80324  -37.476  6.714  38.156 0.0000000000
80330  -36.928  5.212  37.575 0.0000000000
80370  -34.038  12.191  30.208 0.0000000000
92796  -58.438  3.676  26.576 0.0000000000
95557  -37.703  10.508  36.128 0.0000000000
95558  -37.861  11.067  35.952 0.0000000000
95563  -37.189  12.706  34.695 0.0000000000
98203  -53.148  -2.088  37.416 0.0000000000
99821  -57.280  5.820  23.620 0.0000000000
99848  -32.964  6.827  28.150 0.0000000000
99850  -32.890  7.512  28.517 0.0000000000
103055  -58.070  1.694  29.949 0.0000000000
103066  -55.949  -0.535  35.603 0.0000000000
105486  -52.172  -7.127  42.208 0.0000000000
105488  -52.123  -6.978  44.229 0.0000000000
105489  -52.342  -6.560  44.809 0.0000000000
105505  -50.656  -2.966  46.958 0.0000000000
105507  -50.446  -1.997  46.654 0.0000000000
105508  -50.104  -1.089  46.363 0.0000000000
105511  -49.211  0.341  46.012 0.0000000000
107986  -42.350  2.691  21.458 0.0000000000
107987  -41.779  3.095  21.167 0.0000000000
107988  -42.034  3.199  20.768 0.0000000000
107989  -42.276  3.346  20.372 0.0000000000
107990  -42.537  3.521  19.978 0.0000000000
108007  -34.871  5.593  25.119 0.0000000000
108008  -35.157  5.761  24.795 0.0000000000
108066  -38.364  0.067  35.450 0.0000000000
108095  -39.261  10.801  38.729 0.0000000000
108099  -38.212  8.153  38.948 0.0000000000
108128  -34.822  12.923  30.912 0.0000000000
115421  -55.104  -3.151  38.804 0.0000000000
119195  -57.713  0.767  31.833 0.0000000000
119197  -57.469  0.267  32.699 0.0000000000
122983  -56.891  5.550  20.912 0.0000000000
122985  -56.249  5.337  20.607 0.0000000000
122986  -55.616  5.080  20.358 0.0000000000
122987  -54.978  4.802  20.227 0.0000000000
122989  -54.280  4.510  20.527 0.0000000000
122996  -50.602  3.083  19.405 0.0000000000
123026  -44.135  1.882  22.853 0.0000000000
123027  -43.159  1.885  22.977 0.0000000000
123030  -40.812  2.398  22.736 0.0000000000
123038  -38.763  5.137  21.929 0.0000000000
123039  -38.249  5.604  22.259 0.0000000000
123042  -37.732  6.080  22.596 0.0000000000
123043  -37.206  6.676  22.959 0.0000000000
123044  -36.758  7.168  23.299 0.0000000000
123084  -40.222  0.471  38.666 0.0000000000
123094  -38.299  0.599  36.367 0.0000000000
123095  -38.311  0.341  35.930 0.0000000000
123098  -37.088  1.915  35.296 0.0000000000
123117  -39.044  11.202  38.158 0.0000000000
129222  -54.505  -0.842  35.858 0.0000000000
129231  -53.796  -0.989  35.715 0.0000000000
129235  -52.247  -1.845  36.409 0.0000000000
132651  -57.485  5.649  21.181 0.0000000000
132698  -34.117  6.041  25.747 0.0000000000
132699  -33.758  6.682  26.065 0.0000000000
132708  -33.487  7.302  26.353 0.0000000000
132723  -45.805  1.416  43.081 0.0000000000
132735  -41.888  1.570  41.632 0.0000000000
132736  -41.634  1.361  41.155 0.0000000000
132737  -41.417  1.119  40.680 0.0000000000
132738  -40.596  1.259  40.325 0.0000000000
139415  -58.271  2.367  27.984 0.0000000000
139417  -58.154  2.051  28.974 0.0000000000
139423  -57.886  1.261  30.922 0.0000000000
139443  -56.806  0.390  34.389 0.0000000000
144366  -53.396  -6.196  40.727 0.0000000000
144368  -53.087  -6.417  41.095 0.0000000000
144375  -52.449  -6.844  42.845 0.0000000000
144408  -52.053  -5.441  46.471 0.0000000000
144423  -47.223  1.678  44.492 0.0000000000
149320  -48.469  2.571  18.327 0.0000000000
149329  -45.276  3.399  17.776 0.0000000000
149335  -58.391  2.685  27.040 0.0000000000
149342  -57.123  5.775  26.406 0.0000000000
149351  -55.889  5.706  26.147 0.0000000000
149352  -56.104  5.683  25.556 0.0000000000
149398  -44.296  2.002  22.412 0.0000000000
149410  -42.818  3.695  19.604 0.0000000000
149411  -43.079  3.882  19.222 0.0000000000
149412  -43.312  4.094  18.848 0.0000000000
149446  -35.482  5.947  24.435 0.0000000000
149449  -36.026  6.960  23.812 0.0000000000
149500  -54.752  -4.830  40.583 0.0000000000
149501  -54.981  -4.579  40.166 0.0000000000
149502  -55.151  -4.336  39.721 0.0000000000
149635  -36.836  4.984  37.050 0.0000000000
149636  -36.819  4.214  36.736 0.0000000000
149638  -36.905  3.079  35.960 0.0000000000
149639  -36.860  2.813  35.526 0.0000000000
149682  -33.241  10.601  29.553 0.0000000000
149693  -36.439  14.200  32.952 0.0000000000
149694  -36.135  14.032  32.500 0.0000000000
149703  -35.881  13.901  32.045 0.0000000000
149704  -35.627  13.774  31.586 0.0000000000
149705  -35.368  13.641  31.180 0.0000000000
993  -57.516  5.578  20.646 0.0000000000
994  -56.848  5.832  25.429 0.0000000000
998  -33.718  7.466  25.966 0.0000000000
2614  -55.230  -4.595  39.283 0.0000000000
3963  -51.633  -7.504  43.994 0.0000000000
4416  -54.967  4.762  19.752 0.0000000000
4426  -42.117  2.526  21.879 0.0000000000
4428  -38.108  6.216  22.359 0.0000000000
4452  -36.920  13.529  34.119 0.0000000000
5855  -53.781  -1.823  36.945 0.0000000000
6408  -43.128  1.762  42.439 0.0000000000
11193  -57.347  -0.026  33.136 0.0000000000
12128  -38.359  11.772  36.236 0.0000000000
12132  -37.738  13.357  35.091 0.0000000000
14516  -45.078  1.745  43.180 0.0000000000
17643  -52.106  -7.116  41.187 0.0000000000
17644  -51.470  -7.552  41.912 0.0000000000
17645  -52.117  -6.796  45.186 0.0000000000
17655  -50.225  -2.293  46.894 0.0000000000
19033  -41.015  3.361  21.342 0.0000000000
19035  -41.556  3.657  20.559 0.0000000000
19036  -42.128  4.026  19.827 0.0000000000
19040  -37.141  7.302  23.042 0.0000000000
19046  -34.996  6.506  24.771 0.0000000000
26378  -56.274  5.318  20.100 0.0000000000
26381  -52.096  3.618  19.585 0.0000000000
26382  -50.639  3.016  18.908 0.0000000000
26396  -43.385  2.003  22.544 0.0000000000
26398  -40.502  2.997  22.107 0.0000000000
26399  -39.596  4.062  21.666 0.0000000000
26400  -39.146  5.296  21.615 0.0000000000
26425  -37.846  1.107  36.163 0.0000000000
26426  -37.137  2.192  35.746 0.0000000000
29016  -55.136  -1.109  36.258 0.0000000000
30310  -41.281  1.813  41.797 0.0000000000
30311  -40.780  1.476  40.827 0.0000000000
34443  -53.419  -6.252  39.814 0.0000000000
34444  -52.681  -6.724  40.459 0.0000000000
36115  -49.240  2.653  18.190 0.0000000000
36116  -47.893  2.633  17.433 0.0000000000
36117  -46.645  3.017  16.850 0.0000000000
36118  -45.420  3.590  17.350 0.0000000000
36119  -44.282  4.197  17.848 0.0000000000
36120  -43.263  4.961  18.416 0.0000000000
36146  -42.724  4.455  19.075 0.0000000000
36175  -54.685  -5.168  40.147 0.0000000000
36220  -36.841  4.441  37.240 0.0000000000
36240  -36.775  14.809  32.714 0.0000000000
36243  -36.236  14.468  31.842 0.0000000000
36244  -35.713  14.277  30.973 0.0000000000
41313  -58.474  1.994  26.108 0.0000000000
41314  -58.410  1.958  26.548 0.0000000000
42848  -38.460  12.476  36.031 0.0000000000
42850  -38.061  12.592  35.559 0.0000000000
42852  -38.122  13.331  35.504 0.0000000000
45216  -57.602  5.812  24.674 0.0000000000
45217  -56.976  5.845  24.858 0.0000000000
47013  -57.882  0.855  29.847 0.0000000000
47014  -57.806  0.676  30.302 0.0000000000
48365  -52.215  -6.356  45.662 0.0000000000
48376  -49.902  -1.309  46.651 0.0000000000
48377  -49.427  -0.655  46.493 0.0000000000
48378  -49.024  0.138  46.342 0.0000000000
49754  -41.297  3.505  20.926 0.0000000000
49760  -36.714  7.864  23.342 0.0000000000
49765  -33.994  6.831  25.693 0.0000000000
49766  -34.257  7.019  25.333 0.0000000000
53917  -55.381  -4.314  38.923 0.0000000000
53918  -55.387  -3.718  38.906 0.0000000000
54815  -58.507  3.744  26.108 0.0000000000
54817  -58.386  4.476  26.007 0.0000000000
54818  -58.170  5.120  25.829 0.0000000000
56613  -57.581  0.022  31.645 0.0000000000
56614  -57.464  -0.190  32.097 0.0000000000
56615  -57.191  0.386  33.626 0.0000000000
59356  -39.995  3.501  21.873 0.0000000000
59388  -39.757  1.362  39.613 0.0000000000
59390  -39.713  1.190  39.188 0.0000000000
59392  -39.569  0.764  38.316 0.0000000000
59393  -39.486  0.481  37.867 0.0000000000
59395  -39.427  0.163  37.402 0.0000000000
59397  -38.820  0.517  37.099 0.0000000000
59399  -37.846  1.373  36.647 0.0000000000
59402  -37.106  2.436  36.183 0.0000000000
59414  -38.545  11.358  37.079 0.0000000000
59415  -38.851  11.575  37.581 0.0000000000
59432  -36.542  13.512  33.664 0.0000000000
63825  -54.464  -1.765  36.981 0.0000000000
63826  -54.452  -1.503  36.588 0.0000000000
66523  -57.854  5.753  23.424 0.0000000000
66525  -57.930  5.692  22.802 0.0000000000
66526  -57.994  5.630  22.176 0.0000000000
66573  -33.085  7.896  27.120 0.0000000000
66574  -32.982  7.746  27.575 0.0000000000
66576  -32.904  9.115  28.264 0.0000000000
66577  -32.991  9.865  28.644 0.0000000000
66579  -33.143  10.581  29.023 0.0000000000
66583  -44.042  1.771  42.791 0.0000000000
66594  -40.994  1.639  41.320 0.0000000000
66596  -39.971  1.679  40.516 0.0000000000
71913  -58.228  1.490  27.832 0.0000000000
71914  -58.114  1.370  28.324 0.0000000000
71935  -56.735  -0.952  35.082 0.0000000000
71936  -56.858  -0.612  34.746 0.0000000000
75970  -51.264  -7.766  43.382 0.0000000000
75971  -51.543  -7.580  43.006 0.0000000000
75996  -50.851  -3.931  47.193 0.0000000000
75998  -51.251  -4.547  47.170 0.0000000000
75999  -51.590  -5.106  47.030 0.0000000000
76010  -48.093  1.353  45.750 0.0000000000
76012  -47.481  1.806  45.462 0.0000000000
76013  -46.760  2.106  45.111 0.0000000000
80043  -55.683  5.083  19.911 0.0000000000
80066  -49.941  2.793  18.550 0.0000000000
80071  -47.237  2.756  17.106 0.0000000000
80073  -46.002  3.304  17.104 0.0000000000
80078  -43.745  4.571  18.090 0.0000000000
80133  -42.710  2.200  22.195 0.0000000000
80144  -42.430  4.233  19.451 0.0000000000
80155  -38.618  5.735  21.981 0.0000000000
80173  -34.893  7.303  24.662 0.0000000000
80175  -35.220  7.456  24.370 0.0000000000
80176  -35.554  7.597  24.089 0.0000000000
80216  -54.163  -5.727  39.975 0.0000000000
80314  -39.870  11.941  39.112 0.0000000000
80316  -39.743  11.385  39.198 0.0000000000
80318  -39.369  10.279  39.339 0.0000000000
80319  -39.016  9.663  39.616 0.0000000000
80321  -38.721  8.988  39.939 0.0000000000
80323  -38.354  8.302  39.538 0.0000000000
80325  -37.633  6.893  38.695 0.0000000000
80326  -37.267  6.206  38.393 0.0000000000
80328  -36.996  5.461  38.116 0.0000000000
80329  -36.906  4.687  37.742 0.0000000000
80371  -33.827  12.152  29.719 0.0000000000
80372  -34.295  12.837  30.077 0.0000000000
80379  -37.050  14.917  33.238 0.0000000000
80389  -35.964  14.363  31.401 0.0000000000
92795  -58.530  2.931  26.186 0.0000000000
93873  -57.354  -0.436  32.554 0.0000000000
93876  -57.092  0.055  34.020 0.0000000000
95556  -38.225  11.144  36.488 0.0000000000
95564  -37.334  13.409  34.618 0.0000000000
98197  -55.515  -3.166  38.177 0.0000000000
98199  -55.112  -2.628  38.023 0.0000000000
98200  -54.508  -2.274  37.768 0.0000000000
98201  -53.812  -2.042  37.381 0.0000000000
98202  -53.050  -1.906  36.912 0.0000000000
99820  -57.723  5.787  24.062 0.0000000000
99849  -32.915  7.616  28.033 0.0000000000
99853  -46.422  1.886  44.079 0.0000000000
99854  -46.111  1.659  43.553 0.0000000000
103053  -58.040  1.207  28.840 0.0000000000
103054  -57.983  1.015  29.356 0.0000000000
105485  -51.778  -7.338  41.551 0.0000000000
105487  -51.888  -7.236  44.591 0.0000000000
105504  -50.409  -3.288  47.184 0.0000000000
105512  -48.632  0.842  46.032 0.0000000000
107985  -41.553  2.918  21.578 0.0000000000
107991  -41.815  3.828  20.209 0.0000000000
107998  -37.605  6.766  22.682 0.0000000000
108009  -34.685  6.377  25.074 0.0000000000
115420  -55.457  -3.434  38.527 0.0000000000
116681  -57.853  5.583  25.588 0.0000000000
116682  -57.312  5.824  25.841 0.0000000000
119193  -57.745  0.458  30.749 0.0000000000
119194  -57.702  0.205  31.199 0.0000000000
121092  -51.945  -6.667  46.054 0.0000000000
122984  -56.875  5.482  20.366 0.0000000000
122990  -54.308  4.536  20.074 0.0000000000
122991  -53.548  4.182  19.741 0.0000000000
122992  -52.841  3.864  19.381 0.0000000000
122995  -51.333  3.299  19.259 0.0000000000
123028  -42.451  2.070  22.640 0.0000000000
123029  -41.849  2.335  22.303 0.0000000000
123031  -41.037  2.568  22.370 0.0000000000
123037  -39.311  4.679  21.614 0.0000000000
123045  -36.321  7.762  23.560 0.0000000000
123046  -33.499  8.122  26.257 0.0000000000
123083  -39.646  1.054  38.768 0.0000000000
123093  -38.308  0.906  36.846 0.0000000000
123096  -37.883  0.820  35.698 0.0000000000
123097  -37.470  1.352  35.496 0.0000000000
123114  -39.475  11.859  38.633 0.0000000000
123116  -39.170  11.724  38.097 0.0000000000
129216  -56.624  -1.281  35.405 0.0000000000
129219  -56.326  -0.997  35.725 0.0000000000
129220  -55.851  -0.835  35.892 0.0000000000
129221  -55.210  -0.775  35.927 0.0000000000
129230  -54.465  -1.217  36.212 0.0000000000
132642  -58.090  5.504  20.989 0.0000000000
132650  -58.064  5.568  21.545 0.0000000000
132709  -33.270  7.978  26.672 0.0000000000
132712  -32.908  8.435  27.910 0.0000000000
132734  -42.184  1.765  42.082 0.0000000000
132739  -39.842  1.525  40.047 0.0000000000
139413  -58.341  1.803  27.008 0.0000000000
139414  -58.281  1.632  27.424 0.0000000000
139442  -56.991  -0.293  34.419 0.0000000000
144365  -53.026  -6.492  40.148 0.0000000000
144367  -52.420  -6.902  40.818 0.0000000000
144374  -51.860  -7.354  42.605 0.0000000000
144399  -51.952  -6.217  46.451 0.0000000000
144407  -51.828  -5.738  46.844 0.0000000000
144424  -46.612  2.047  44.573 0.0000000000
149321  -48.543  2.579  17.814 0.0000000000
149330  -44.852  3.877  17.600 0.0000000000
149343  -56.689  5.816  25.997 0.0000000000
149413  -42.977  4.701  18.768 0.0000000000
149450  -35.944  7.676  23.781 0.0000000000
149499  -55.006  -4.892  39.706 0.0000000000
149617  -39.583  10.848  39.250 0.0000000000
149626  -38.008  7.553  39.070 0.0000000000
149634  -36.922  3.632  36.886 0.0000000000
149637  -36.928  3.337  36.397 0.0000000000
149683  -33.391  11.391  29.446 0.0000000000
149692  -36.749  14.287  33.413 0.0000000000
149702  -36.490  14.610  32.273 0.0000000000
149706  -35.110  13.570  30.760 0.0000000000
149709  -34.850  13.536  30.345 0.0000000000
