#!ascii label /projectnb/somerslab/tom/projects/spacetime_network/data/ROIs/probabilistic_midIFS_lh_thresh3.label , from subject  vox2ras=TkReg
878
1155  -38.151  32.452  17.720 3.0000000000
1156  -39.141  28.069  17.384 3.0000000000
1157  -36.470  30.627  12.870 4.0000000000
1876  -42.287  33.777  20.710 3.0000000000
3075  -35.491  33.531  15.374 4.0000000000
3076  -36.009  31.154  15.534 4.0000000000
4906  -39.369  27.006  21.760 3.0000000000
5948  -39.796  20.936  20.429 3.0000000000
6687  -40.931  31.598  19.366 3.0000000000
6689  -38.758  30.545  17.774 3.0000000000
6690  -37.675  29.207  15.285 3.0000000000
6691  -39.430  28.725  12.886 3.0000000000
8240  -38.548  25.694  24.160 3.0000000000
8246  -42.610  32.318  20.777 3.0000000000
8247  -40.528  33.215  19.124 3.0000000000
8248  -37.779  34.178  17.408 3.0000000000
9213  -38.007  25.144  22.056 3.0000000000
10756  -34.723  33.005  14.026 3.0000000000
13754  -38.493  21.454  20.691 3.0000000000
14985  -39.634  32.036  18.555 3.0000000000
14986  -39.882  31.138  18.575 3.0000000000
14987  -38.404  31.467  17.780 3.0000000000
14988  -35.911  30.682  14.124 4.0000000000
14989  -36.669  30.202  15.493 3.0000000000
14990  -36.963  29.859  14.100 3.0000000000
14991  -38.297  28.805  13.947 3.0000000000
14992  -37.926  29.816  12.927 3.0000000000
18123  -42.781  33.880  21.497 3.0000000000
18127  -42.488  33.043  20.708 4.0000000000
18128  -41.691  32.750  20.027 3.0000000000
18129  -41.444  33.549  19.945 3.0000000000
20476  -38.202  25.532  23.099 3.0000000000
20477  -38.956  26.526  22.902 3.0000000000
23967  -36.667  32.813  16.665 4.0000000000
23968  -36.889  31.790  16.797 4.0000000000
23969  -35.608  32.259  15.471 4.0000000000
23970  -35.148  31.717  14.080 4.0000000000
23971  -35.460  31.484  12.713 3.0000000000
25852  -41.975  34.542  20.533 3.0000000000
25853  -41.240  34.426  19.688 3.0000000000
27262  -39.765  27.418  22.666 3.0000000000
27263  -40.474  28.147  22.262 3.0000000000
27264  -39.958  27.682  21.329 3.0000000000
30963  -41.835  31.145  20.146 4.0000000000
30964  -41.357  30.102  20.078 3.0000000000
30965  -40.972  30.629  19.344 3.0000000000
30966  -39.928  30.123  18.527 3.0000000000
30967  -38.947  29.392  17.597 3.0000000000
30968  -37.297  30.816  16.792 3.0000000000
30969  -37.806  29.850  16.699 3.0000000000
30970  -38.413  28.548  16.386 3.0000000000
30971  -38.737  27.889  15.007 3.0000000000
35036  -42.570  31.517  20.847 3.0000000000
35037  -41.809  31.995  20.115 4.0000000000
35038  -40.765  32.413  19.270 3.0000000000
35039  -39.416  32.823  18.434 3.0000000000
35040  -40.359  34.050  19.020 3.0000000000
35041  -39.162  33.667  18.253 3.0000000000
35042  -37.911  33.239  17.507 3.0000000000
35043  -36.548  33.842  16.545 3.0000000000
35044  -35.531  34.736  15.274 3.0000000000
37881  -37.472  24.513  23.422 3.0000000000
37883  -37.507  23.645  21.443 3.0000000000
37884  -38.724  26.130  21.927 3.0000000000
37886  -38.137  22.987  20.754 3.0000000000
37887  -39.118  22.337  20.346 3.0000000000
37913  -37.654  30.847  11.771 3.0000000000
44474  -37.919  21.799  20.865 3.0000000000
45705  -38.888  32.233  18.139 3.0000000000
45706  -39.007  31.767  18.182 3.0000000000
45707  -38.245  31.953  17.756 3.0000000000
45708  -36.136  30.590  13.473 4.0000000000
45709  -36.391  30.256  14.122 4.0000000000
45710  -36.669  30.202  13.465 3.0000000000
45711  -37.353  29.817  13.469 3.0000000000
45712  -37.148  30.241  12.902 3.0000000000
48843  -42.570  33.866  21.087 3.0000000000
48844  -43.001  33.577  21.546 3.0000000000
48845  -42.712  33.504  21.097 3.0000000000
48847  -42.367  33.414  20.710 3.0000000000
48848  -41.946  33.299  20.383 3.0000000000
48849  -41.898  33.672  20.358 3.0000000000
51196  -39.121  26.682  23.424 3.0000000000
51197  -39.559  27.144  23.307 3.0000000000
55305  -36.035  33.148  16.046 4.0000000000
55306  -36.105  32.556  16.097 4.0000000000
55307  -35.519  32.898  15.431 4.0000000000
55309  -34.882  32.335  14.061 3.0000000000
55310  -34.868  32.161  13.337 3.0000000000
55311  -35.223  31.577  13.387 4.0000000000
55312  -35.006  32.057  12.670 3.0000000000
58446  -42.216  34.548  20.991 3.0000000000
58447  -41.750  34.908  20.496 3.0000000000
60796  -40.815  28.388  22.733 3.0000000000
67995  -41.434  31.368  19.775 4.0000000000
67996  -41.481  30.847  19.755 4.0000000000
67997  -40.982  31.109  19.380 3.0000000000
67998  -39.327  30.856  18.193 3.0000000000
67999  -39.959  30.660  18.567 3.0000000000
68000  -39.409  30.354  18.201 3.0000000000
68001  -39.398  29.786  18.089 3.0000000000
68002  -38.868  30.010  17.719 3.0000000000
68003  -36.389  31.469  16.194 4.0000000000
68004  -37.082  31.271  16.821 4.0000000000
68005  -36.620  30.955  16.206 4.0000000000
68006  -37.158  29.736  15.418 3.0000000000
68007  -37.205  30.025  16.141 3.0000000000
68008  -37.657  29.535  16.020 3.0000000000
68009  -38.136  29.235  16.563 3.0000000000
68010  -38.046  28.850  15.846 3.0000000000
68011  -38.507  28.170  15.684 3.0000000000
68012  -38.187  28.522  15.140 3.0000000000
68013  -38.810  28.711  13.389 3.0000000000
68014  -38.958  28.199  13.880 3.0000000000
68015  -39.547  28.170  13.318 3.0000000000
77418  -42.970  32.449  21.065 3.0000000000
77420  -42.951  32.062  21.113 3.0000000000
77421  -42.895  31.643  21.154 3.0000000000
77422  -42.590  31.934  20.823 3.0000000000
77423  -42.222  31.772  20.482 4.0000000000
77424  -42.216  32.130  20.459 4.0000000000
77425  -41.145  32.987  19.593 3.0000000000
77426  -41.254  32.616  19.677 3.0000000000
77427  -40.664  32.792  19.202 3.0000000000
77428  -40.113  32.611  18.839 3.0000000000
77429  -39.989  33.014  18.781 3.0000000000
77431  -40.823  34.262  19.362 3.0000000000
77432  -40.226  34.525  18.911 3.0000000000
77433  -38.368  34.365  17.800 3.0000000000
77434  -39.059  34.103  18.218 3.0000000000
77435  -38.461  33.894  17.827 3.0000000000
77436  -38.554  33.466  17.872 3.0000000000
77437  -37.842  33.682  17.435 3.0000000000
77438  -37.210  33.484  17.021 3.0000000000
77439  -37.163  33.998  16.986 3.0000000000
84465  -38.183  25.185  24.324 3.0000000000
84467  -37.950  25.112  23.756 3.0000000000
84468  -38.060  25.356  22.572 3.0000000000
84469  -37.681  24.867  22.692 3.0000000000
84470  -37.618  24.655  22.166 3.0000000000
84471  -37.341  23.964  21.872 3.0000000000
84473  -39.543  27.225  22.199 3.0000000000
84474  -39.206  26.818  22.311 3.0000000000
84475  -39.064  26.585  21.858 3.0000000000
84481  -38.581  22.614  20.508 3.0000000000
84488  -40.964  29.865  19.681 3.0000000000
84489  -40.929  29.574  20.057 3.0000000000
93088  -35.013  33.305  14.702 3.0000000000
96385  -40.781  28.978  20.828 3.0000000000
98486  -39.122  21.188  20.545 3.0000000000
100701  -40.319  31.823  18.939 3.0000000000
100702  -40.407  31.346  18.991 3.0000000000
100703  -39.738  31.576  18.570 3.0000000000
100704  -39.140  31.293  18.187 3.0000000000
100705  -38.597  31.006  17.776 3.0000000000
100706  -35.837  30.899  14.806 4.0000000000
100707  -36.286  30.683  15.522 4.0000000000
100708  -36.215  30.401  14.810 4.0000000000
100709  -36.703  29.979  14.798 3.0000000000
100710  -37.293  29.551  14.736 3.0000000000
100711  -37.913  28.954  14.593 3.0000000000
100712  -37.621  29.384  14.040 3.0000000000
100713  -38.088  29.299  13.421 3.0000000000
100714  -38.705  29.294  12.924 3.0000000000
106357  -42.573  32.679  20.728 4.0000000000
106358  -42.183  32.488  20.420 4.0000000000
106359  -42.102  32.900  20.364 3.0000000000
106360  -41.564  33.151  19.984 3.0000000000
106361  -40.995  33.397  19.535 3.0000000000
106367  -37.118  34.547  16.923 3.0000000000
110583  -38.914  26.227  24.051 3.0000000000
110584  -38.348  25.638  23.608 3.0000000000
110585  -38.738  26.194  23.519 3.0000000000
110586  -38.559  26.030  22.999 3.0000000000
110587  -38.431  25.857  22.480 3.0000000000
117363  -37.401  32.633  17.234 3.0000000000
117364  -37.516  32.149  17.299 3.0000000000
117365  -36.779  32.294  16.750 4.0000000000
117366  -36.212  32.003  16.143 4.0000000000
117367  -35.757  31.700  15.509 4.0000000000
117368  -35.113  32.600  14.786 4.0000000000
117369  -35.270  31.962  14.819 4.0000000000
117370  -35.505  31.412  14.807 4.0000000000
117371  -35.486  31.193  14.114 4.0000000000
117372  -35.646  31.051  13.441 4.0000000000
117373  -35.929  31.047  12.823 4.0000000000
121761  -42.386  34.226  21.009 3.0000000000
121763  -41.831  34.054  20.246 3.0000000000
125050  -39.983  27.594  23.180 3.0000000000
125051  -40.437  28.030  23.024 3.0000000000
125052  -40.154  27.822  22.523 3.0000000000
125053  -39.889  27.623  22.061 3.0000000000
125055  -40.207  27.903  21.816 3.0000000000
125056  -39.714  27.360  21.598 3.0000000000
125060  -39.109  27.588  16.686 3.0000000000
134511  -42.085  30.868  20.486 4.0000000000
134512  -41.763  30.346  20.458 3.0000000000
134513  -41.696  30.610  20.129 4.0000000000
134514  -41.322  30.373  19.723 4.0000000000
134515  -40.832  30.138  19.320 3.0000000000
134516  -40.499  30.899  18.966 3.0000000000
134517  -40.474  30.396  18.946 3.0000000000
134518  -40.343  29.882  18.909 3.0000000000
134519  -39.859  29.594  18.497 3.0000000000
134520  -39.379  29.196  18.049 3.0000000000
134521  -39.032  28.787  17.540 3.0000000000
134522  -37.628  31.633  17.321 3.0000000000
134523  -37.844  31.145  17.338 3.0000000000
134524  -38.052  30.705  17.301 3.0000000000
134525  -36.867  30.516  16.158 3.0000000000
134526  -37.518  30.369  16.765 3.0000000000
134527  -38.208  30.247  17.300 3.0000000000
134528  -38.441  29.608  17.171 3.0000000000
134529  -38.593  28.987  17.066 3.0000000000
134530  -38.805  28.295  16.904 3.0000000000
134531  -38.817  27.851  16.190 3.0000000000
134532  -39.019  27.528  15.492 3.0000000000
134533  -39.355  27.280  14.832 3.0000000000
134534  -38.499  28.330  14.473 3.0000000000
134535  -39.120  27.761  14.366 3.0000000000
146127  -42.220  31.366  20.500 4.0000000000
146128  -41.838  31.593  20.132 4.0000000000
146129  -41.392  31.813  19.755 4.0000000000
146130  -41.778  32.353  20.096 4.0000000000
146131  -41.338  32.228  19.731 3.0000000000
146132  -40.851  32.015  19.292 3.0000000000
146133  -40.220  32.218  18.890 3.0000000000
146134  -39.542  32.421  18.483 3.0000000000
146135  -38.779  32.624  18.067 3.0000000000
146136  -41.411  33.964  19.873 3.0000000000
146137  -40.929  33.815  19.470 3.0000000000
146138  -40.405  33.653  19.050 3.0000000000
146139  -39.644  34.310  18.573 3.0000000000
146140  -39.750  33.874  18.638 3.0000000000
146141  -39.844  33.448  18.677 3.0000000000
146142  -39.279  33.241  18.332 3.0000000000
146143  -38.684  33.028  17.979 3.0000000000
146144  -38.019  32.829  17.623 3.0000000000
146145  -37.267  33.039  17.120 3.0000000000
146146  -36.591  33.330  16.603 3.0000000000
146147  -35.978  33.678  15.968 4.0000000000
146148  -36.525  34.374  16.478 3.0000000000
146149  -35.992  34.262  15.938 3.0000000000
146150  -35.496  34.118  15.327 4.0000000000
154608  -37.772  24.992  23.213 3.0000000000
154611  -37.031  23.500  22.090 3.0000000000
154612  -37.175  23.204  21.613 3.0000000000
154613  -37.437  22.891  21.240 3.0000000000
154614  -39.396  27.000  22.793 3.0000000000
154615  -38.821  26.365  22.401 3.0000000000
154616  -38.345  25.644  21.967 3.0000000000
154621  -37.743  23.286  21.086 3.0000000000
154622  -37.759  22.573  20.923 3.0000000000
154623  -38.260  22.187  20.689 3.0000000000
154624  -38.812  21.884  20.526 3.0000000000
154625  -39.428  21.632  20.392 3.0000000000
154628  -40.090  21.396  20.253 3.0000000000
154693  -35.825  31.546  12.111 3.0000000000
154694  -36.354  31.121  12.222 4.0000000000
154703  -37.013  30.706  12.293 3.0000000000
154704  -37.753  30.350  12.368 3.0000000000
154705  -38.558  29.946  12.377 3.0000000000
392  -42.160  30.585  20.783 0.0000000000
744  -37.496  22.134  21.110 0.0000000000
1874  -40.200  27.719  23.672 0.0000000000
3077  -34.636  32.701  12.580 0.0000000000
4122  -41.419  35.292  20.429 0.0000000000
4123  -40.079  34.955  18.837 0.0000000000
4907  -40.293  28.387  20.744 0.0000000000
4908  -39.990  26.765  14.681 0.0000000000
6688  -40.549  29.616  19.288 0.0000000000
12587  -41.228  29.519  20.807 0.0000000000
18125  -43.115  33.224  21.433 0.0000000000
18126  -43.297  32.541  21.340 0.0000000000
18131  -38.956  34.564  18.162 0.0000000000
18133  -36.547  34.992  16.379 0.0000000000
20475  -39.317  26.810  23.950 0.0000000000
20483  -39.697  28.956  18.491 0.0000000000
23228  -36.900  22.708  21.839 0.0000000000
25851  -42.235  34.561  21.365 0.0000000000
27261  -41.133  28.584  23.211 0.0000000000
27266  -39.255  27.206  15.958 0.0000000000
30972  -39.659  27.695  13.780 0.0000000000
35018  -37.831  24.653  24.478 0.0000000000
35035  -43.269  31.769  21.454 0.0000000000
37882  -37.273  24.212  22.365 0.0000000000
37888  -40.387  21.860  20.099 0.0000000000
37890  -40.517  29.100  20.069 0.0000000000
37910  -36.322  31.637  11.553 0.0000000000
37914  -39.272  30.063  11.871 0.0000000000
43307  -41.763  30.066  20.809 0.0000000000
44472  -37.642  21.485  21.066 0.0000000000
44473  -38.129  21.150  20.871 0.0000000000
48846  -42.818  33.152  21.046 0.0000000000
51195  -39.772  27.262  23.839 0.0000000000
51203  -39.384  28.545  17.982 0.0000000000
51205  -39.475  27.841  17.860 0.0000000000
54074  -36.728  22.943  22.283 0.0000000000
55308  -34.585  32.808  13.290 0.0000000000
58445  -41.889  34.887  20.926 0.0000000000
58448  -41.492  34.893  20.041 0.0000000000
58449  -41.212  35.296  20.001 0.0000000000
60795  -41.461  28.948  22.874 0.0000000000
60797  -41.116  28.730  22.380 0.0000000000
60798  -40.622  28.618  21.147 0.0000000000
60799  -40.430  28.231  21.488 0.0000000000
60800  -40.132  28.005  21.004 0.0000000000
60801  -39.725  27.403  20.802 0.0000000000
60803  -39.582  26.924  15.293 0.0000000000
64300  -39.425  20.627  20.583 0.0000000000
64302  -40.093  20.401  20.467 0.0000000000
64304  -40.453  20.795  20.293 0.0000000000
68016  -40.338  27.657  13.197 0.0000000000
68017  -40.246  28.205  12.803 0.0000000000
77419  -43.306  32.162  21.414 0.0000000000
77430  -40.671  34.718  19.235 0.0000000000
77441  -36.008  34.858  15.842 0.0000000000
77442  -35.600  35.365  15.118 0.0000000000
77443  -35.173  35.246  14.498 0.0000000000
84466  -37.616  24.644  23.944 0.0000000000
84472  -37.695  24.402  21.711 0.0000000000
84479  -38.105  23.790  20.931 0.0000000000
84480  -38.479  23.418  20.593 0.0000000000
84482  -38.939  23.034  20.366 0.0000000000
84490  -40.599  29.344  19.690 0.0000000000
84539  -35.814  32.088  11.409 0.0000000000
84547  -37.577  31.378  11.168 0.0000000000
84548  -38.351  31.008  11.263 0.0000000000
84549  -38.442  30.493  11.835 0.0000000000
93087  -35.049  33.981  14.670 0.0000000000
93089  -34.670  33.750  13.940 0.0000000000
93090  -34.442  33.501  13.214 0.0000000000
96384  -41.163  29.215  21.214 0.0000000000
98485  -38.752  20.873  20.699 0.0000000000
106349  -42.906  33.911  21.765 0.0000000000
106351  -43.189  33.601  21.825 0.0000000000
106352  -43.401  33.243  21.771 0.0000000000
106356  -42.933  32.811  21.000 0.0000000000
106363  -39.516  34.758  18.501 0.0000000000
106365  -38.267  34.866  17.770 0.0000000000
106366  -37.672  34.701  17.339 0.0000000000
106368  -37.072  35.123  16.849 0.0000000000
110588  -39.258  26.686  21.249 0.0000000000
110589  -39.020  26.255  21.392 0.0000000000
110597  -40.130  29.328  18.906 0.0000000000
115640  -37.132  22.426  21.422 0.0000000000
121760  -42.531  34.213  21.427 0.0000000000
121762  -42.139  34.170  20.597 0.0000000000
121764  -41.677  34.476  20.076 0.0000000000
121765  -41.095  34.836  19.614 0.0000000000
125049  -40.686  28.191  23.453 0.0000000000
125054  -40.787  28.476  21.910 0.0000000000
125057  -39.524  27.063  21.076 0.0000000000
125061  -39.410  27.375  17.196 0.0000000000
125062  -39.511  26.926  16.485 0.0000000000
134536  -39.827  27.216  14.238 0.0000000000
146074  -38.358  25.090  24.783 0.0000000000
146075  -38.689  25.635  24.650 0.0000000000
146078  -39.045  26.154  24.515 0.0000000000
146079  -39.432  26.713  24.394 0.0000000000
146124  -43.128  31.308  21.527 0.0000000000
146125  -42.787  31.190  21.187 0.0000000000
146126  -42.416  31.052  20.814 0.0000000000
146151  -35.065  34.591  14.631 0.0000000000
154606  -37.164  24.038  23.641 0.0000000000
154607  -37.050  23.846  23.095 0.0000000000
154609  -37.361  24.366  22.885 0.0000000000
154610  -36.959  23.659  22.578 0.0000000000
154617  -38.708  25.828  21.468 0.0000000000
154618  -38.389  25.381  21.520 0.0000000000
154619  -38.061  24.912  21.582 0.0000000000
154620  -37.793  24.067  21.307 0.0000000000
154626  -39.473  22.771  20.174 0.0000000000
154627  -39.741  22.063  20.197 0.0000000000
154629  -40.753  21.246  20.178 0.0000000000
154632  -41.316  29.814  20.436 0.0000000000
154633  -40.860  29.301  20.440 0.0000000000
154634  -40.420  28.759  20.399 0.0000000000
154691  -34.925  32.639  11.923 0.0000000000
154692  -35.341  32.048  12.018 0.0000000000
154702  -36.942  31.222  11.672 0.0000000000
154706  -39.356  29.376  12.373 0.0000000000
154709  -40.179  28.820  12.344 0.0000000000
2664  -36.695  23.144  22.761 0.0000000000
4121  -42.877  33.900  22.087 0.0000000000
4905  -41.763  29.312  22.545 0.0000000000
8249  -35.722  36.032  14.990 0.0000000000
9214  -38.798  23.791  20.480 0.0000000000
9223  -39.150  31.236  10.799 0.0000000000
10344  -36.858  23.510  23.783 0.0000000000
10755  -34.694  34.497  13.864 0.0000000000
10757  -34.291  34.087  12.376 0.0000000000
12586  -41.008  28.861  21.559 0.0000000000
13752  -37.846  20.841  21.089 0.0000000000
13753  -39.070  20.326  20.747 0.0000000000
18124  -43.534  33.287  22.123 0.0000000000
18132  -37.584  35.245  17.311 0.0000000000
20478  -39.267  26.308  20.768 0.0000000000
20479  -38.812  25.446  21.016 0.0000000000
20481  -39.827  23.203  20.038 0.0000000000
20485  -39.686  27.563  18.320 0.0000000000
25854  -40.921  35.228  19.586 0.0000000000
27265  -39.558  27.090  20.285 0.0000000000
27267  -39.793  26.653  16.933 0.0000000000
29239  -40.472  19.951  20.504 0.0000000000
29240  -41.169  20.675  20.216 0.0000000000
30973  -41.038  27.704  12.688 0.0000000000
35019  -38.921  25.523  25.124 0.0000000000
35020  -39.582  26.634  24.830 0.0000000000
35027  -42.855  30.858  21.539 0.0000000000
35045  -34.964  35.800  13.685 0.0000000000
37885  -38.182  24.587  21.187 0.0000000000
37909  -35.291  32.634  11.309 0.0000000000
37912  -37.638  31.918  10.530 0.0000000000
37915  -40.970  28.956  11.880 0.0000000000
41476  -34.417  34.295  13.121 0.0000000000
43305  -42.166  30.283  21.166 0.0000000000
43306  -41.697  29.759  21.212 0.0000000000
44470  -37.228  21.795  21.333 0.0000000000
44471  -37.383  21.159  21.312 0.0000000000
48851  -38.148  35.380  17.728 0.0000000000
48853  -37.026  35.694  16.792 0.0000000000
51204  -39.703  28.334  18.464 0.0000000000
54072  -36.525  22.547  22.529 0.0000000000
54073  -36.664  22.301  22.083 0.0000000000
58443  -41.527  35.257  20.873 0.0000000000
58444  -41.859  34.896  21.303 0.0000000000
60802  -39.855  27.775  20.559 0.0000000000
60804  -39.818  26.572  15.763 0.0000000000
60805  -40.237  26.374  15.158 0.0000000000
64301  -39.764  20.102  20.625 0.0000000000
64303  -40.812  20.304  20.326 0.0000000000
77378  -38.584  24.968  25.240 0.0000000000
77383  -39.983  27.179  24.714 0.0000000000
77399  -43.216  30.959  21.922 0.0000000000
77411  -43.755  32.943  22.030 0.0000000000
77440  -36.038  35.489  15.717 0.0000000000
77444  -35.336  35.905  14.357 0.0000000000
84477  -38.489  25.024  21.073 0.0000000000
84478  -38.410  24.216  20.799 0.0000000000
84484  -40.076  22.507  20.049 0.0000000000
84485  -40.709  22.308  19.947 0.0000000000
84486  -41.059  21.713  20.035 0.0000000000
84538  -35.859  32.685  10.718 0.0000000000
84540  -36.405  32.193  10.868 0.0000000000
84546  -38.327  31.576  10.648 0.0000000000
84550  -39.216  30.685  11.364 0.0000000000
92348  -36.747  23.364  23.259 0.0000000000
93091  -34.392  33.359  12.458 0.0000000000
94972  -41.180  35.634  20.419 0.0000000000
94973  -40.998  35.655  19.979 0.0000000000
96382  -41.401  29.075  22.020 0.0000000000
96383  -41.589  29.434  21.657 0.0000000000
96386  -40.613  26.667  14.107 0.0000000000
96387  -40.740  26.276  14.594 0.0000000000
98484  -38.406  20.543  20.899 0.0000000000
106350  -43.231  33.615  22.121 0.0000000000
106353  -43.538  32.890  21.677 0.0000000000
106354  -43.599  32.579  21.640 0.0000000000
106355  -43.232  32.892  21.332 0.0000000000
106362  -39.336  35.211  18.505 0.0000000000
106364  -38.813  35.040  18.140 0.0000000000
106369  -36.546  35.603  16.278 0.0000000000
110590  -39.049  25.881  20.910 0.0000000000
110593  -39.295  23.466  20.209 0.0000000000
110598  -40.253  29.070  19.306 0.0000000000
110599  -39.930  28.723  18.888 0.0000000000
115639  -36.878  22.060  21.687 0.0000000000
121758  -42.167  34.517  21.728 0.0000000000
121759  -42.579  34.201  21.730 0.0000000000
121766  -40.541  35.106  19.185 0.0000000000
121767  -40.689  35.624  19.559 0.0000000000
121769  -39.898  35.377  18.811 0.0000000000
125058  -39.458  26.716  20.588 0.0000000000
125063  -40.008  26.331  16.308 0.0000000000
134537  -40.474  27.139  13.641 0.0000000000
134538  -41.178  27.119  13.099 0.0000000000
146072  -37.510  24.116  24.649 0.0000000000
146073  -38.027  24.543  24.928 0.0000000000
146077  -39.237  26.084  24.975 0.0000000000
146080  -39.890  27.279  24.316 0.0000000000
146081  -40.309  27.737  24.112 0.0000000000
146090  -40.767  28.233  23.881 0.0000000000
146091  -41.233  28.613  23.646 0.0000000000
146092  -41.633  29.013  23.311 0.0000000000
146093  -41.981  29.364  22.917 0.0000000000
146099  -42.509  30.731  21.134 0.0000000000
146121  -43.593  32.203  21.704 0.0000000000
146122  -43.611  31.825  21.772 0.0000000000
146123  -43.490  31.408  21.849 0.0000000000
146152  -34.775  35.127  13.788 0.0000000000
154605  -37.304  24.108  24.117 0.0000000000
154630  -41.475  21.136  20.099 0.0000000000
154635  -40.224  28.783  19.656 0.0000000000
154636  -40.096  28.504  19.961 0.0000000000
154637  -39.983  28.143  20.272 0.0000000000
154641  -39.682  27.105  17.645 0.0000000000
154688  -34.604  33.299  11.778 0.0000000000
154690  -34.895  33.282  11.161 0.0000000000
154701  -36.954  31.755  11.035 0.0000000000
154707  -40.084  30.143  11.478 0.0000000000
154708  -40.129  29.472  11.896 0.0000000000
154710  -41.018  28.313  12.288 0.0000000000
13  -37.297  23.573  24.834 0.0000000000
8243  -43.564  31.030  22.260 0.0000000000
8245  -43.842  32.598  22.002 0.0000000000
9215  -41.051  22.759  19.759 0.0000000000
9222  -36.515  32.722  10.213 0.0000000000
11801  -41.500  35.233  21.292 0.0000000000
11802  -41.007  36.120  20.448 0.0000000000
11803  -40.574  36.009  19.522 0.0000000000
12585  -42.099  29.927  21.603 0.0000000000
12588  -41.312  26.610  13.557 0.0000000000
12589  -41.600  25.804  14.599 0.0000000000
13750  -36.973  21.440  21.607 0.0000000000
18130  -38.675  35.507  18.120 0.0000000000
18134  -36.570  36.204  16.135 0.0000000000
20484  -39.944  28.459  19.246 0.0000000000
20504  -40.884  30.336  11.099 0.0000000000
23227  -36.468  21.938  22.348 0.0000000000
25850  -42.020  34.436  22.132 0.0000000000
25855  -39.706  35.805  18.818 0.0000000000
27268  -40.470  26.064  15.672 0.0000000000
35017  -38.270  24.406  25.369 0.0000000000
35021  -40.440  27.681  24.603 0.0000000000
35024  -41.284  28.583  24.119 0.0000000000
35025  -42.160  29.403  23.326 0.0000000000
35034  -43.877  31.888  22.119 0.0000000000
37889  -41.820  21.602  19.931 0.0000000000
37891  -39.707  27.821  19.810 0.0000000000
37908  -34.570  33.963  10.985 0.0000000000
41063  -36.679  23.118  24.057 0.0000000000
41064  -37.049  23.569  24.294 0.0000000000
41475  -34.510  35.079  13.048 0.0000000000
41477  -34.325  34.898  12.300 0.0000000000
43308  -42.051  26.592  13.057 0.0000000000
48850  -38.019  35.863  17.658 0.0000000000
48852  -37.492  35.773  17.230 0.0000000000
48854  -36.997  36.238  16.627 0.0000000000
51198  -39.353  25.911  20.317 0.0000000000
51199  -39.226  25.475  20.508 0.0000000000
54070  -36.467  22.767  22.979 0.0000000000
54071  -36.335  22.185  22.797 0.0000000000
58451  -40.152  35.919  19.161 0.0000000000
77377  -38.810  24.823  25.675 0.0000000000
77379  -39.135  25.381  25.528 0.0000000000
77381  -39.788  26.540  25.271 0.0000000000
77382  -40.127  27.093  25.131 0.0000000000
77384  -40.544  27.616  24.989 0.0000000000
77393  -41.748  29.005  23.788 0.0000000000
77397  -43.187  30.597  22.362 0.0000000000
77398  -42.856  30.532  21.967 0.0000000000
77408  -42.691  33.868  22.471 0.0000000000
77410  -43.133  33.621  22.488 0.0000000000
77412  -43.820  32.990  22.403 0.0000000000
77413  -44.018  32.664  22.366 0.0000000000
77417  -43.886  32.248  22.042 0.0000000000
84476  -38.727  24.615  20.697 0.0000000000
84483  -40.407  22.930  19.902 0.0000000000
84487  -41.362  22.169  19.836 0.0000000000
84492  -39.867  28.117  19.530 0.0000000000
84496  -40.324  26.095  16.755 0.0000000000
84497  -40.044  26.419  17.394 0.0000000000
84536  -35.963  33.211  10.070 0.0000000000
84537  -35.337  33.262  10.578 0.0000000000
84544  -39.183  31.762  10.210 0.0000000000
84545  -38.435  32.088  10.077 0.0000000000
84552  -40.924  29.641  11.499 0.0000000000
84553  -41.792  29.128  11.485 0.0000000000
84554  -41.846  28.460  11.846 0.0000000000
92347  -36.542  22.967  23.517 0.0000000000
94971  -41.211  35.673  20.876 0.0000000000
94974  -40.852  36.040  19.976 0.0000000000
96381  -41.970  29.593  22.074 0.0000000000
96388  -41.444  26.167  14.037 0.0000000000
98480  -37.117  20.789  21.567 0.0000000000
98481  -37.578  20.532  21.319 0.0000000000
98482  -38.093  20.237  21.108 0.0000000000
98483  -38.744  19.983  20.929 0.0000000000
106370  -36.103  36.199  15.587 0.0000000000
110591  -39.002  25.026  20.638 0.0000000000
110592  -39.101  24.184  20.351 0.0000000000
110594  -39.580  23.891  20.087 0.0000000000
110595  -40.134  23.637  19.881 0.0000000000
110600  -39.780  28.046  18.791 0.0000000000
110601  -39.746  27.306  18.626 0.0000000000
110633  -40.048  31.472  10.407 0.0000000000
110634  -40.036  30.837  10.967 0.0000000000
115638  -36.676  21.686  21.953 0.0000000000
121756  -42.477  34.155  22.083 0.0000000000
121757  -41.782  34.835  21.730 0.0000000000
121768  -40.327  35.520  19.178 0.0000000000
121770  -39.194  35.635  18.494 0.0000000000
125059  -39.463  26.292  20.049 0.0000000000
125064  -40.642  25.841  16.135 0.0000000000
125065  -40.991  25.910  15.132 0.0000000000
129831  -39.448  19.783  20.775 0.0000000000
129832  -40.150  19.617  20.643 0.0000000000
129833  -40.894  19.455  20.460 0.0000000000
129834  -41.221  19.798  20.337 0.0000000000
129835  -41.564  20.176  20.249 0.0000000000
129836  -41.929  20.581  20.132 0.0000000000
134539  -41.916  27.141  12.618 0.0000000000
146071  -37.733  24.020  25.100 0.0000000000
146076  -39.426  25.945  25.369 0.0000000000
146089  -40.845  28.173  24.345 0.0000000000
146095  -42.500  29.741  22.885 0.0000000000
146096  -42.281  29.672  22.480 0.0000000000
146098  -42.502  30.402  21.554 0.0000000000
146112  -43.518  33.288  22.460 0.0000000000
146120  -43.771  31.501  22.188 0.0000000000
146153  -34.672  35.749  12.964 0.0000000000
146228  -35.874  36.683  14.801 0.0000000000
146231  -35.526  36.577  14.192 0.0000000000
146232  -35.191  36.493  13.506 0.0000000000
146233  -34.854  36.440  12.823 0.0000000000
154631  -42.250  21.106  19.964 0.0000000000
154638  -39.651  27.450  20.058 0.0000000000
154639  -39.541  26.672  19.785 0.0000000000
154642  -39.847  26.849  18.088 0.0000000000
154686  -34.234  34.823  11.487 0.0000000000
154687  -34.306  34.020  11.605 0.0000000000
154689  -34.941  33.928  10.409 0.0000000000
154699  -37.776  32.429  9.957 0.0000000000
154700  -37.064  32.289  10.402 0.0000000000
154711  -41.879  27.792  12.217 0.0000000000
58  -34.464  35.725  12.220 0.0000000000
264  -42.681  20.607  20.009 0.0000000000
525  -42.822  26.629  12.559 0.0000000000
1877  -37.420  36.287  17.076 0.0000000000
2217  -39.575  25.502  19.857 0.0000000000
3670  -41.311  18.964  20.368 0.0000000000
4909  -41.018  25.645  16.754 0.0000000000
5947  -38.441  19.661  21.148 0.0000000000
8239  -39.403  25.221  25.922 0.0000000000
8241  -40.677  27.535  25.372 0.0000000000
9216  -39.743  26.988  18.880 0.0000000000
9224  -42.647  29.310  11.155 0.0000000000
10342  -36.542  22.714  24.348 0.0000000000
10343  -36.294  22.390  23.273 0.0000000000
11350  -42.003  19.705  20.136 0.0000000000
13751  -37.344  20.179  21.575 0.0000000000
18113  -39.979  26.385  25.630 0.0000000000
20480  -39.353  24.641  20.263 0.0000000000
20482  -40.274  24.046  19.625 0.0000000000
20499  -35.539  33.846  9.875 0.0000000000
20502  -39.341  32.230  9.670 0.0000000000
20503  -40.931  31.631  10.076 0.0000000000
25849  -42.463  33.749  22.792 0.0000000000
29238  -39.824  19.275  20.778 0.0000000000
33358  -34.416  35.455  10.670 0.0000000000
35026  -42.752  30.132  22.437 0.0000000000
35031  -43.371  33.241  22.817 0.0000000000
35032  -44.073  32.706  22.734 0.0000000000
35070  -36.043  37.292  14.584 0.0000000000
35071  -35.387  37.165  13.347 0.0000000000
35072  -34.786  37.055  11.946 0.0000000000
37892  -39.680  26.236  19.329 0.0000000000
37893  -40.249  26.219  17.885 0.0000000000
37911  -37.948  32.905  9.393 0.0000000000
37916  -42.738  27.870  11.796 0.0000000000
41062  -36.908  23.153  24.582 0.0000000000
42070  -42.337  20.127  20.082 0.0000000000
42521  -41.047  36.136  20.993 0.0000000000
42522  -40.939  36.684  20.488 0.0000000000
42523  -40.723  36.562  19.995 0.0000000000
43309  -42.189  26.136  13.538 0.0000000000
43310  -42.921  26.141  13.058 0.0000000000
51200  -39.494  25.106  20.116 0.0000000000
51201  -39.765  24.311  19.888 0.0000000000
58441  -41.827  34.366  22.517 0.0000000000
58442  -41.669  34.741  22.162 0.0000000000
58450  -40.027  36.330  19.145 0.0000000000
58452  -39.555  36.230  18.789 0.0000000000
58453  -39.063  36.106  18.458 0.0000000000
60806  -42.515  25.382  14.674 0.0000000000
60807  -41.838  25.492  15.175 0.0000000000
64293  -37.807  19.922  21.338 0.0000000000
64299  -39.149  19.442  20.941 0.0000000000
77380  -40.293  26.994  25.520 0.0000000000
77391  -41.389  28.565  24.544 0.0000000000
77392  -41.843  29.025  24.225 0.0000000000
77394  -42.313  29.451  23.820 0.0000000000
77395  -43.452  30.648  22.736 0.0000000000
77396  -42.985  30.211  22.856 0.0000000000
77409  -42.925  33.500  22.797 0.0000000000
77414  -44.255  32.401  22.736 0.0000000000
77415  -44.114  32.300  22.379 0.0000000000
77416  -44.143  31.938  22.464 0.0000000000
77511  -35.038  37.123  12.649 0.0000000000
84491  -39.724  27.723  19.087 0.0000000000
84493  -39.671  27.376  19.321 0.0000000000
84494  -39.606  27.028  19.558 0.0000000000
84498  -40.602  25.887  17.280 0.0000000000
84534  -34.416  34.700  10.812 0.0000000000
84535  -34.705  34.581  10.211 0.0000000000
84551  -41.734  29.849  11.131 0.0000000000
84555  -42.693  28.564  11.461 0.0000000000
92346  -36.382  22.571  23.803 0.0000000000
94158  -41.686  19.309  20.249 0.0000000000
94969  -41.438  35.181  21.765 0.0000000000
94970  -41.215  35.653  21.393 0.0000000000
94975  -40.470  36.453  19.539 0.0000000000
96389  -42.369  25.716  14.048 0.0000000000
98478  -36.754  21.088  21.881 0.0000000000
98479  -36.895  20.481  21.836 0.0000000000
106331  -39.670  25.791  25.755 0.0000000000
106343  -43.783  31.109  22.645 0.0000000000
110596  -40.734  23.377  19.692 0.0000000000
110625  -35.268  34.501  9.638 0.0000000000
110627  -36.219  33.772  9.391 0.0000000000
110628  -36.683  33.262  9.579 0.0000000000
110632  -40.113  31.954  9.852 0.0000000000
110635  -40.880  31.008  10.623 0.0000000000
110636  -41.742  30.507  10.758 0.0000000000
115635  -36.117  21.774  23.112 0.0000000000
115636  -36.280  21.580  22.646 0.0000000000
115637  -36.460  21.325  22.226 0.0000000000
121755  -42.254  34.090  22.485 0.0000000000
121771  -38.530  35.971  18.074 0.0000000000
121772  -37.945  36.392  17.545 0.0000000000
125066  -41.245  25.635  15.679 0.0000000000
125067  -41.490  25.417  16.203 0.0000000000
129830  -40.551  19.110  20.595 0.0000000000
141226  -34.348  35.591  11.401 0.0000000000
146087  -41.109  28.049  25.172 0.0000000000
146088  -40.993  28.107  24.753 0.0000000000
146094  -42.679  29.825  23.316 0.0000000000
146097  -42.422  30.014  22.017 0.0000000000
146113  -43.773  32.996  22.813 0.0000000000
146119  -43.998  31.555  22.561 0.0000000000
146225  -37.022  36.816  16.436 0.0000000000
146226  -36.632  36.797  15.935 0.0000000000
146227  -36.255  36.795  15.399 0.0000000000
146230  -35.705  37.231  13.986 0.0000000000
146234  -34.615  36.394  12.103 0.0000000000
149496  -37.067  23.078  25.060 0.0000000000
149739  -37.645  23.623  25.339 0.0000000000
149740  -38.152  23.954  25.599 0.0000000000
149741  -38.674  24.326  25.862 0.0000000000
149742  -39.234  24.727  26.116 0.0000000000
154640  -39.623  25.868  19.591 0.0000000000
154643  -39.924  26.582  18.418 0.0000000000
154652  -41.322  23.229  19.505 0.0000000000
154655  -41.707  22.647  19.585 0.0000000000
154656  -42.092  22.108  19.703 0.0000000000
154657  -42.510  21.598  19.794 0.0000000000
154658  -42.947  21.087  19.850 0.0000000000
154697  -37.212  32.829  9.765 0.0000000000
154698  -38.622  32.549  9.530 0.0000000000
154712  -42.778  27.209  12.162 0.0000000000
393  -40.982  37.265  20.541 0.0000000000
2663  -36.553  20.741  22.154 0.0000000000
4120  -41.319  35.144  22.238 0.0000000000
4124  -39.447  36.714  18.761 0.0000000000
4910  -43.430  25.025  14.837 0.0000000000
7642  -35.068  35.158  9.376 0.0000000000
8242  -42.405  29.487  24.248 0.0000000000
11800  -41.030  36.158  21.508 0.0000000000
11804  -40.405  36.997  19.581 0.0000000000
12590  -43.096  25.716  13.583 0.0000000000
18118  -43.182  30.266  23.256 0.0000000000
18119  -44.001  31.178  23.066 0.0000000000
20500  -36.948  33.781  8.956 0.0000000000
20505  -42.649  30.660  10.487 0.0000000000
23226  -36.083  21.154  22.928 0.0000000000
25848  -41.562  34.261  22.897 0.0000000000
25856  -38.461  36.495  17.994 0.0000000000
27269  -42.099  25.264  15.767 0.0000000000
35023  -41.543  28.561  24.920 0.0000000000
35033  -44.294  32.007  22.797 0.0000000000
35069  -36.725  37.351  15.714 0.0000000000
36174  -36.862  22.580  25.313 0.0000000000
36255  -38.042  23.561  25.841 0.0000000000
36256  -39.075  24.272  26.313 0.0000000000
37896  -41.424  23.646  19.181 0.0000000000
37897  -42.393  22.576  19.438 0.0000000000
37898  -43.209  21.581  19.668 0.0000000000
42071  -42.785  19.667  19.924 0.0000000000
42072  -43.122  20.143  19.903 0.0000000000
42074  -43.427  20.562  19.811 0.0000000000
42520  -40.996  36.724  21.048 0.0000000000
42524  -40.737  37.163  20.052 0.0000000000
43311  -43.845  25.761  13.125 0.0000000000
43312  -43.738  26.198  12.598 0.0000000000
51202  -39.850  24.758  19.680 0.0000000000
51219  -36.581  34.361  8.686 0.0000000000
51222  -41.020  32.091  9.556 0.0000000000
51223  -41.835  31.730  9.763 0.0000000000
51224  -41.762  31.154  10.314 0.0000000000
54069  -35.980  21.355  23.400 0.0000000000
57090  -40.948  18.644  20.517 0.0000000000
57092  -41.734  18.486  20.267 0.0000000000
58440  -41.449  34.700  22.579 0.0000000000
58454  -38.947  36.610  18.399 0.0000000000
60808  -42.738  25.118  15.281 0.0000000000
64292  -36.676  20.148  22.094 0.0000000000
64294  -37.599  19.600  21.596 0.0000000000
64295  -38.132  19.326  21.413 0.0000000000
64297  -38.818  19.121  21.180 0.0000000000
64298  -39.533  18.941  20.968 0.0000000000
77390  -41.949  29.045  24.652 0.0000000000
77506  -36.378  37.342  15.179 0.0000000000
77507  -36.226  37.857  14.410 0.0000000000
77509  -35.578  37.809  13.211 0.0000000000
77510  -35.266  37.745  12.548 0.0000000000
77512  -35.045  37.699  11.833 0.0000000000
77513  -34.860  37.620  11.137 0.0000000000
80418  -38.545  23.897  26.085 0.0000000000
84495  -39.725  26.612  19.077 0.0000000000
84509  -42.773  22.078  19.595 0.0000000000
84533  -34.659  35.298  9.986 0.0000000000
84542  -38.232  33.384  8.817 0.0000000000
84543  -38.837  32.964  9.012 0.0000000000
92344  -36.232  22.143  24.124 0.0000000000
92345  -36.132  21.969  23.587 0.0000000000
94159  -42.085  18.821  20.080 0.0000000000
94160  -42.448  19.229  20.008 0.0000000000
94968  -41.117  35.626  21.891 0.0000000000
94976  -39.947  36.816  19.151 0.0000000000
96390  -43.279  25.307  14.156 0.0000000000
106330  -39.955  25.629  26.125 0.0000000000
106332  -40.231  26.219  25.990 0.0000000000
106333  -40.522  26.832  25.872 0.0000000000
106334  -40.799  27.412  25.732 0.0000000000
106340  -42.838  29.912  23.795 0.0000000000
106342  -43.657  30.699  23.137 0.0000000000
110602  -41.799  25.245  16.840 0.0000000000
110603  -41.284  25.445  17.302 0.0000000000
110624  -35.710  35.033  8.823 0.0000000000
110626  -35.877  34.414  9.139 0.0000000000
110630  -39.570  32.626  9.125 0.0000000000
110631  -40.281  32.351  9.291 0.0000000000
110637  -42.632  30.007  10.824 0.0000000000
115634  -36.294  20.956  22.519 0.0000000000
121753  -42.206  33.569  23.170 0.0000000000
121754  -41.999  33.942  22.848 0.0000000000
125068  -42.371  25.114  16.398 0.0000000000
129822  -37.097  19.863  21.808 0.0000000000
129829  -40.204  18.790  20.748 0.0000000000
141225  -34.484  36.308  11.372 0.0000000000
141227  -34.470  36.161  10.606 0.0000000000
141228  -34.625  36.013  9.880 0.0000000000
146084  -41.250  27.974  25.561 0.0000000000
146086  -41.692  28.519  25.329 0.0000000000
146109  -42.705  33.370  23.131 0.0000000000
146110  -43.173  33.151  23.153 0.0000000000
146111  -43.580  32.947  23.179 0.0000000000
146114  -43.947  32.700  23.175 0.0000000000
146115  -44.241  32.410  23.178 0.0000000000
146116  -44.404  32.057  23.211 0.0000000000
146118  -44.207  31.586  22.917 0.0000000000
146215  -37.911  36.956  17.386 0.0000000000
146216  -37.418  36.892  16.909 0.0000000000
146224  -37.088  37.379  16.230 0.0000000000
146229  -35.900  37.845  13.833 0.0000000000
146235  -34.629  36.961  11.256 0.0000000000
149494  -36.340  22.162  24.611 0.0000000000
149495  -36.645  22.666  24.803 0.0000000000
149738  -37.429  23.086  25.573 0.0000000000
149744  -39.639  24.658  26.509 0.0000000000
149745  -39.809  25.134  26.334 0.0000000000
154644  -40.817  25.685  17.774 0.0000000000
154645  -40.326  25.889  18.207 0.0000000000
154646  -39.962  26.215  18.664 0.0000000000
154647  -39.969  25.826  18.893 0.0000000000
154648  -39.991  25.488  19.171 0.0000000000
154649  -39.931  25.117  19.438 0.0000000000
154650  -40.313  24.447  19.322 0.0000000000
154651  -40.858  23.794  19.398 0.0000000000
154654  -41.947  23.125  19.316 0.0000000000
154659  -43.639  21.073  19.711 0.0000000000
154696  -37.432  33.340  9.143 0.0000000000
154733  -43.536  29.500  10.820 0.0000000000
154736  -43.535  28.746  11.093 0.0000000000
154737  -43.580  27.996  11.420 0.0000000000
154738  -43.643  27.325  11.771 0.0000000000
154739  -43.701  26.709  12.121 0.0000000000
