#!ascii label  , from subject  vox2ras=TkReg
1612
146081  -40.309  27.737  24.112 0.0000000000
35021  -40.440  27.681  24.603 0.0000000000
146080  -39.890  27.279  24.316 0.0000000000
51195  -39.772  27.262  23.839 0.0000000000
1874  -40.200  27.719  23.672 0.0000000000
146089  -40.845  28.173  24.345 0.0000000000
146090  -40.767  28.233  23.881 0.0000000000
35024  -41.284  28.583  24.119 0.0000000000
77391  -41.389  28.565  24.544 0.0000000000
146088  -40.993  28.107  24.753 0.0000000000
146091  -41.233  28.613  23.646 0.0000000000
125049  -40.686  28.191  23.453 0.0000000000
27261  -41.133  28.584  23.211 0.0000000000
77393  -41.748  29.005  23.788 0.0000000000
146092  -41.633  29.013  23.311 0.0000000000
35025  -42.160  29.403  23.326 0.0000000000
146093  -41.981  29.364  22.917 0.0000000000
60795  -41.461  28.948  22.874 0.0000000000
4905  -41.763  29.312  22.545 0.0000000000
146095  -42.500  29.741  22.885 0.0000000000
146096  -42.281  29.672  22.480 0.0000000000
35026  -42.752  30.132  22.437 0.0000000000
77396  -42.985  30.211  22.856 0.0000000000
146094  -42.679  29.825  23.316 0.0000000000
146097  -42.422  30.014  22.017 0.0000000000
96381  -41.970  29.593  22.074 0.0000000000
12585  -42.099  29.927  21.603 0.0000000000
77398  -42.856  30.532  21.967 0.0000000000
146098  -42.502  30.402  21.554 0.0000000000
35027  -42.855  30.858  21.539 0.0000000000
146099  -42.509  30.731  21.134 0.0000000000
43305  -42.166  30.283  21.166 0.0000000000
392  -42.160  30.585  20.783 0.0000000000
146125  -42.787  31.190  21.187 0.0000000000
146126  -42.416  31.052  20.814 0.0000000000
35036  -42.570  31.517  20.847 0.0000000000
77421  -42.895  31.643  21.154 0.0000000000
146124  -43.128  31.308  21.527 0.0000000000
146127  -42.220  31.366  20.500 0.0000000000
134511  -42.085  30.868  20.486 0.0000000000
30963  -41.835  31.145  20.146 0.0000000000
77423  -42.222  31.772  20.482 0.0000000000
146128  -41.838  31.593  20.132 0.0000000000
35037  -41.809  31.995  20.115 0.0000000000
146129  -41.392  31.813  19.755 0.0000000000
67995  -41.434  31.368  19.775 0.0000000000
6687  -40.931  31.598  19.366 0.0000000000
146131  -41.338  32.228  19.731 0.0000000000
146132  -40.851  32.015  19.292 0.0000000000
35038  -40.765  32.413  19.270 0.0000000000
77426  -41.254  32.616  19.677 0.0000000000
146130  -41.778  32.353  20.096 0.0000000000
146133  -40.220  32.218  18.890 0.0000000000
100701  -40.319  31.823  18.939 0.0000000000
77428  -40.113  32.611  18.839 0.0000000000
146134  -39.542  32.421  18.483 0.0000000000
35039  -39.416  32.823  18.434 0.0000000000
146135  -38.779  32.624  18.067 0.0000000000
45705  -38.888  32.233  18.139 0.0000000000
1155  -38.151  32.452  17.720 0.0000000000
146143  -38.684  33.028  17.979 0.0000000000
146144  -38.019  32.829  17.623 0.0000000000
35042  -37.911  33.239  17.507 0.0000000000
77436  -38.554  33.466  17.872 0.0000000000
146142  -39.279  33.241  18.332 0.0000000000
146145  -37.267  33.039  17.120 0.0000000000
117363  -37.401  32.633  17.234 0.0000000000
23967  -36.667  32.813  16.665 0.0000000000
77438  -37.210  33.484  17.021 0.0000000000
146146  -36.591  33.330  16.603 0.0000000000
35043  -36.548  33.842  16.545 0.0000000000
146147  -35.978  33.678  15.968 0.0000000000
55305  -36.035  33.148  16.046 0.0000000000
3075  -35.491  33.531  15.374 0.0000000000
146149  -35.992  34.262  15.938 0.0000000000
146150  -35.496  34.118  15.327 0.0000000000
35044  -35.531  34.736  15.274 0.0000000000
77441  -36.008  34.858  15.842 0.0000000000
146148  -36.525  34.374  16.478 0.0000000000
18133  -36.547  34.992  16.379 0.0000000000
106367  -37.118  34.547  16.923 0.0000000000
77439  -37.163  33.998  16.986 0.0000000000
35041  -39.162  33.667  18.253 0.0000000000
146141  -39.844  33.448  18.677 0.0000000000
77429  -39.989  33.014  18.781 0.0000000000
146140  -39.750  33.874  18.638 0.0000000000
146138  -40.405  33.653  19.050 0.0000000000
8247  -40.528  33.215  19.124 0.0000000000
77434  -39.059  34.103  18.218 0.0000000000
146139  -39.644  34.310  18.573 0.0000000000
35040  -40.359  34.050  19.020 0.0000000000
18131  -38.956  34.564  18.162 0.0000000000
106363  -39.516  34.758  18.501 0.0000000000
77432  -40.226  34.525  18.911 0.0000000000
146137  -40.929  33.815  19.470 0.0000000000
106361  -40.995  33.397  19.535 0.0000000000
77431  -40.823  34.262  19.362 0.0000000000
146136  -41.411  33.964  19.873 0.0000000000
18129  -41.444  33.549  19.945 0.0000000000
25853  -41.240  34.426  19.688 0.0000000000
121763  -41.831  34.054  20.246 0.0000000000
48849  -41.898  33.672  20.358 0.0000000000
18128  -41.691  32.750  20.027 0.0000000000
106358  -42.183  32.488  20.420 0.0000000000
77424  -42.216  32.130  20.459 0.0000000000
35035  -43.269  31.769  21.454 0.0000000000
146123  -43.490  31.408  21.849 0.0000000000
77399  -43.216  30.959  21.922 0.0000000000
146122  -43.611  31.825  21.772 0.0000000000
146120  -43.771  31.501  22.188 0.0000000000
8243  -43.564  31.030  22.260 0.0000000000
77419  -43.306  32.162  21.414 0.0000000000
146121  -43.593  32.203  21.704 0.0000000000
35034  -43.877  31.888  22.119 0.0000000000
18126  -43.297  32.541  21.340 0.0000000000
106354  -43.599  32.579  21.640 0.0000000000
77417  -43.886  32.248  22.042 0.0000000000
146119  -43.998  31.555  22.561 0.0000000000
106343  -43.783  31.109  22.645 0.0000000000
77416  -44.143  31.938  22.464 0.0000000000
146118  -44.207  31.586  22.917 0.0000000000
18119  -44.001  31.178  23.066 0.0000000000
35033  -44.294  32.007  22.797 0.0000000000
146117  -44.371  31.625  23.295 0.0000000000
48839  -44.110  31.202  23.446 0.0000000000
146116  -44.404  32.057  23.211 0.0000000000
146108  -44.409  31.616  23.729 0.0000000000
1875  -44.207  31.186  23.850 0.0000000000
77414  -44.255  32.401  22.736 0.0000000000
146115  -44.241  32.410  23.178 0.0000000000
35030  -44.398  32.026  23.656 0.0000000000
35032  -44.073  32.706  22.734 0.0000000000
146114  -43.947  32.700  23.175 0.0000000000
77407  -44.164  32.390  23.642 0.0000000000
146113  -43.773  32.996  22.813 0.0000000000
146111  -43.580  32.947  23.179 0.0000000000
8244  -43.758  32.631  23.569 0.0000000000
77412  -43.820  32.990  22.403 0.0000000000
146112  -43.518  33.288  22.460 0.0000000000
35031  -43.371  33.241  22.817 0.0000000000
18124  -43.534  33.287  22.123 0.0000000000
106350  -43.231  33.615  22.121 0.0000000000
77410  -43.133  33.621  22.488 0.0000000000
146110  -43.173  33.151  23.153 0.0000000000
106348  -43.374  32.850  23.536 0.0000000000
77409  -42.925  33.500  22.797 0.0000000000
146109  -42.705  33.370  23.131 0.0000000000
18122  -42.951  33.016  23.532 0.0000000000
25849  -42.463  33.749  22.792 0.0000000000
121753  -42.206  33.569  23.170 0.0000000000
48842  -42.456  33.157  23.552 0.0000000000
146107  -44.397  31.542  24.158 0.0000000000
121751  -44.295  31.125  24.268 0.0000000000
77406  -44.292  31.914  24.124 0.0000000000
146106  -44.357  31.426  24.589 0.0000000000
25847  -44.251  31.035  24.645 0.0000000000
35029  -44.216  31.784  24.592 0.0000000000
146105  -44.263  31.283  25.046 0.0000000000
58439  -44.237  30.924  25.065 0.0000000000
146104  -44.061  31.624  25.005 0.0000000000
146102  -44.185  31.104  25.455 0.0000000000
4119  -44.244  30.810  25.515 0.0000000000
77404  -43.865  32.094  24.496 0.0000000000
146103  -43.680  31.935  24.917 0.0000000000
35028  -43.905  31.445  25.389 0.0000000000
18121  -43.429  32.322  24.428 0.0000000000
106345  -43.209  32.165  24.842 0.0000000000
77402  -43.552  31.779  25.301 0.0000000000
146101  -44.102  30.997  25.810 0.0000000000
94967  -44.164  30.626  25.848 0.0000000000
77401  -43.828  31.341  25.752 0.0000000000
146100  -44.074  30.872  26.165 0.0000000000
11799  -44.201  30.490  26.192 0.0000000000
29861  -43.749  31.199  26.172 0.0000000000
131519  -44.135  30.713  26.557 0.0000000000
42519  -44.255  30.308  26.534 0.0000000000
18118  -43.182  30.266  23.256 0.0000000000
106340  -42.838  29.912  23.795 0.0000000000
77394  -42.313  29.451  23.820 0.0000000000
35023  -41.543  28.561  24.920 0.0000000000
146087  -41.109  28.049  25.172 0.0000000000
77384  -40.544  27.616  24.989 0.0000000000
146086  -41.692  28.519  25.329 0.0000000000
146084  -41.250  27.974  25.561 0.0000000000
8241  -40.677  27.535  25.372 0.0000000000
77389  -42.105  29.030  25.043 0.0000000000
146085  -42.220  28.963  25.394 0.0000000000
35022  -41.810  28.422  25.681 0.0000000000
18116  -42.662  29.475  25.050 0.0000000000
106336  -42.695  29.385  25.380 0.0000000000
77387  -42.294  28.852  25.740 0.0000000000
146083  -41.381  27.841  25.921 0.0000000000
106334  -40.799  27.412  25.732 0.0000000000
77386  -41.914  28.287  26.013 0.0000000000
146082  -41.618  27.724  26.219 0.0000000000
18114  -41.057  27.282  26.068 0.0000000000
25844  -42.140  28.070  26.310 0.0000000000
121742  -41.856  27.502  26.494 0.0000000000
48834  -41.317  27.131  26.364 0.0000000000
77383  -39.983  27.179  24.714 0.0000000000
146079  -39.432  26.713  24.394 0.0000000000
20475  -39.317  26.810  23.950 0.0000000000
35020  -39.582  26.634  24.830 0.0000000000
146078  -39.045  26.154  24.515 0.0000000000
110583  -38.914  26.227  24.051 0.0000000000
146077  -39.237  26.084  24.975 0.0000000000
146075  -38.689  25.635  24.650 0.0000000000
8240  -38.548  25.694  24.160 0.0000000000
77381  -39.788  26.540  25.271 0.0000000000
146076  -39.426  25.945  25.369 0.0000000000
35019  -38.921  25.523  25.124 0.0000000000
18113  -39.979  26.385  25.630 0.0000000000
106331  -39.670  25.791  25.755 0.0000000000
77379  -39.135  25.381  25.528 0.0000000000
146074  -38.358  25.090  24.783 0.0000000000
84465  -38.183  25.185  24.324 0.0000000000
77378  -38.584  24.968  25.240 0.0000000000
146073  -38.027  24.543  24.928 0.0000000000
35018  -37.831  24.653  24.478 0.0000000000
35017  -38.270  24.406  25.369 0.0000000000
146071  -37.733  24.020  25.100 0.0000000000
146072  -37.510  24.116  24.649 0.0000000000
154605  -37.304  24.108  24.117 0.0000000000
13  -37.297  23.573  24.834 0.0000000000
41064  -37.049  23.569  24.294 0.0000000000
149739  -37.645  23.623  25.339 0.0000000000
149740  -38.152  23.954  25.599 0.0000000000
134513  -41.696  30.610  20.129 0.0000000000
134512  -41.763  30.346  20.458 0.0000000000
131518  -44.186  30.590  26.935 0.0000000000
391  -44.380  30.171  26.854 0.0000000000
131520  -43.755  31.049  26.615 0.0000000000
29860  -43.842  30.946  27.030 0.0000000000
149793  -44.497  30.147  27.249 0.0000000000
149794  -44.215  30.599  27.411 0.0000000000
125051  -40.437  28.030  23.024 0.0000000000
125050  -39.983  27.594  23.180 0.0000000000
121762  -42.139  34.170  20.597 0.0000000000
1876  -42.287  33.777  20.710 0.0000000000
121764  -41.677  34.476  20.076 0.0000000000
25852  -41.975  34.542  20.533 0.0000000000
121761  -42.386  34.226  21.009 0.0000000000
48843  -42.570  33.866  21.087 0.0000000000
58446  -42.216  34.548  20.991 0.0000000000
121760  -42.531  34.213  21.427 0.0000000000
18123  -42.781  33.880  21.497 0.0000000000
25851  -42.235  34.561  21.365 0.0000000000
121759  -42.579  34.201  21.730 0.0000000000
106349  -42.906  33.911  21.765 0.0000000000
121758  -42.167  34.517  21.728 0.0000000000
121756  -42.477  34.155  22.083 0.0000000000
4121  -42.877  33.900  22.087 0.0000000000
58444  -41.859  34.896  21.303 0.0000000000
121757  -41.782  34.835  21.730 0.0000000000
25850  -42.020  34.436  22.132 0.0000000000
11801  -41.500  35.233  21.292 0.0000000000
94969  -41.438  35.181  21.765 0.0000000000
58442  -41.669  34.741  22.162 0.0000000000
121755  -42.254  34.090  22.485 0.0000000000
77408  -42.691  33.868  22.471 0.0000000000
58441  -41.827  34.366  22.517 0.0000000000
121754  -41.999  33.942  22.848 0.0000000000
25848  -41.562  34.261  22.897 0.0000000000
121752  -41.733  33.809  23.240 0.0000000000
893  -41.903  33.371  23.580 0.0000000000
131537  -41.516  33.686  23.678 0.0000000000
131538  -41.311  34.141  23.334 0.0000000000
121750  -43.965  30.625  24.748 0.0000000000
48835  -43.917  30.710  24.412 0.0000000000
58438  -43.977  30.528  25.114 0.0000000000
121749  -43.598  30.139  25.233 0.0000000000
18115  -43.573  30.222  24.865 0.0000000000
25846  -43.600  30.036  25.600 0.0000000000
121748  -43.188  29.680  25.677 0.0000000000
106335  -43.145  29.777  25.317 0.0000000000
121747  -43.306  29.503  26.024 0.0000000000
121745  -42.891  29.114  26.052 0.0000000000
4118  -42.731  29.285  25.719 0.0000000000
58436  -43.665  29.889  25.945 0.0000000000
121746  -43.426  29.311  26.337 0.0000000000
25845  -43.042  28.896  26.360 0.0000000000
11798  -43.781  29.711  26.284 0.0000000000
94964  -43.604  29.118  26.656 0.0000000000
58434  -43.225  28.707  26.669 0.0000000000
121744  -42.621  28.480  26.346 0.0000000000
77385  -42.417  28.713  26.051 0.0000000000
58433  -42.819  28.276  26.631 0.0000000000
121743  -42.359  27.851  26.588 0.0000000000
25843  -42.586  27.713  26.842 0.0000000000
121741  -42.086  27.283  26.783 0.0000000000
1873  -41.584  26.923  26.614 0.0000000000
149757  -41.999  26.783  26.926 0.0000000000
149758  -42.521  27.196  27.030 0.0000000000
110585  -38.738  26.194  23.519 0.0000000000
110584  -38.348  25.638  23.608 0.0000000000
106366  -37.672  34.701  17.339 0.0000000000
8248  -37.779  34.178  17.408 0.0000000000
106368  -37.072  35.123  16.849 0.0000000000
18132  -37.584  35.245  17.311 0.0000000000
106365  -38.267  34.866  17.770 0.0000000000
77433  -38.368  34.365  17.800 0.0000000000
48851  -38.148  35.380  17.728 0.0000000000
106364  -38.813  35.040  18.140 0.0000000000
18130  -38.675  35.507  18.120 0.0000000000
106362  -39.336  35.211  18.505 0.0000000000
4123  -40.079  34.955  18.837 0.0000000000
121769  -39.898  35.377  18.811 0.0000000000
121770  -39.194  35.635  18.494 0.0000000000
106360  -41.564  33.151  19.984 0.0000000000
77425  -41.145  32.987  19.593 0.0000000000
48848  -41.946  33.299  20.383 0.0000000000
106359  -42.102  32.900  20.364 0.0000000000
18127  -42.488  33.043  20.708 0.0000000000
106357  -42.573  32.679  20.728 0.0000000000
8246  -42.610  32.318  20.777 0.0000000000
106356  -42.933  32.811  21.000 0.0000000000
77418  -42.970  32.449  21.065 0.0000000000
48846  -42.818  33.152  21.046 0.0000000000
106355  -43.232  32.892  21.332 0.0000000000
18125  -43.115  33.224  21.433 0.0000000000
106353  -43.538  32.890  21.677 0.0000000000
8245  -43.842  32.598  22.002 0.0000000000
106352  -43.401  33.243  21.771 0.0000000000
77411  -43.755  32.943  22.030 0.0000000000
48844  -43.001  33.577  21.546 0.0000000000
106351  -43.189  33.601  21.825 0.0000000000
106347  -43.208  32.678  23.965 0.0000000000
77403  -43.638  32.500  23.983 0.0000000000
48841  -42.672  32.794  23.949 0.0000000000
106346  -42.946  32.485  24.391 0.0000000000
18120  -42.432  32.636  24.394 0.0000000000
106344  -42.732  32.342  24.820 0.0000000000
6215  -43.128  32.036  25.267 0.0000000000
131525  -42.655  32.209  25.313 0.0000000000
131526  -42.285  32.535  24.884 0.0000000000
106342  -43.657  30.699  23.137 0.0000000000
77395  -43.452  30.648  22.736 0.0000000000
48838  -43.739  30.735  23.567 0.0000000000
106341  -43.308  30.304  23.684 0.0000000000
18117  -43.418  30.302  24.097 0.0000000000
106339  -42.936  29.920  24.217 0.0000000000
8242  -42.405  29.487  24.248 0.0000000000
106338  -43.037  29.899  24.609 0.0000000000
77388  -42.511  29.487  24.674 0.0000000000
48836  -43.505  30.299  24.515 0.0000000000
106337  -43.133  29.858  24.968 0.0000000000
106333  -40.522  26.832  25.872 0.0000000000
77380  -40.293  26.994  25.520 0.0000000000
48833  -40.765  26.672  26.220 0.0000000000
106332  -40.231  26.219  25.990 0.0000000000
18112  -40.481  26.054  26.326 0.0000000000
106330  -39.955  25.629  26.125 0.0000000000
8239  -39.403  25.221  25.922 0.0000000000
149745  -39.809  25.134  26.334 0.0000000000
149746  -40.363  25.560  26.507 0.0000000000
96383  -41.589  29.434  21.657 0.0000000000
96382  -41.401  29.075  22.020 0.0000000000
94968  -41.117  35.626  21.891 0.0000000000
4120  -41.319  35.144  22.238 0.0000000000
94970  -41.215  35.653  21.393 0.0000000000
11800  -41.030  36.158  21.508 0.0000000000
131543  -41.046  35.633  22.383 0.0000000000
131544  -40.955  36.146  22.031 0.0000000000
94966  -44.097  30.084  26.223 0.0000000000
58435  -43.998  30.253  25.883 0.0000000000
42518  -44.177  29.932  26.569 0.0000000000
94965  -43.941  29.535  26.620 0.0000000000
11797  -44.155  29.378  26.888 0.0000000000
94963  -43.822  28.941  26.955 0.0000000000
4117  -43.481  28.545  26.960 0.0000000000
149763  -43.805  28.427  27.233 0.0000000000
149764  -44.138  28.866  27.200 0.0000000000
84467  -37.950  25.112  23.756 0.0000000000
84466  -37.616  24.644  23.944 0.0000000000
77440  -36.038  35.489  15.717 0.0000000000
77442  -35.600  35.365  15.118 0.0000000000
8249  -35.722  36.032  14.990 0.0000000000
106369  -36.546  35.603  16.278 0.0000000000
106370  -36.103  36.199  15.587 0.0000000000
77437  -37.842  33.682  17.435 0.0000000000
77435  -38.461  33.894  17.827 0.0000000000
77430  -40.671  34.718  19.235 0.0000000000
121765  -41.095  34.836  19.614 0.0000000000
121766  -40.541  35.106  19.185 0.0000000000
77427  -40.664  32.792  19.202 0.0000000000
77422  -42.590  31.934  20.823 0.0000000000
77420  -42.951  32.062  21.113 0.0000000000
77415  -44.114  32.300  22.379 0.0000000000
77413  -44.018  32.664  22.366 0.0000000000
77405  -44.024  32.234  24.075 0.0000000000
77400  -43.445  31.652  25.717 0.0000000000
131521  -43.345  31.483  26.190 0.0000000000
131522  -43.020  31.880  25.743 0.0000000000
77397  -43.187  30.597  22.362 0.0000000000
77392  -41.843  29.025  24.225 0.0000000000
77390  -41.949  29.045  24.652 0.0000000000
77382  -40.127  27.093  25.131 0.0000000000
77377  -38.810  24.823  25.675 0.0000000000
149741  -38.674  24.326  25.862 0.0000000000
149742  -39.234  24.727  26.116 0.0000000000
67997  -40.982  31.109  19.380 0.0000000000
67996  -41.481  30.847  19.755 0.0000000000
60797  -41.116  28.730  22.380 0.0000000000
60796  -40.815  28.388  22.733 0.0000000000
58445  -41.889  34.887  20.926 0.0000000000
58447  -41.750  34.908  20.496 0.0000000000
4122  -41.419  35.292  20.429 0.0000000000
58443  -41.527  35.257  20.873 0.0000000000
94971  -41.211  35.673  20.876 0.0000000000
94972  -41.180  35.634  20.419 0.0000000000
58440  -41.449  34.700  22.579 0.0000000000
131539  -41.235  34.627  23.043 0.0000000000
131540  -41.133  35.091  22.700 0.0000000000
58437  -43.954  30.393  25.530 0.0000000000
58432  -43.067  28.140  26.907 0.0000000000
149759  -43.008  27.612  27.107 0.0000000000
149760  -43.437  28.037  27.213 0.0000000000
51197  -39.559  27.144  23.307 0.0000000000
51196  -39.121  26.682  23.424 0.0000000000
48850  -38.019  35.863  17.658 0.0000000000
48852  -37.492  35.773  17.230 0.0000000000
1877  -37.420  36.287  17.076 0.0000000000
121771  -38.530  35.971  18.074 0.0000000000
121772  -37.945  36.392  17.545 0.0000000000
48847  -42.367  33.414  20.710 0.0000000000
48845  -42.712  33.504  21.097 0.0000000000
48840  -42.171  32.999  24.006 0.0000000000
131527  -41.984  32.872  24.496 0.0000000000
131528  -41.726  33.265  24.069 0.0000000000
48837  -43.841  30.746  23.991 0.0000000000
48832  -41.022  26.493  26.520 0.0000000000
149747  -40.914  25.987  26.649 0.0000000000
149748  -41.461  26.377  26.788 0.0000000000
43307  -41.763  30.066  20.809 0.0000000000
43306  -41.697  29.759  21.212 0.0000000000
42517  -44.365  29.737  26.862 0.0000000000
149765  -44.416  29.265  27.187 0.0000000000
149766  -44.561  29.674  27.198 0.0000000000
41062  -36.908  23.153  24.582 0.0000000000
41063  -36.679  23.118  24.057 0.0000000000
10344  -36.858  23.510  23.783 0.0000000000
92347  -36.542  22.967  23.517 0.0000000000
10342  -36.542  22.714  24.348 0.0000000000
92346  -36.382  22.571  23.803 0.0000000000
149495  -36.645  22.666  24.803 0.0000000000
149496  -37.067  23.078  25.060 0.0000000000
65633  -43.367  31.334  26.609 0.0000000000
65632  -43.445  31.244  27.049 0.0000000000
149795  -43.848  30.937  27.466 0.0000000000
58448  -41.492  34.893  20.041 0.0000000000
48853  -37.026  35.694  16.792 0.0000000000
42521  -41.047  36.136  20.993 0.0000000000
42520  -40.996  36.724  21.048 0.0000000000
131545  -40.945  36.728  21.597 0.0000000000
92348  -36.747  23.364  23.259 0.0000000000
154606  -37.164  24.038  23.641 0.0000000000
92344  -36.232  22.143  24.124 0.0000000000
149494  -36.340  22.162  24.611 0.0000000000
146228  -35.874  36.683  14.801 0.0000000000
58449  -41.212  35.296  20.001 0.0000000000
94973  -40.998  35.655  19.979 0.0000000000
48854  -36.997  36.238  16.627 0.0000000000
146216  -37.418  36.892  16.909 0.0000000000
146225  -37.022  36.816  16.436 0.0000000000
42522  -40.939  36.684  20.488 0.0000000000
393  -40.982  37.265  20.541 0.0000000000
131546  -40.997  37.300  21.122 0.0000000000
11802  -41.007  36.120  20.448 0.0000000000
42524  -40.737  37.163  20.052 0.0000000000
42523  -40.723  36.562  19.995 0.0000000000
94975  -40.470  36.453  19.539 0.0000000000
11804  -40.405  36.997  19.581 0.0000000000
94974  -40.852  36.040  19.976 0.0000000000
146207  -40.697  37.792  20.073 0.0000000000
146208  -40.328  37.666  19.593 0.0000000000
96384  -41.163  29.215  21.214 0.0000000000
12587  -41.228  29.519  20.807 0.0000000000
154632  -41.316  29.814  20.436 0.0000000000
18134  -36.570  36.204  16.135 0.0000000000
146226  -36.632  36.797  15.935 0.0000000000
110586  -38.559  26.030  22.999 0.0000000000
20477  -38.956  26.526  22.902 0.0000000000
154614  -39.396  27.000  22.793 0.0000000000
25854  -40.921  35.228  19.586 0.0000000000
121767  -40.689  35.624  19.559 0.0000000000
125052  -40.154  27.822  22.523 0.0000000000
27263  -40.474  28.147  22.262 0.0000000000
125054  -40.787  28.476  21.910 0.0000000000
65634  -42.944  31.595  26.704 0.0000000000
6214  -42.988  31.495  27.214 0.0000000000
149796  -43.393  31.182  27.577 0.0000000000
29862  -42.932  31.745  26.211 0.0000000000
99284  -42.507  31.877  26.828 0.0000000000
131523  -42.448  31.919  26.299 0.0000000000
134514  -41.322  30.373  19.723 0.0000000000
30965  -40.972  30.629  19.344 0.0000000000
37881  -37.472  24.513  23.422 0.0000000000
154608  -37.772  24.992  23.213 0.0000000000
2662  -35.982  21.548  23.857 0.0000000000
92345  -36.132  21.969  23.587 0.0000000000
149493  -36.061  21.625  24.397 0.0000000000
115635  -36.117  21.774  23.112 0.0000000000
10343  -36.294  22.390  23.273 0.0000000000
54069  -35.980  21.355  23.400 0.0000000000
54070  -36.467  22.767  22.979 0.0000000000
2664  -36.695  23.144  22.761 0.0000000000
154607  -37.050  23.846  23.095 0.0000000000
11803  -40.574  36.009  19.522 0.0000000000
94976  -39.947  36.816  19.151 0.0000000000
58450  -40.027  36.330  19.145 0.0000000000
4124  -39.447  36.714  18.761 0.0000000000
146210  -39.327  37.287  18.711 0.0000000000
12586  -41.008  28.861  21.559 0.0000000000
96385  -40.781  28.978  20.828 0.0000000000
60798  -40.622  28.618  21.147 0.0000000000
4907  -40.293  28.387  20.744 0.0000000000
154633  -40.860  29.301  20.440 0.0000000000
154634  -40.420  28.759  20.399 0.0000000000
14198  -42.105  32.246  26.427 0.0000000000
99283  -42.534  31.826  27.326 0.0000000000
99285  -42.126  32.219  26.939 0.0000000000
14197  -42.160  32.189  27.453 0.0000000000
44918  -41.808  32.627  27.127 0.0000000000
99286  -41.785  32.656  26.615 0.0000000000
14199  -41.501  33.125  26.791 0.0000000000
99287  -41.504  33.112  26.276 0.0000000000
65635  -41.764  32.692  26.086 0.0000000000
6216  -41.482  33.115  25.704 0.0000000000
131530  -41.191  33.622  26.440 0.0000000000
131531  -41.170  33.567  25.886 0.0000000000
146227  -36.255  36.795  15.399 0.0000000000
20476  -38.202  25.532  23.099 0.0000000000
110587  -38.431  25.857  22.480 0.0000000000
84468  -38.060  25.356  22.572 0.0000000000
9213  -38.007  25.144  22.056 0.0000000000
154615  -38.821  26.365  22.401 0.0000000000
154616  -38.345  25.644  21.967 0.0000000000
23226  -36.083  21.154  22.928 0.0000000000
54071  -36.335  22.185  22.797 0.0000000000
115636  -36.280  21.580  22.646 0.0000000000
23227  -36.468  21.938  22.348 0.0000000000
115637  -36.460  21.325  22.226 0.0000000000
115634  -36.294  20.956  22.519 0.0000000000
115638  -36.676  21.686  21.953 0.0000000000
2663  -36.553  20.741  22.154 0.0000000000
98478  -36.754  21.088  21.881 0.0000000000
13750  -36.973  21.440  21.607 0.0000000000
54073  -36.664  22.301  22.083 0.0000000000
115639  -36.878  22.060  21.687 0.0000000000
23228  -36.900  22.708  21.839 0.0000000000
115640  -37.132  22.426  21.422 0.0000000000
44470  -37.228  21.795  21.333 0.0000000000
744  -37.496  22.134  21.110 0.0000000000
154612  -37.175  23.204  21.613 0.0000000000
154613  -37.437  22.891  21.240 0.0000000000
121768  -40.327  35.520  19.178 0.0000000000
58451  -40.152  35.919  19.161 0.0000000000
25855  -39.706  35.805  18.818 0.0000000000
58453  -39.063  36.106  18.458 0.0000000000
25856  -38.461  36.495  17.994 0.0000000000
146215  -37.911  36.956  17.386 0.0000000000
27262  -39.765  27.418  22.666 0.0000000000
125053  -39.889  27.623  22.061 0.0000000000
84473  -39.543  27.225  22.199 0.0000000000
4906  -39.369  27.006  21.760 0.0000000000
125055  -40.207  27.903  21.816 0.0000000000
125056  -39.714  27.360  21.598 0.0000000000
60799  -40.430  28.231  21.488 0.0000000000
27264  -39.958  27.682  21.329 0.0000000000
125057  -39.524  27.063  21.076 0.0000000000
110588  -39.258  26.686  21.249 0.0000000000
20478  -39.267  26.308  20.768 0.0000000000
60801  -39.725  27.403  20.802 0.0000000000
125058  -39.458  26.716  20.588 0.0000000000
27265  -39.558  27.090  20.285 0.0000000000
125059  -39.463  26.292  20.049 0.0000000000
51198  -39.353  25.911  20.317 0.0000000000
2217  -39.575  25.502  19.857 0.0000000000
154639  -39.541  26.672  19.785 0.0000000000
154640  -39.623  25.868  19.591 0.0000000000
131524  -42.548  32.084  25.804 0.0000000000
65636  -42.111  32.345  25.912 0.0000000000
29863  -42.175  32.426  25.382 0.0000000000
65638  -41.877  32.781  25.001 0.0000000000
29864  -41.576  33.160  24.544 0.0000000000
131536  -41.347  33.589  24.168 0.0000000000
29865  -40.862  34.050  26.097 0.0000000000
65641  -40.930  34.149  26.670 0.0000000000
131529  -41.237  33.623  26.958 0.0000000000
131533  -40.858  33.990  25.519 0.0000000000
131534  -41.173  33.540  25.299 0.0000000000
29866  -40.895  33.965  24.931 0.0000000000
65644  -40.602  34.457  25.140 0.0000000000
131532  -40.582  34.529  25.732 0.0000000000
131535  -41.218  33.535  24.718 0.0000000000
65639  -41.506  33.104  25.129 0.0000000000
65646  -41.006  33.983  24.391 0.0000000000
29867  -41.160  34.054  23.861 0.0000000000
65648  -40.999  34.541  23.577 0.0000000000
29868  -40.991  35.055  23.218 0.0000000000
131542  -40.938  35.607  22.899 0.0000000000
29869  -40.895  36.188  22.577 0.0000000000
65651  -40.835  36.228  23.064 0.0000000000
131541  -40.817  35.592  23.398 0.0000000000
65653  -40.858  36.764  22.202 0.0000000000
29870  -40.942  37.343  21.730 0.0000000000
146179  -40.993  37.912  21.192 0.0000000000
146180  -40.990  37.864  20.603 0.0000000000
30964  -41.357  30.102  20.078 0.0000000000
134515  -40.832  30.138  19.320 0.0000000000
84488  -40.964  29.865  19.681 0.0000000000
6688  -40.549  29.616  19.288 0.0000000000
146178  -40.938  38.007  21.789 0.0000000000
146213  -38.830  37.129  18.295 0.0000000000
146214  -38.386  37.013  17.857 0.0000000000
58454  -38.947  36.610  18.399 0.0000000000
36173  -36.164  21.607  24.923 0.0000000000
149492  -35.868  21.062  24.720 0.0000000000
149490  -35.838  21.037  24.217 0.0000000000
80213  -36.485  22.120  25.118 0.0000000000
36174  -36.862  22.580  25.313 0.0000000000
149738  -37.429  23.086  25.573 0.0000000000
36255  -38.042  23.561  25.841 0.0000000000
80416  -37.822  23.064  26.077 0.0000000000
149737  -37.192  22.560  25.839 0.0000000000
80418  -38.545  23.897  26.085 0.0000000000
36256  -39.075  24.272  26.313 0.0000000000
149744  -39.639  24.658  26.509 0.0000000000
36257  -40.220  25.050  26.678 0.0000000000
80421  -40.051  24.563  26.836 0.0000000000
149743  -39.475  24.210  26.690 0.0000000000
80423  -40.800  25.484  26.817 0.0000000000
36258  -41.359  25.897  26.943 0.0000000000
149756  -41.903  26.282  27.073 0.0000000000
36261  -42.440  26.686  27.190 0.0000000000
80431  -42.345  26.175  27.334 0.0000000000
149755  -41.825  25.836  27.224 0.0000000000
80433  -42.953  27.075  27.281 0.0000000000
36262  -43.370  27.508  27.412 0.0000000000
149762  -43.780  27.924  27.467 0.0000000000
36263  -44.142  28.349  27.482 0.0000000000
80436  -44.155  27.858  27.727 0.0000000000
149761  -43.742  27.421  27.680 0.0000000000
80438  -44.446  28.774  27.498 0.0000000000
36264  -44.718  29.190  27.544 0.0000000000
149792  -44.779  29.595  27.653 0.0000000000
36273  -44.514  30.139  27.763 0.0000000000
80461  -44.731  29.562  28.079 0.0000000000
149791  -44.850  29.100  27.936 0.0000000000
80463  -44.163  30.496  27.871 0.0000000000
36274  -43.726  30.788  27.962 0.0000000000
149798  -43.238  31.095  28.081 0.0000000000
149799  -42.925  31.477  27.733 0.0000000000
36275  -42.784  31.447  28.260 0.0000000000
80466  -43.063  31.016  28.597 0.0000000000
149797  -43.556  30.668  28.451 0.0000000000
149800  -42.468  31.842  27.873 0.0000000000
80468  -42.344  31.842  28.346 0.0000000000
149801  -42.082  32.226  28.011 0.0000000000
36276  -42.022  32.136  28.554 0.0000000000
149802  -41.811  32.583  28.227 0.0000000000
44917  -41.865  32.584  27.635 0.0000000000
892  -41.597  33.044  27.827 0.0000000000
149810  -41.697  32.561  28.661 0.0000000000
149811  -41.525  33.082  28.323 0.0000000000
36279  -41.328  32.980  28.765 0.0000000000
80476  -41.444  32.382  29.042 0.0000000000
149809  -41.858  31.993  28.975 0.0000000000
149812  -41.187  33.509  28.471 0.0000000000
116260  -41.324  33.520  27.991 0.0000000000
23494  -41.003  34.021  28.171 0.0000000000
80478  -40.936  33.350  28.906 0.0000000000
149813  -40.834  33.933  28.668 0.0000000000
36280  -40.552  33.752  29.075 0.0000000000
149814  -40.459  34.357  28.881 0.0000000000
54517  -40.699  34.486  28.421 0.0000000000
2812  -40.327  34.939  28.660 0.0000000000
149816  -40.055  34.144  29.155 0.0000000000
149817  -40.000  34.779  29.054 0.0000000000
36281  -39.514  34.484  29.160 0.0000000000
80481  -39.460  33.782  29.175 0.0000000000
149815  -39.977  33.426  29.152 0.0000000000
149818  -39.503  35.124  29.067 0.0000000000
92614  -39.882  35.365  28.832 0.0000000000
10492  -39.422  35.723  28.891 0.0000000000
80483  -38.977  34.731  29.119 0.0000000000
149819  -38.994  35.364  29.033 0.0000000000
36282  -38.442  34.912  29.039 0.0000000000
149820  -38.462  35.541  28.930 0.0000000000
41212  -38.928  35.958  28.851 0.0000000000
57  -38.426  36.109  28.731 0.0000000000
149900  -37.900  35.108  28.912 0.0000000000
149901  -37.907  35.718  28.757 0.0000000000
36309  -37.352  35.324  28.747 0.0000000000
80551  -37.287  34.707  28.927 0.0000000000
149899  -37.874  34.462  29.016 0.0000000000
149902  -37.384  35.904  28.589 0.0000000000
138337  -37.898  36.297  28.588 0.0000000000
32359  -37.361  36.507  28.456 0.0000000000
80553  -36.788  35.401  28.634 0.0000000000
149903  -36.826  36.015  28.481 0.0000000000
36310  -36.280  35.602  28.559 0.0000000000
154609  -37.361  24.366  22.885 0.0000000000
154610  -36.959  23.659  22.578 0.0000000000
84469  -37.681  24.867  22.692 0.0000000000
37882  -37.273  24.212  22.365 0.0000000000
154611  -37.031  23.500  22.090 0.0000000000
54074  -36.728  22.943  22.283 0.0000000000
84471  -37.341  23.964  21.872 0.0000000000
37883  -37.507  23.645  21.443 0.0000000000
154621  -37.743  23.286  21.086 0.0000000000
154622  -37.759  22.573  20.923 0.0000000000
84474  -39.206  26.818  22.311 0.0000000000
37884  -38.724  26.130  21.927 0.0000000000
154618  -38.389  25.381  21.520 0.0000000000
154619  -38.061  24.912  21.582 0.0000000000
37885  -38.182  24.587  21.187 0.0000000000
84477  -38.489  25.024  21.073 0.0000000000
154617  -38.708  25.828  21.468 0.0000000000
154620  -37.793  24.067  21.307 0.0000000000
84472  -37.695  24.402  21.711 0.0000000000
84479  -38.105  23.790  20.931 0.0000000000
37886  -38.137  22.987  20.754 0.0000000000
154623  -38.260  22.187  20.689 0.0000000000
44474  -37.919  21.799  20.865 0.0000000000
13754  -38.493  21.454  20.691 0.0000000000
84481  -38.581  22.614  20.508 0.0000000000
154624  -38.812  21.884  20.526 0.0000000000
37887  -39.118  22.337  20.346 0.0000000000
154625  -39.428  21.632  20.392 0.0000000000
98486  -39.122  21.188  20.545 0.0000000000
5948  -39.796  20.936  20.429 0.0000000000
154627  -39.741  22.063  20.197 0.0000000000
154628  -40.090  21.396  20.253 0.0000000000
37888  -40.387  21.860  20.099 0.0000000000
84484  -40.076  22.507  20.049 0.0000000000
154626  -39.473  22.771  20.174 0.0000000000
154629  -40.753  21.246  20.178 0.0000000000
64304  -40.453  20.795  20.293 0.0000000000
29240  -41.169  20.675  20.216 0.0000000000
84486  -41.059  21.713  20.035 0.0000000000
154630  -41.475  21.136  20.099 0.0000000000
37889  -41.820  21.602  19.931 0.0000000000
154631  -42.250  21.106  19.964 0.0000000000
129836  -41.929  20.581  20.132 0.0000000000
154657  -42.510  21.598  19.794 0.0000000000
84489  -40.929  29.574  20.057 0.0000000000
37890  -40.517  29.100  20.069 0.0000000000
154636  -40.096  28.504  19.961 0.0000000000
154637  -39.983  28.143  20.272 0.0000000000
37891  -39.707  27.821  19.810 0.0000000000
84492  -39.867  28.117  19.530 0.0000000000
154635  -40.224  28.783  19.656 0.0000000000
154638  -39.651  27.450  20.058 0.0000000000
60802  -39.855  27.775  20.559 0.0000000000
84494  -39.606  27.028  19.558 0.0000000000
37892  -39.680  26.236  19.329 0.0000000000
154648  -39.991  25.488  19.171 0.0000000000
154649  -39.931  25.117  19.438 0.0000000000
37895  -40.412  24.810  19.081 0.0000000000
84502  -40.451  25.196  18.761 0.0000000000
154647  -39.969  25.826  18.893 0.0000000000
154650  -40.313  24.447  19.322 0.0000000000
51202  -39.850  24.758  19.680 0.0000000000
20482  -40.274  24.046  19.625 0.0000000000
84504  -40.880  24.203  19.086 0.0000000000
154651  -40.858  23.794  19.398 0.0000000000
37896  -41.424  23.646  19.181 0.0000000000
154652  -41.322  23.229  19.505 0.0000000000
110596  -40.734  23.377  19.692 0.0000000000
9215  -41.051  22.759  19.759 0.0000000000
154654  -41.947  23.125  19.316 0.0000000000
154655  -41.707  22.647  19.585 0.0000000000
37897  -42.393  22.576  19.438 0.0000000000
84507  -42.545  23.041  19.178 0.0000000000
154653  -42.022  23.545  18.958 0.0000000000
154656  -42.092  22.108  19.703 0.0000000000
84487  -41.362  22.169  19.836 0.0000000000
84509  -42.773  22.078  19.595 0.0000000000
84505  -41.483  24.044  18.817 0.0000000000
84495  -39.725  26.612  19.077 0.0000000000
20484  -39.944  28.459  19.246 0.0000000000
110598  -40.253  29.070  19.306 0.0000000000
84490  -40.599  29.344  19.690 0.0000000000
20481  -39.827  23.203  20.038 0.0000000000
110593  -39.295  23.466  20.209 0.0000000000
84482  -38.939  23.034  20.366 0.0000000000
20479  -38.812  25.446  21.016 0.0000000000
110589  -39.020  26.255  21.392 0.0000000000
84475  -39.064  26.585  21.858 0.0000000000
36308  -37.235  34.033  29.008 0.0000000000
149898  -37.776  33.784  29.080 0.0000000000
80484  -38.379  34.251  29.108 0.0000000000
149897  -37.160  33.315  29.035 0.0000000000
149895  -37.681  33.092  29.088 0.0000000000
8676  -38.285  33.565  29.142 0.0000000000
80549  -36.617  33.529  29.015 0.0000000000
149896  -36.561  32.830  29.068 0.0000000000
36307  -37.047  32.584  29.094 0.0000000000
19171  -36.017  33.012  29.109 0.0000000000
108233  -35.900  32.308  29.270 0.0000000000
80547  -36.399  32.106  29.277 0.0000000000
149894  -37.595  32.363  29.156 0.0000000000
108195  -38.228  32.867  29.134 0.0000000000
80546  -36.906  31.783  29.270 0.0000000000
149893  -37.508  31.602  29.269 0.0000000000
19149  -38.152  32.097  29.172 0.0000000000
36306  -36.829  31.137  29.572 0.0000000000
149892  -37.344  30.887  29.558 0.0000000000
49869  -38.055  31.321  29.323 0.0000000000
2034  -37.935  30.641  29.586 0.0000000000
19148  -39.380  33.036  29.161 0.0000000000
108192  -39.907  32.682  29.176 0.0000000000
80479  -40.487  33.054  29.120 0.0000000000
36278  -41.425  31.681  29.203 0.0000000000
149808  -41.953  31.429  29.179 0.0000000000
80469  -42.232  31.680  28.838 0.0000000000
149807  -41.408  31.064  29.332 0.0000000000
149805  -41.974  30.867  29.348 0.0000000000
8674  -42.398  31.123  29.103 0.0000000000
80474  -40.877  31.357  29.293 0.0000000000
149806  -40.818  30.710  29.367 0.0000000000
36277  -41.379  30.496  29.453 0.0000000000
19146  -40.276  30.967  29.310 0.0000000000
108188  -40.194  30.337  29.473 0.0000000000
80472  -40.811  30.104  29.532 0.0000000000
149804  -41.963  30.306  29.512 0.0000000000
108186  -42.479  30.594  29.325 0.0000000000
80471  -41.378  29.947  29.630 0.0000000000
149803  -41.975  29.757  29.694 0.0000000000
19144  -42.546  30.079  29.533 0.0000000000
26463  -41.364  29.463  29.916 0.0000000000
123183  -42.014  29.291  30.006 0.0000000000
49864  -42.598  29.563  29.736 0.0000000000
19143  -43.338  30.533  28.921 0.0000000000
108183  -43.858  30.203  28.851 0.0000000000
80464  -44.037  30.338  28.377 0.0000000000
36272  -44.864  29.048  28.350 0.0000000000
149790  -44.861  28.637  28.214 0.0000000000
80439  -44.737  28.681  27.848 0.0000000000
149789  -44.911  28.613  28.603 0.0000000000
149787  -44.831  28.212  28.456 0.0000000000
8670  -44.709  28.220  28.108 0.0000000000
80459  -44.767  28.956  28.828 0.0000000000
149788  -44.768  28.525  29.117 0.0000000000
36271  -44.890  28.146  28.906 0.0000000000
19141  -44.523  28.877  29.291 0.0000000000
108179  -44.541  28.445  29.564 0.0000000000
80457  -44.757  28.080  29.377 0.0000000000
149786  -44.810  27.728  28.744 0.0000000000
108168  -44.688  27.768  28.358 0.0000000000
80456  -44.829  27.690  29.192 0.0000000000
149785  -44.784  27.292  29.040 0.0000000000
19134  -44.654  27.329  28.621 0.0000000000
36270  -44.807  27.269  29.485 0.0000000000
149784  -44.795  26.849  29.358 0.0000000000
49854  -44.654  26.864  28.919 0.0000000000
149783  -44.849  26.856  29.792 0.0000000000
149775  -44.817  26.406  29.707 0.0000000000
2032  -44.672  26.397  29.242 0.0000000000
80454  -44.752  27.282  29.960 0.0000000000
149782  -44.814  26.842  30.285 0.0000000000
36267  -44.933  26.403  30.171 0.0000000000
36269  -44.607  27.245  30.460 0.0000000000
149781  -44.703  26.854  30.791 0.0000000000
80447  -44.944  26.397  30.645 0.0000000000
149780  -44.451  27.261  31.005 0.0000000000
149778  -44.661  26.956  31.436 0.0000000000
8671  -44.917  26.515  31.246 0.0000000000
80452  -44.293  27.562  30.640 0.0000000000
149779  -43.996  27.593  31.242 0.0000000000
36268  -44.244  27.292  31.679 0.0000000000
19139  -43.846  27.866  30.806 0.0000000000
108175  -43.490  27.871  31.408 0.0000000000
80450  -43.720  27.562  31.879 0.0000000000
149777  -44.543  26.968  32.097 0.0000000000
108173  -44.911  26.589  31.907 0.0000000000
80449  -44.019  27.233  32.311 0.0000000000
149776  -44.379  26.876  32.688 0.0000000000
19137  -44.871  26.607  32.550 0.0000000000
26459  -43.758  27.102  32.876 0.0000000000
123173  -44.081  26.750  33.361 0.0000000000
49857  -44.666  26.485  33.199 0.0000000000
149774  -44.935  26.010  30.105 0.0000000000
123171  -44.687  26.006  29.597 0.0000000000
80446  -45.083  26.005  30.581 0.0000000000
149773  -45.057  25.602  30.509 0.0000000000
26457  -44.774  25.588  30.003 0.0000000000
36266  -45.222  25.615  30.993 0.0000000000
149772  -45.195  25.174  30.886 0.0000000000
59454  -44.834  25.153  30.389 0.0000000000
149771  -45.364  25.186  31.467 0.0000000000
149769  -45.265  24.683  31.391 0.0000000000
4459  -44.878  24.684  30.778 0.0000000000
80444  -45.342  25.660  31.569 0.0000000000
149770  -45.508  25.205  32.066 0.0000000000
36265  -45.455  24.697  31.951 0.0000000000
19136  -45.406  25.686  32.232 0.0000000000
108170  -45.606  25.176  32.741 0.0000000000
80442  -45.664  24.680  32.547 0.0000000000
149768  -45.232  24.153  31.869 0.0000000000
95577  -44.933  24.186  31.272 0.0000000000
80441  -45.463  24.164  32.398 0.0000000000
149767  -45.114  23.555  32.338 0.0000000000
12139  -44.795  23.657  31.763 0.0000000000
30336  -45.384  23.602  32.847 0.0000000000
132804  -44.977  23.050  32.766 0.0000000000
42859  -44.581  23.124  32.218 0.0000000000
19133  -44.131  27.383  27.924 0.0000000000
108165  -43.711  26.941  27.841 0.0000000000
80434  -43.307  26.982  27.571 0.0000000000
36260  -42.222  25.715  27.494 0.0000000000
149754  -41.696  25.320  27.397 0.0000000000
80424  -41.278  25.432  27.136 0.0000000000
149753  -42.119  25.226  27.704 0.0000000000
149751  -41.599  24.839  27.625 0.0000000000
8668  -41.148  24.917  27.300 0.0000000000
80429  -42.664  25.646  27.801 0.0000000000
149752  -42.603  25.171  28.051 0.0000000000
36259  -42.044  24.755  27.973 0.0000000000
19131  -43.183  25.614  28.149 0.0000000000
108161  -43.112  25.134  28.485 0.0000000000
80427  -42.534  24.756  28.373 0.0000000000
149750  -41.485  24.401  27.886 0.0000000000
108159  -41.008  24.466  27.517 0.0000000000
80426  -41.956  24.400  28.297 0.0000000000
149749  -41.359  24.044  28.240 0.0000000000
19129  -40.892  24.070  27.819 0.0000000000
26454  -41.806  24.010  28.665 0.0000000000
123162  -41.194  23.666  28.611 0.0000000000
49849  -40.724  23.733  28.154 0.0000000000
19128  -39.946  24.135  27.060 0.0000000000
108156  -39.344  23.813  26.914 0.0000000000
80419  -38.927  23.858  26.524 0.0000000000
36254  -37.542  22.542  26.385 0.0000000000
149736  -36.978  22.037  26.172 0.0000000000
80214  -36.682  22.062  25.646 0.0000000000
149735  -37.332  22.023  26.707 0.0000000000
149733  -36.756  21.469  26.525 0.0000000000
8640  -36.452  21.470  25.958 0.0000000000
80414  -37.901  22.530  26.861 0.0000000000
149734  -37.693  21.996  27.182 0.0000000000
36253  -37.098  21.439  27.052 0.0000000000
19126  -38.275  22.493  27.368 0.0000000000
108152  -38.047  21.920  27.696 0.0000000000
80412  -37.429  21.383  27.490 0.0000000000
149732  -36.532  20.823  26.890 0.0000000000
108033  -36.233  20.840  26.321 0.0000000000
80411  -36.840  20.789  27.380 0.0000000000
149731  -36.280  20.198  27.262 0.0000000000
19059  -36.002  20.200  26.671 0.0000000000
36252  -36.562  20.140  27.766 0.0000000000
149730  -36.001  19.556  27.592 0.0000000000
49779  -35.745  19.597  27.034 0.0000000000
149729  -36.264  19.483  28.133 0.0000000000
149721  -35.732  18.892  27.904 0.0000000000
2022  -35.469  18.940  27.348 0.0000000000
80409  -36.910  20.100  28.235 0.0000000000
149728  -36.626  19.461  28.633 0.0000000000
36249  -36.038  18.842  28.452 0.0000000000
36251  -37.260  19.996  28.703 0.0000000000
149727  -36.994  19.361  29.099 0.0000000000
80402  -36.380  18.773  28.950 0.0000000000
149726  -37.662  19.945  29.204 0.0000000000
149724  -37.388  19.278  29.576 0.0000000000
8665  -36.749  18.681  29.414 0.0000000000
80407  -37.903  20.583  28.787 0.0000000000
149725  -38.305  20.522  29.305 0.0000000000
36250  -38.058  19.870  29.687 0.0000000000
19124  -38.538  21.158  28.917 0.0000000000
108148  -38.958  21.044  29.441 0.0000000000
80405  -38.730  20.409  29.816 0.0000000000
149723  -37.786  19.184  30.022 0.0000000000
108146  -37.142  18.550  29.888 0.0000000000
80404  -38.463  19.740  30.167 0.0000000000
149722  -38.201  19.008  30.448 0.0000000000
19122  -37.540  18.401  30.284 0.0000000000
26450  -38.871  19.588  30.633 0.0000000000
123152  -38.621  18.870  30.849 0.0000000000
49842  -37.965  18.200  30.672 0.0000000000
149720  -35.529  18.260  28.180 0.0000000000
123066  -35.233  18.267  27.617 0.0000000000
80401  -35.830  18.134  28.710 0.0000000000
149719  -35.325  17.556  28.406 0.0000000000
26412  -35.064  17.608  27.850 0.0000000000
36248  -35.607  17.453  28.912 0.0000000000
149718  -35.137  16.807  28.581 0.0000000000
59379  -34.880  16.876  28.044 0.0000000000
149717  -35.420  16.679  29.022 0.0000000000
149715  -34.934  15.966  28.675 0.0000000000
4434  -34.650  16.086  28.174 0.0000000000
80399  -35.958  17.330  29.383 0.0000000000
149716  -35.735  16.530  29.484 0.0000000000
36247  -35.170  15.846  29.128 0.0000000000
19121  -36.335  17.156  29.805 0.0000000000
108143  -36.090  16.363  29.897 0.0000000000
80397  -35.474  15.719  29.568 0.0000000000
149714  -34.709  15.204  28.732 0.0000000000
95532  -34.482  15.289  28.247 0.0000000000
80396  -34.941  15.095  29.186 0.0000000000
149713  -34.466  14.486  28.822 0.0000000000
12114  -34.253  14.561  28.329 0.0000000000
36246  -34.679  14.366  29.301 0.0000000000
42834  -34.014  13.771  28.445 0.0000000000
80211  -35.954  21.006  25.250 0.0000000000
149491  -35.632  20.413  25.092 0.0000000000
36172  -35.620  20.432  24.584 0.0000000000
19058  -35.697  20.354  25.626 0.0000000000
108030  -35.362  19.759  25.466 0.0000000000
80209  -35.376  19.838  24.947 0.0000000000
149489  -35.676  20.413  24.087 0.0000000000
54067  -35.860  20.952  23.715 0.0000000000
80208  -35.436  19.839  24.449 0.0000000000
149488  -35.560  19.812  23.969 0.0000000000
23224  -35.795  20.370  23.594 0.0000000000
36171  -35.321  19.228  24.308 0.0000000000
149487  -35.515  19.191  23.889 0.0000000000
115630  -35.780  19.762  23.518 0.0000000000
149486  -35.280  18.600  24.176 0.0000000000
149478  -35.528  18.557  23.781 0.0000000000
742  -35.792  19.130  23.472 0.0000000000
80206  -35.082  18.615  24.576 0.0000000000
149485  -35.028  17.981  24.437 0.0000000000
36168  -35.297  17.971  24.018 0.0000000000
36170  -34.879  17.978  24.859 0.0000000000
149484  -34.855  17.369  24.632 0.0000000000
80199  -35.080  17.377  24.197 0.0000000000
149483  -34.689  17.358  25.073 0.0000000000
149481  -34.675  16.733  24.824 0.0000000000
8638  -34.884  16.760  24.405 0.0000000000
80204  -34.768  17.971  25.333 0.0000000000
149482  -34.558  17.362  25.544 0.0000000000
36169  -34.536  16.706  25.259 0.0000000000
19056  -34.699  17.944  25.842 0.0000000000
108026  -34.522  17.294  26.032 0.0000000000
80202  -34.436  16.654  25.754 0.0000000000
149477  -35.563  17.944  23.605 0.0000000000
44467  -35.791  18.526  23.387 0.0000000000
80198  -35.338  17.375  23.811 0.0000000000
149476  -35.626  17.333  23.428 0.0000000000
13747  -35.848  17.886  23.197 0.0000000000
36167  -35.387  16.757  23.626 0.0000000000
149475  -35.747  16.735  23.283 0.0000000000
98473  -35.964  17.288  23.081 0.0000000000
149472  -35.952  16.164  23.154 0.0000000000
5944  -36.140  16.730  22.952 0.0000000000
64282  -36.385  16.176  22.880 0.0000000000
146177  -40.910  38.093  22.367 0.0000000000
65654  -40.838  37.429  22.336 0.0000000000
146174  -40.925  38.116  22.940 0.0000000000
6218  -40.884  37.444  22.813 0.0000000000
99296  -40.877  37.468  23.378 0.0000000000
138339  -37.683  37.005  28.397 0.0000000000
138338  -38.266  36.751  28.476 0.0000000000
459  -44.333  22.575  32.670 0.0000000000
14203  -40.727  36.295  23.596 0.0000000000
99293  -40.689  35.593  23.931 0.0000000000
65649  -40.828  35.017  23.748 0.0000000000
14201  -40.361  35.024  25.379 0.0000000000
99289  -40.348  35.091  25.948 0.0000000000
65642  -40.607  34.613  26.299 0.0000000000
23495  -40.954  34.147  27.204 0.0000000000
116261  -41.270  33.591  27.493 0.0000000000
44919  -41.556  33.099  27.297 0.0000000000
129835  -41.564  20.176  20.249 0.0000000000
64303  -40.812  20.304  20.326 0.0000000000
123182  -42.070  28.882  30.434 0.0000000000
2033  -42.665  29.100  30.086 0.0000000000
123184  -41.409  29.052  30.288 0.0000000000
26462  -41.490  28.731  30.821 0.0000000000
123181  -42.117  28.517  30.925 0.0000000000
49858  -42.723  28.704  30.496 0.0000000000
59461  -41.612  28.464  31.444 0.0000000000
123180  -42.271  28.271  31.503 0.0000000000
19138  -42.778  28.378  30.946 0.0000000000
26461  -41.806  28.186  32.009 0.0000000000
123179  -42.488  27.969  31.999 0.0000000000
108174  -42.914  28.059  31.476 0.0000000000
123178  -42.087  27.851  32.467 0.0000000000
123176  -42.746  27.678  32.485 0.0000000000
4461  -43.129  27.779  31.979 0.0000000000
59459  -41.282  28.055  32.451 0.0000000000
123177  -41.557  27.705  32.972 0.0000000000
26460  -42.326  27.532  33.003 0.0000000000
12141  -40.801  27.888  32.891 0.0000000000
95579  -41.079  27.574  33.440 0.0000000000
59457  -41.860  27.395  33.491 0.0000000000
123175  -43.033  27.353  32.976 0.0000000000
80448  -43.404  27.468  32.466 0.0000000000
59456  -42.633  27.215  33.495 0.0000000000
123174  -43.382  26.996  33.454 0.0000000000
26458  -42.974  26.882  33.963 0.0000000000
123172  -43.722  26.635  33.948 0.0000000000
1008  -44.393  26.375  33.844 0.0000000000
132822  -44.052  26.250  34.454 0.0000000000
132823  -43.271  26.560  34.400 0.0000000000
123170  -44.389  25.522  29.451 0.0000000000
49850  -44.417  25.987  29.131 0.0000000000
59453  -44.439  25.105  29.851 0.0000000000
123169  -43.972  25.070  29.329 0.0000000000
19130  -44.035  25.581  29.018 0.0000000000
26456  -43.967  24.660  29.744 0.0000000000
123168  -43.459  24.668  29.243 0.0000000000
108160  -43.579  25.114  28.924 0.0000000000
123167  -43.405  24.260  29.642 0.0000000000
123165  -42.875  24.294  29.180 0.0000000000
4458  -43.009  24.683  28.812 0.0000000000
59451  -43.934  24.238  30.189 0.0000000000
123166  -43.339  23.829  30.103 0.0000000000
26455  -42.783  23.872  29.596 0.0000000000
12138  -43.863  23.802  30.664 0.0000000000
95574  -43.203  23.386  30.597 0.0000000000
59449  -42.644  23.425  30.072 0.0000000000
123164  -42.258  23.957  29.125 0.0000000000
80425  -42.413  24.369  28.731 0.0000000000
59448  -42.137  23.507  29.550 0.0000000000
123163  -41.629  23.607  29.045 0.0000000000
26453  -41.510  23.139  29.512 0.0000000000
123161  -41.046  23.227  29.036 0.0000000000
2031  -40.567  23.292  28.552 0.0000000000
123160  -40.747  22.656  29.459 0.0000000000
49843  -40.264  22.731  28.934 0.0000000000
59446  -41.218  22.514  29.965 0.0000000000
123159  -40.460  22.076  29.839 0.0000000000
19123  -39.966  22.144  29.316 0.0000000000
26452  -40.930  21.929  30.362 0.0000000000
123158  -40.169  21.484  30.187 0.0000000000
108147  -39.678  21.550  29.668 0.0000000000
123157  -40.633  21.368  30.751 0.0000000000
123155  -39.885  20.887  30.503 0.0000000000
4456  -39.420  20.945  29.994 0.0000000000
59444  -41.391  21.873  30.906 0.0000000000
123156  -41.078  21.248  31.191 0.0000000000
26451  -40.312  20.723  31.012 0.0000000000
59442  -40.744  20.610  31.457 0.0000000000
123154  -39.577  20.158  30.811 0.0000000000
80403  -39.158  20.289  30.319 0.0000000000
59441  -40.012  20.030  31.249 0.0000000000
123153  -39.276  19.398  31.075 0.0000000000
26449  -39.724  19.272  31.449 0.0000000000
123151  -39.050  18.673  31.229 0.0000000000
2030  -38.403  18.021  31.044 0.0000000000
123150  -39.459  18.540  31.645 0.0000000000
49836  -38.813  17.897  31.392 0.0000000000
59439  -40.105  19.184  31.910 0.0000000000
123149  -39.816  18.474  32.082 0.0000000000
19116  -39.160  17.826  31.788 0.0000000000
108134  -39.470  17.789  32.208 0.0000000000
123065  -34.915  17.704  27.336 0.0000000000
49775  -35.084  18.375  27.108 0.0000000000
59378  -34.738  17.016  27.537 0.0000000000
123064  -34.637  17.159  26.999 0.0000000000
19055  -34.779  17.817  26.819 0.0000000000
26411  -34.457  16.410  27.178 0.0000000000
123063  -34.407  16.478  26.707 0.0000000000
108025  -34.548  17.219  26.518 0.0000000000
123062  -34.243  15.724  26.842 0.0000000000
123060  -34.250  15.800  26.412 0.0000000000
4433  -34.388  16.570  26.228 0.0000000000
59376  -34.251  15.635  27.292 0.0000000000
123061  -34.065  14.890  26.995 0.0000000000
26410  -34.080  15.042  26.538 0.0000000000
12113  -34.070  14.783  27.444 0.0000000000
95529  -33.893  14.153  27.123 0.0000000000
59374  -33.892  14.294  26.652 0.0000000000
123059  -34.122  15.204  26.088 0.0000000000
80200  -34.295  15.921  25.956 0.0000000000
59373  -33.934  14.437  26.202 0.0000000000
116262  -40.986  34.116  27.708 0.0000000000
115633  -36.117  20.583  22.803 0.0000000000
64290  -36.372  20.353  22.423 0.0000000000
54068  -35.935  20.764  23.241 0.0000000000
115632  -35.941  20.211  23.130 0.0000000000
23225  -36.169  19.986  22.756 0.0000000000
115631  -35.974  19.547  23.127 0.0000000000
129819  -36.261  19.364  22.750 0.0000000000
44469  -36.045  18.934  23.080 0.0000000000
110595  -40.134  23.637  19.881 0.0000000000
84483  -40.407  22.930  19.902 0.0000000000
51201  -39.765  24.311  19.888 0.0000000000
110594  -39.580  23.891  20.087 0.0000000000
20480  -39.353  24.641  20.263 0.0000000000
110592  -39.101  24.184  20.351 0.0000000000
9214  -38.798  23.791  20.480 0.0000000000
110591  -39.002  25.026  20.638 0.0000000000
84476  -38.727  24.615  20.697 0.0000000000
51199  -39.226  25.475  20.508 0.0000000000
110590  -39.049  25.881  20.910 0.0000000000
8684  -35.769  31.624  29.535 0.0000000000
108194  -38.747  32.581  29.063 0.0000000000
80480  -38.853  33.359  29.154 0.0000000000
49868  -38.667  31.791  29.193 0.0000000000
108193  -39.310  32.266  29.170 0.0000000000
19147  -39.203  31.524  29.274 0.0000000000
108191  -39.832  31.937  29.231 0.0000000000
8675  -40.424  32.343  29.197 0.0000000000
108190  -39.718  31.250  29.312 0.0000000000
80473  -40.360  31.652  29.263 0.0000000000
49866  -39.118  30.846  29.412 0.0000000000
108189  -39.656  30.621  29.442 0.0000000000
19145  -39.064  30.238  29.613 0.0000000000
108187  -39.595  30.013  29.667 0.0000000000
4463  -40.137  29.781  29.733 0.0000000000
123189  -39.529  29.456  30.014 0.0000000000
123190  -38.993  29.651  29.985 0.0000000000
108185  -42.983  30.326  29.278 0.0000000000
80465  -42.840  30.825  29.010 0.0000000000
49863  -43.111  29.839  29.546 0.0000000000
108184  -43.512  30.025  29.199 0.0000000000
19142  -43.640  29.541  29.474 0.0000000000
108182  -44.015  29.705  29.104 0.0000000000
8673  -44.284  29.866  28.749 0.0000000000
108181  -44.149  29.219  29.404 0.0000000000
80458  -44.455  29.354  28.990 0.0000000000
49861  -43.739  29.081  29.783 0.0000000000
108180  -44.259  28.751  29.708 0.0000000000
19140  -43.798  28.667  30.064 0.0000000000
108178  -44.279  28.311  29.952 0.0000000000
8672  -44.543  28.012  29.771 0.0000000000
108177  -43.809  28.221  30.415 0.0000000000
80451  -44.227  27.914  30.279 0.0000000000
49859  -43.293  28.513  30.490 0.0000000000
108176  -43.351  28.128  30.924 0.0000000000
108172  -45.171  26.185  32.394 0.0000000000
80443  -45.168  26.137  31.727 0.0000000000
49856  -45.085  26.149  33.021 0.0000000000
108171  -45.360  25.714  32.869 0.0000000000
19135  -45.278  25.671  33.503 0.0000000000
108169  -45.539  25.188  33.352 0.0000000000
6420  -45.665  24.696  33.198 0.0000000000
132810  -45.624  24.702  33.831 0.0000000000
132811  -45.461  25.175  33.973 0.0000000000
108167  -44.438  27.343  28.239 0.0000000000
80435  -44.468  27.807  28.014 0.0000000000
49853  -44.417  26.891  28.491 0.0000000000
108166  -44.096  26.920  28.121 0.0000000000
19132  -44.074  26.459  28.371 0.0000000000
108164  -43.668  26.476  28.009 0.0000000000
8669  -43.208  26.486  27.687 0.0000000000
108163  -43.676  26.041  28.258 0.0000000000
80428  -43.163  26.032  27.875 0.0000000000
49851  -44.069  26.055  28.690 0.0000000000
108162  -43.655  25.592  28.601 0.0000000000
108158  -40.402  24.117  27.407 0.0000000000
80420  -40.500  24.507  27.131 0.0000000000
49848  -40.279  23.766  27.714 0.0000000000
108157  -39.814  23.786  27.318 0.0000000000
19127  -39.664  23.439  27.639 0.0000000000
108155  -39.199  23.464  27.216 0.0000000000
8667  -38.790  23.487  26.766 0.0000000000
108154  -38.933  22.982  27.551 0.0000000000
80413  -38.517  23.019  27.079 0.0000000000
49846  -39.392  22.920  28.012 0.0000000000
108153  -38.664  22.428  27.829 0.0000000000
19125  -39.087  22.328  28.291 0.0000000000
108151  -38.429  21.844  28.116 0.0000000000
8666  -37.818  21.311  27.969 0.0000000000
108150  -38.807  21.741  28.562 0.0000000000
80406  -38.176  21.247  28.422 0.0000000000
49844  -39.490  22.230  28.793 0.0000000000
108149  -39.210  21.650  29.094 0.0000000000
108145  -36.914  17.804  30.067 0.0000000000
80398  -36.538  17.947  29.662 0.0000000000
49841  -37.306  17.636  30.449 0.0000000000
108144  -36.694  17.004  30.184 0.0000000000
19120  -37.097  16.824  30.544 0.0000000000
108142  -36.441  16.237  30.266 0.0000000000
8664  -35.787  15.609  29.972 0.0000000000
108141  -36.780  16.087  30.628 0.0000000000
80391  -36.123  15.490  30.331 0.0000000000
49839  -37.432  16.692  30.886 0.0000000000
108140  -37.064  16.027  31.032 0.0000000000
19119  -36.416  15.446  30.708 0.0000000000
19118  -37.765  16.593  31.230 0.0000000000
108138  -37.348  16.025  31.372 0.0000000000
108139  -36.648  15.450  31.167 0.0000000000
149707  -36.035  14.818  30.864 0.0000000000
108137  -38.079  16.574  31.621 0.0000000000
49837  -38.488  17.166  31.501 0.0000000000
108136  -38.796  17.189  31.892 0.0000000000
108032  -35.824  20.288  26.143 0.0000000000
80210  -36.063  20.939  25.789 0.0000000000
49778  -35.580  19.666  26.514 0.0000000000
108031  -35.441  19.719  25.998 0.0000000000
19057  -35.193  19.116  26.335 0.0000000000
108029  -35.124  19.156  25.804 0.0000000000
8639  -35.123  19.212  25.285 0.0000000000
108028  -34.877  18.539  26.096 0.0000000000
80203  -34.907  18.570  25.580 0.0000000000
49776  -34.936  18.480  26.610 0.0000000000
108027  -34.689  17.908  26.328 0.0000000000
99295  -40.777  36.900  23.798 0.0000000000
65650  -40.824  36.852  23.210 0.0000000000
44923  -40.557  36.879  24.339 0.0000000000
99294  -40.591  36.234  24.127 0.0000000000
14202  -40.366  36.193  24.672 0.0000000000
99292  -40.509  35.578  24.422 0.0000000000
6217  -40.646  34.992  24.268 0.0000000000
99291  -40.297  35.544  24.979 0.0000000000
65643  -40.486  34.995  24.780 0.0000000000
44921  -40.116  36.090  25.246 0.0000000000
99290  -40.204  35.579  25.596 0.0000000000
14200  -40.053  36.191  25.802 0.0000000000
99288  -40.153  35.664  26.165 0.0000000000
2813  -40.336  35.179  26.518 0.0000000000
116267  -40.121  35.768  26.743 0.0000000000
116268  -39.950  36.271  26.376 0.0000000000
98485  -38.752  20.873  20.699 0.0000000000
64300  -39.425  20.627  20.583 0.0000000000
44473  -38.129  21.150  20.871 0.0000000000
98484  -38.406  20.543  20.899 0.0000000000
13753  -39.070  20.326  20.747 0.0000000000
13752  -37.846  20.841  21.089 0.0000000000
98482  -38.093  20.237  21.108 0.0000000000
98483  -38.744  19.983  20.929 0.0000000000
129831  -39.448  19.783  20.775 0.0000000000
5947  -38.441  19.661  21.148 0.0000000000
64299  -39.149  19.442  20.941 0.0000000000
98481  -37.578  20.532  21.319 0.0000000000
64293  -37.807  19.922  21.338 0.0000000000
44471  -37.383  21.159  21.312 0.0000000000
98480  -37.117  20.789  21.567 0.0000000000
13751  -37.344  20.179  21.575 0.0000000000
98479  -36.895  20.481  21.836 0.0000000000
129822  -37.097  19.863  21.808 0.0000000000
64292  -36.676  20.148  22.094 0.0000000000
98475  -36.274  17.730  22.881 0.0000000000
98474  -36.409  17.151  22.738 0.0000000000
95578  -40.623  27.509  33.950 0.0000000000
4460  -41.402  27.290  33.942 0.0000000000
95580  -40.343  27.774  33.380 0.0000000000
12140  -39.880  27.670  33.824 0.0000000000
132828  -40.854  27.204  34.446 0.0000000000
132829  -40.101  27.373  34.371 0.0000000000
95576  -44.335  23.769  31.183 0.0000000000
59450  -44.426  24.234  30.722 0.0000000000
42858  -44.158  23.257  31.649 0.0000000000
95575  -43.690  23.341  31.121 0.0000000000
12137  -43.484  22.800  31.584 0.0000000000
95573  -42.983  22.900  31.060 0.0000000000
4457  -42.484  22.984  30.539 0.0000000000
59443  -42.168  22.435  30.971 0.0000000000
95531  -34.151  14.687  27.882 0.0000000000
59375  -34.318  15.498  27.770 0.0000000000
42833  -33.925  13.899  28.006 0.0000000000
95530  -33.895  14.043  27.576 0.0000000000
92616  -39.669  36.011  28.587 0.0000000000
92615  -40.064  35.612  28.439 0.0000000000
84508  -43.054  22.523  19.352 0.0000000000
84503  -40.930  24.558  18.776 0.0000000000
84493  -39.671  27.376  19.321 0.0000000000
84485  -40.709  22.308  19.947 0.0000000000
84480  -38.479  23.418  20.593 0.0000000000
84478  -38.410  24.216  20.799 0.0000000000
84470  -37.618  24.655  22.166 0.0000000000
80552  -36.714  34.839  28.802 0.0000000000
80554  -36.213  35.046  28.699 0.0000000000
8685  -36.125  34.378  28.851 0.0000000000
80550  -36.662  34.210  28.932 0.0000000000
80548  -36.065  33.696  28.995 0.0000000000
80545  -36.296  31.381  29.575 0.0000000000
80482  -38.925  34.062  29.163 0.0000000000
80477  -40.939  32.717  29.120 0.0000000000
80475  -40.922  32.043  29.213 0.0000000000
80470  -40.788  29.603  29.804 0.0000000000
123185  -40.750  29.187  30.186 0.0000000000
123186  -40.107  29.315  30.086 0.0000000000
80467  -42.618  31.372  28.696 0.0000000000
80462  -44.428  30.000  28.242 0.0000000000
80460  -44.648  29.464  28.553 0.0000000000
80455  -44.691  27.641  29.652 0.0000000000
80453  -44.542  27.606  30.123 0.0000000000
80445  -45.158  26.087  31.048 0.0000000000
80440  -45.611  24.179  33.003 0.0000000000
132806  -45.500  23.634  33.456 0.0000000000
132807  -45.629  24.197  33.648 0.0000000000
80437  -44.479  28.288  27.759 0.0000000000
80432  -42.845  26.562  27.443 0.0000000000
80430  -42.728  26.095  27.591 0.0000000000
80422  -40.656  24.952  26.984 0.0000000000
80417  -38.414  23.514  26.329 0.0000000000
80415  -38.146  23.034  26.573 0.0000000000
80410  -37.196  20.748  27.845 0.0000000000
80408  -37.580  20.664  28.313 0.0000000000
80400  -36.170  18.031  29.198 0.0000000000
80395  -35.232  14.957  29.610 0.0000000000
80393  -35.498  14.871  30.083 0.0000000000
80392  -35.784  14.796  30.472 0.0000000000
149708  -35.443  14.191  30.607 0.0000000000
80212  -36.296  21.561  25.447 0.0000000000
80207  -35.194  19.251  24.776 0.0000000000
80205  -34.967  18.598  25.071 0.0000000000
80197  -35.114  16.756  24.006 0.0000000000
65652  -40.846  36.800  22.686 0.0000000000
65647  -40.861  34.490  24.080 0.0000000000
65645  -40.706  34.459  24.608 0.0000000000
65640  -40.666  34.703  26.916 0.0000000000
116263  -40.697  34.716  27.451 0.0000000000
116264  -40.388  35.265  27.134 0.0000000000
65637  -41.797  32.727  25.544 0.0000000000
64302  -40.093  20.401  20.467 0.0000000000
64301  -39.764  20.102  20.625 0.0000000000
129832  -40.150  19.617  20.643 0.0000000000
64297  -38.818  19.121  21.180 0.0000000000
64298  -39.533  18.941  20.968 0.0000000000
29238  -39.824  19.275  20.778 0.0000000000
129829  -40.204  18.790  20.748 0.0000000000
29237  -39.203  18.609  21.184 0.0000000000
129828  -39.894  18.450  20.958 0.0000000000
64295  -38.132  19.326  21.413 0.0000000000
64296  -38.498  18.790  21.414 0.0000000000
129826  -38.866  18.292  21.383 0.0000000000
29236  -37.890  19.026  21.617 0.0000000000
129825  -38.215  18.470  21.624 0.0000000000
64294  -37.599  19.600  21.596 0.0000000000
129823  -37.357  19.261  21.886 0.0000000000
64291  -36.448  19.825  22.387 0.0000000000
29235  -36.871  19.534  22.112 0.0000000000
129820  -36.654  19.175  22.444 0.0000000000
64284  -36.628  16.614  22.686 0.0000000000
29230  -36.696  15.595  22.901 0.0000000000
64283  -36.943  16.044  22.667 0.0000000000
60800  -40.132  28.005  21.004 0.0000000000
59460  -41.102  28.347  31.897 0.0000000000
59462  -40.942  28.626  31.302 0.0000000000
4462  -40.382  28.476  31.802 0.0000000000
59458  -40.561  28.204  32.293 0.0000000000
95581  -40.103  28.037  32.784 0.0000000000
95582  -39.883  28.295  32.221 0.0000000000
59455  -42.171  27.102  33.985 0.0000000000
132824  -42.450  26.802  34.397 0.0000000000
132825  -41.649  27.021  34.438 0.0000000000
59452  -44.435  24.677  30.271 0.0000000000
59447  -41.993  23.069  30.009 0.0000000000
59445  -41.698  22.488  30.454 0.0000000000
59440  -40.436  19.930  31.667 0.0000000000
59377  -34.531  16.263  27.682 0.0000000000
58452  -39.555  36.230  18.789 0.0000000000
54519  -40.482  35.128  28.215 0.0000000000
54518  -40.736  34.652  27.948 0.0000000000
54072  -36.525  22.547  22.529 0.0000000000
51200  -39.494  25.106  20.116 0.0000000000
49867  -38.578  31.067  29.377 0.0000000000
49865  -38.500  30.431  29.584 0.0000000000
49862  -43.198  29.370  29.789 0.0000000000
49860  -43.259  28.911  30.106 0.0000000000
49855  -44.907  26.073  33.677 0.0000000000
132812  -45.121  25.653  34.151 0.0000000000
132813  -44.674  25.995  34.283 0.0000000000
49852  -44.434  26.410  28.800 0.0000000000
49847  -40.124  23.367  28.106 0.0000000000
49845  -39.813  22.817  28.455 0.0000000000
49840  -37.726  17.434  30.806 0.0000000000
49838  -38.139  17.219  31.136 0.0000000000
49777  -35.322  19.058  26.838 0.0000000000
44922  -40.355  36.816  24.886 0.0000000000
894  -40.414  37.417  25.062 0.0000000000
44920  -40.127  36.816  25.425 0.0000000000
116269  -39.963  36.813  26.005 0.0000000000
116270  -40.116  37.401  25.628 0.0000000000
44472  -37.642  21.485  21.066 0.0000000000
44468  -36.153  18.327  22.998 0.0000000000
13749  -36.414  18.749  22.738 0.0000000000
98476  -36.565  18.137  22.678 0.0000000000
42857  -43.930  22.687  32.111 0.0000000000
41214  -38.793  36.540  28.606 0.0000000000
41213  -39.251  36.313  28.638 0.0000000000
129830  -40.551  19.110  20.595 0.0000000000
129827  -39.559  18.124  21.160 0.0000000000
129824  -37.612  18.674  21.887 0.0000000000
129821  -37.102  18.903  22.182 0.0000000000
59463  -40.816  28.897  30.711 0.0000000000
98477  -36.828  18.539  22.422 0.0000000000
42861  -39.651  27.930  33.257 0.0000000000
42860  -39.140  27.851  33.696 0.0000000000
132830  -39.357  27.569  34.240 0.0000000000
59464  -40.231  28.744  31.201 0.0000000000
95583  -39.648  28.611  31.635 0.0000000000
146162  -40.445  38.081  25.245 0.0000000000
92617  -39.573  36.592  28.296 0.0000000000
10494  -39.150  36.880  28.378 0.0000000000
146154  -38.627  37.163  28.312 0.0000000000
42862  -38.970  28.076  33.136 0.0000000000
460  -38.476  27.985  33.638 0.0000000000
132831  -38.656  27.755  34.143 0.0000000000
12142  -39.440  28.143  32.724 0.0000000000
42864  -38.289  28.195  33.115 0.0000000000
42863  -38.764  28.282  32.635 0.0000000000
95585  -38.567  28.481  32.080 0.0000000000
12144  -38.115  28.385  32.605 0.0000000000
95584  -39.219  28.386  32.156 0.0000000000
23496  -40.433  35.250  27.665 0.0000000000
116265  -40.166  35.766  27.889 0.0000000000
26464  -40.151  29.011  30.621 0.0000000000
123187  -39.591  28.850  31.070 0.0000000000
129811  -37.586  15.821  22.444 0.0000000000
29232  -37.250  16.404  22.446 0.0000000000
129810  -37.304  15.474  22.729 0.0000000000
129813  -36.958  16.985  22.483 0.0000000000
10493  -39.903  36.230  28.137 0.0000000000
92618  -39.360  37.130  27.917 0.0000000000
54520  -39.706  36.723  27.743 0.0000000000
2814  -39.572  37.301  27.383 0.0000000000
146155  -38.930  37.529  28.050 0.0000000000
146156  -39.219  37.789  27.615 0.0000000000
12143  -39.002  28.633  31.532 0.0000000000
95586  -37.957  28.594  32.035 0.0000000000
59465  -38.406  28.712  31.488 0.0000000000
4464  -37.859  28.871  31.468 0.0000000000
13748  -36.726  17.560  22.540 0.0000000000
64285  -37.024  17.942  22.346 0.0000000000
5946  -37.295  18.303  22.146 0.0000000000
116266  -40.147  35.833  27.306 0.0000000000
54521  -39.977  36.310  27.554 0.0000000000
23497  -39.962  36.314  26.964 0.0000000000
54523  -39.864  36.820  26.597 0.0000000000
23498  -39.910  37.401  26.227 0.0000000000
146161  -40.051  38.070  25.889 0.0000000000
123188  -39.554  29.119  30.525 0.0000000000
59466  -38.968  28.908  30.959 0.0000000000
26465  -38.959  29.241  30.435 0.0000000000
59468  -38.388  29.463  30.418 0.0000000000
64286  -37.270  17.370  22.269 0.0000000000
129814  -37.552  16.773  22.229 0.0000000000
29233  -37.858  17.150  21.994 0.0000000000
129815  -38.178  16.534  21.952 0.0000000000
129812  -37.889  16.158  22.180 0.0000000000
129816  -38.513  16.963  21.763 0.0000000000
5945  -38.525  15.965  22.001 0.0000000000
103914  -38.872  16.377  21.765 0.0000000000
16770  -39.219  16.801  21.569 0.0000000000
64288  -38.203  17.549  21.831 0.0000000000
129817  -38.872  17.371  21.576 0.0000000000
29234  -38.558  17.934  21.618 0.0000000000
129818  -39.230  17.774  21.339 0.0000000000
47490  -39.591  17.194  21.325 0.0000000000
743  -39.940  17.577  21.122 0.0000000000
64289  -37.900  18.111  21.870 0.0000000000
119862  -40.288  17.939  20.931 0.0000000000
25038  -40.608  18.321  20.690 0.0000000000
57090  -40.948  18.644  20.517 0.0000000000
3670  -41.311  18.964  20.368 0.0000000000
129833  -40.894  19.455  20.460 0.0000000000
94158  -41.686  19.309  20.249 0.0000000000
30337  -45.537  23.654  34.091 0.0000000000
132809  -45.576  24.233  34.334 0.0000000000
30338  -45.552  24.718  34.443 0.0000000000
66653  -45.283  25.191  34.627 0.0000000000
30339  -44.833  25.580  34.767 0.0000000000
132821  -44.232  25.907  34.848 0.0000000000
30342  -43.496  26.194  34.873 0.0000000000
66663  -42.706  26.450  34.834 0.0000000000
30343  -41.926  26.704  34.836 0.0000000000
132827  -41.120  26.901  34.873 0.0000000000
30344  -40.320  27.055  34.844 0.0000000000
66668  -39.574  27.246  34.746 0.0000000000
30345  -38.869  27.472  34.640 0.0000000000
32360  -38.031  37.431  28.223 0.0000000000
77446  -38.370  37.825  27.966 0.0000000000
35046  -38.728  38.153  27.691 0.0000000000
146159  -39.490  37.977  27.086 0.0000000000
146160  -39.793  38.097  26.486 0.0000000000
54524  -39.735  37.410  26.841 0.0000000000
73350  -38.228  15.631  22.285 0.0000000000
119864  -41.087  17.769  20.714 0.0000000000
119863  -40.711  17.397  20.937 0.0000000000
103916  -39.602  16.210  21.646 0.0000000000
103915  -39.240  15.819  21.882 0.0000000000
94160  -42.448  19.229  20.008 0.0000000000
94159  -42.085  18.821  20.080 0.0000000000
64287  -37.569  17.744  22.089 0.0000000000
59467  -38.356  29.100  30.910 0.0000000000
57092  -41.734  18.486  20.267 0.0000000000
57091  -41.424  18.140  20.480 0.0000000000
54522  -39.814  36.796  27.164 0.0000000000
47492  -40.334  17.013  21.165 0.0000000000
47491  -39.959  16.609  21.398 0.0000000000
103917  -40.381  16.018  21.581 0.0000000000
16772  -40.744  16.436  21.293 0.0000000000
141180  -41.142  16.840  21.026 0.0000000000
119865  -41.910  17.610  20.528 0.0000000000
25040  -42.262  17.974  20.263 0.0000000000
119867  -42.564  18.318  20.060 0.0000000000
11351  -42.903  18.744  19.932 0.0000000000
94161  -43.252  19.190  19.836 0.0000000000
94162  -44.075  19.153  19.699 0.0000000000
57093  -43.733  18.689  19.817 0.0000000000
3672  -44.534  18.615  19.752 0.0000000000
16771  -39.996  15.636  21.830 0.0000000000
25039  -41.535  17.218  20.806 0.0000000000
119866  -42.727  17.444  20.450 0.0000000000
73358  -42.357  17.052  20.704 0.0000000000
3671  -43.168  16.935  20.762 0.0000000000
119868  -43.068  17.819  20.192 0.0000000000
119869  -43.541  17.333  20.459 0.0000000000
57094  -43.407  18.247  19.922 0.0000000000
25041  -43.888  17.773  20.145 0.0000000000
119870  -44.318  17.277  20.497 0.0000000000
103919  -43.955  16.855  20.798 0.0000000000
16773  -44.742  16.809  20.976 0.0000000000
57096  -44.667  17.675  20.175 0.0000000000
119871  -45.098  17.205  20.591 0.0000000000
73359  -41.961  16.661  21.016 0.0000000000
141181  -41.550  16.262  21.254 0.0000000000
103921  -44.367  16.415  21.292 0.0000000000
103920  -43.576  16.465  21.153 0.0000000000
33342  -42.360  16.128  21.347 0.0000000000
73360  -42.789  16.529  21.083 0.0000000000
25042  -45.463  17.592  20.276 0.0000000000
57095  -44.215  18.180  19.924 0.0000000000
57097  -44.999  18.068  19.915 0.0000000000
57098  -45.827  18.003  19.934 0.0000000000
