#!ascii label /projectnb/somerslab/tom/projects/spacetime_network/data/ROIs/probabilistic_sPCS_lh_thresh5.label , from subject  vox2ras=TkReg
1756
44  -29.652  -8.300  44.528 7.0000000000
163  -39.600  -7.468  50.727 6.0000000000
364  -47.331  -5.168  46.081 6.0000000000
365  -36.425  -1.306  44.285 5.0000000000
380  -21.898  -5.058  46.874 5.0000000000
844  -46.235  -9.585  49.961 6.0000000000
845  -34.518  -8.559  46.341 8.0000000000
846  -38.186  -6.616  43.022 9.0000000000
847  -32.715  -4.761  43.372 8.0000000000
848  -31.653  -0.912  47.715 5.0000000000
849  -28.256  -3.452  44.794 7.0000000000
872  -25.233  -7.414  44.615 8.0000000000
1459  -27.615  -11.759  48.373 8.0000000000
1806  -44.852  1.097  46.706 5.0000000000
1807  -42.890  -7.458  47.077 8.0000000000
1808  -42.306  -3.113  43.419 9.0000000000
2765  -31.991  -8.771  45.413 6.0000000000
2766  -33.615  -7.285  43.755 9.0000000000
2767  -31.118  -6.790  43.943 9.0000000000
2768  -30.406  -4.415  44.395 7.0000000000
2769  -28.804  -5.966  43.988 9.0000000000
2791  -26.663  -5.442  44.153 9.0000000000
2792  -27.335  -8.051  44.327 9.0000000000
3969  -45.969  -1.262  45.909 5.0000000000
3970  -42.136  -7.458  52.505 5.0000000000
3971  -43.466  -7.805  50.819 7.0000000000
3972  -41.017  -7.455  48.670 7.0000000000
3973  -37.287  -3.976  42.495 8.0000000000
3974  -40.378  -4.990  42.644 10.0000000000
3975  -39.321  -2.367  43.328 8.0000000000
3976  -41.014  -0.845  45.056 6.0000000000
3977  -38.381  -0.222  45.558 6.0000000000
3979  -36.077  0.507  47.273 6.0000000000
4053  -23.099  -3.486  45.548 5.0000000000
6126  -46.950  -7.948  48.304 5.0000000000
6127  -37.003  -8.150  48.295 7.0000000000
6128  -38.668  -7.698  46.252 9.0000000000
6129  -36.197  -7.707  44.665 8.0000000000
6130  -35.317  -5.668  42.672 9.0000000000
6131  -34.452  -2.782  43.611 7.0000000000
6132  -33.991  -0.721  46.143 6.0000000000
6133  -32.087  -2.511  45.089 5.0000000000
6134  -29.884  -2.292  46.092 5.0000000000
6135  -28.328  -1.264  46.435 5.0000000000
6176  -26.417  -2.833  45.149 5.0000000000
6177  -24.710  -4.623  44.618 7.0000000000
6178  -23.339  -6.404  45.530 7.0000000000
7211  -32.933  -9.453  48.201 6.0000000000
7212  -30.640  -9.822  46.516 8.0000000000
7243  -28.490  -10.338  46.066 8.0000000000
7244  -29.717  -11.570  48.761 6.0000000000
8054  -45.039  -8.147  49.298 7.0000000000
8055  -45.282  -6.964  45.968 8.0000000000
8056  -40.813  -7.214  44.759 10.0000000000
8057  -43.255  -5.955  43.697 10.0000000000
8058  -45.026  -3.832  44.220 7.0000000000
8059  -43.513  -0.932  45.207 6.0000000000
8060  -42.686  0.729  47.051 6.0000000000
8165  -26.260  -10.045  45.856 7.0000000000
8166  -24.206  -9.110  46.399 7.0000000000
8167  -22.646  -7.989  47.588 6.0000000000
10445  -30.831  -8.605  44.813 7.0000000000
10446  -31.552  -7.944  44.389 8.0000000000
10447  -30.347  -7.587  44.142 7.0000000000
10448  -29.888  -6.374  43.891 8.0000000000
10449  -29.198  -7.173  44.040 7.0000000000
10471  -28.102  -7.039  44.133 9.0000000000
10472  -28.518  -8.234  44.423 8.0000000000
11645  -48.140  -6.086  47.083 5.0000000000
11647  -47.869  -3.973  46.503 5.0000000000
11648  -47.178  -1.896  46.343 5.0000000000
11649  -46.844  -2.971  45.699 6.0000000000
11650  -40.907  -7.253  51.655 6.0000000000
11651  -41.532  -7.349  50.710 7.0000000000
11652  -40.298  -7.433  49.647 7.0000000000
11653  -36.842  -2.642  43.198 8.0000000000
11654  -38.411  -3.132  42.804 10.0000000000
11655  -37.862  -1.888  43.563 8.0000000000
11656  -38.803  -1.227  44.191 7.0000000000
11657  -37.415  -0.760  44.742 6.0000000000
11658  -37.200  0.171  46.269 6.0000000000
11659  -36.177  -0.338  45.640 6.0000000000
11733  -22.449  -4.274  46.068 5.0000000000
14047  -47.052  -9.519  49.456 6.0000000000
14048  -47.608  -8.546  49.031 5.0000000000
14049  -46.635  -8.793  49.481 6.0000000000
14050  -35.779  -8.426  47.246 7.0000000000
14051  -36.606  -8.087  46.371 8.0000000000
14052  -35.327  -8.134  45.452 8.0000000000
14053  -33.144  -6.099  43.238 9.0000000000
14054  -34.432  -6.427  43.123 8.0000000000
14055  -33.987  -5.169  42.978 8.0000000000
14056  -34.846  -4.221  42.805 9.0000000000
14057  -33.512  -3.810  43.415 8.0000000000
14058  -33.234  -2.615  44.447 7.0000000000
14059  -32.351  -3.594  44.016 8.0000000000
14060  -29.260  -4.001  44.541 9.0000000000
14061  -30.126  -3.316  45.120 5.0000000000
14062  -28.996  -2.799  45.321 5.0000000000
14063  -28.980  -1.711  46.240 5.0000000000
14064  -28.154  -2.246  45.601 6.0000000000
14131  -27.376  -2.026  45.718 5.0000000000
14132  -27.319  -3.098  45.051 6.0000000000
14133  -25.895  -6.433  44.150 9.0000000000
14134  -25.641  -5.019  44.298 9.0000000000
14135  -24.899  -6.035  44.470 8.0000000000
14136  -23.967  -5.553  44.907 7.0000000000
14137  -24.246  -6.922  44.990 7.0000000000
15861  -33.473  -9.683  49.889 6.0000000000
15862  -32.378  -10.064  49.025 5.0000000000
15863  -31.806  -9.728  47.361 5.0000000000
15864  -31.213  -10.371  48.075 6.0000000000
15931  -30.163  -10.736  47.652 6.0000000000
15932  -30.805  -11.168  49.217 5.0000000000
17660  -45.831  1.041  46.701 5.0000000000
17668  -43.007  -7.651  48.992 7.0000000000
17669  -44.221  -8.080  49.952 6.0000000000
17670  -43.932  -7.650  48.333 7.0000000000
17671  -45.025  -7.708  47.654 6.0000000000
17672  -44.062  -7.293  46.380 8.0000000000
17673  -38.462  -7.382  44.358 9.0000000000
17674  -39.685  -7.495  45.498 9.0000000000
17675  -39.522  -6.960  43.723 9.0000000000
17676  -41.475  -4.129  42.942 10.0000000000
17677  -41.879  -5.528  43.064 10.0000000000
17678  -42.964  -4.540  43.201 9.0000000000
17679  -44.278  -5.074  43.738 8.0000000000
17680  -43.706  -3.388  43.709 7.0000000000
17681  -44.243  -2.145  44.549 7.0000000000
17682  -42.953  -1.968  44.180 7.0000000000
17683  -40.677  0.026  46.163 6.0000000000
17684  -41.889  -0.127  46.058 6.0000000000
17685  -41.637  0.784  47.251 6.0000000000
17686  -42.361  1.650  47.884 5.0000000000
17695  -32.869  -0.766  47.076 5.0000000000
17696  -33.919  0.050  47.630 6.0000000000
17933  -27.992  -11.097  46.960 7.0000000000
17934  -27.325  -10.246  45.835 8.0000000000
17935  -26.901  -11.038  46.903 7.0000000000
17937  -24.903  -10.296  47.269 6.0000000000
17938  -23.995  -9.838  47.735 5.0000000000
17939  -23.384  -8.607  46.903 6.0000000000
17940  -23.086  -9.283  48.256 6.0000000000
23407  -33.238  -8.688  45.841 7.0000000000
23408  -34.081  -8.085  44.764 8.0000000000
23409  -32.795  -8.022  44.504 8.0000000000
23410  -32.346  -7.013  43.735 8.0000000000
23411  -31.900  -5.764  43.584 9.0000000000
23412  -31.539  -4.512  43.916 7.0000000000
23413  -30.733  -5.574  43.952 9.0000000000
23414  -29.533  -5.147  44.038 8.0000000000
23415  -28.510  -4.674  44.223 9.0000000000
23455  -27.520  -4.448  44.384 9.0000000000
23456  -27.790  -5.717  44.075 9.0000000000
23457  -26.948  -6.738  44.080 8.0000000000
23458  -26.269  -7.804  44.382 8.0000000000
25574  -46.476  -0.223  46.511 5.0000000000
25575  -45.344  -0.042  46.312 5.0000000000
25576  -43.169  -7.976  52.917 5.0000000000
25578  -42.744  -7.644  51.621 7.0000000000
25579  -42.239  -7.526  49.842 7.0000000000
25580  -41.860  -7.506  47.815 8.0000000000
25581  -37.750  -5.321  42.345 8.0000000000
25582  -39.260  -5.858  42.617 10.0000000000
25583  -38.898  -4.417  42.357 10.0000000000
25584  -39.951  -3.674  42.748 10.0000000000
25585  -40.859  -2.747  43.374 10.0000000000
25586  -41.615  -1.858  44.150 6.0000000000
25587  -40.182  -1.576  44.014 6.0000000000
25588  -39.702  -0.652  45.132 6.0000000000
25589  -39.438  0.310  46.559 5.0000000000
25591  -38.307  0.654  47.095 5.0000000000
25592  -37.243  1.036  47.848 5.0000000000
25593  -36.289  1.318  48.821 5.0000000000
25594  -30.678  -0.946  48.080 5.0000000000
25737  -26.539  -11.608  48.257 6.0000000000
29651  -47.945  -7.530  48.109 5.0000000000
29652  -47.231  -6.933  47.022 6.0000000000
29653  -38.206  -7.852  49.486 6.0000000000
29654  -39.030  -7.688  48.523 7.0000000000
29655  -37.834  -7.962  47.376 8.0000000000
29656  -37.489  -7.790  45.347 8.0000000000
29657  -37.151  -7.167  43.713 8.0000000000
29658  -34.891  -7.488  44.008 8.0000000000
29659  -35.818  -6.813  43.262 9.0000000000
29660  -36.770  -6.163  42.655 8.0000000000
29661  -36.266  -4.804  42.372 8.0000000000
29662  -35.826  -3.387  42.927 8.0000000000
29663  -35.473  -2.027  43.878 7.0000000000
29664  -35.186  -0.923  45.199 6.0000000000
29665  -34.175  -1.682  44.797 7.0000000000
29666  -33.030  -1.560  45.678 6.0000000000
29667  -31.857  -1.640  46.437 5.0000000000
29668  -31.282  -3.501  44.684 5.0000000000
29669  -31.029  -2.543  45.776 5.0000000000
29670  -30.735  -1.774  46.921 5.0000000000
29671  -29.809  -1.319  47.116 5.0000000000
29771  -26.451  -4.161  44.560 8.0000000000
29772  -25.543  -3.693  44.727 6.0000000000
29773  -24.686  -3.215  44.973 5.0000000000
29774  -23.826  -4.105  45.063 5.0000000000
29775  -23.157  -4.963  45.484 5.0000000000
29776  -22.562  -5.788  46.152 5.0000000000
32171  -41.631  -7.310  53.265 5.0000000000
32172  -40.294  -7.300  52.474 5.0000000000
32182  -37.506  -8.054  50.291 6.0000000000
32183  -36.180  -8.398  49.182 5.0000000000
32184  -34.941  -8.747  48.225 5.0000000000
32187  -33.642  -8.984  47.329 6.0000000000
32188  -32.450  -9.182  46.720 7.0000000000
32189  -31.302  -9.298  45.982 7.0000000000
32190  -30.132  -9.209  45.324 8.0000000000
32275  -28.999  -9.327  45.254 7.0000000000
32276  -29.593  -10.188  46.408 7.0000000000
32277  -29.147  -11.059  47.445 6.0000000000
32278  -28.650  -11.734  48.548 7.0000000000
32280  -29.341  -12.246  50.056 6.0000000000
32281  -28.269  -12.348  49.793 5.0000000000
34473  -45.556  -9.539  50.513 6.0000000000
34474  -44.445  -8.546  51.267 5.0000000000
34475  -45.169  -8.661  50.592 6.0000000000
34476  -45.924  -8.719  49.929 6.0000000000
34477  -45.923  -8.157  48.765 5.0000000000
34478  -46.173  -7.473  47.232 5.0000000000
34479  -46.423  -6.261  45.886 6.0000000000
34480  -39.893  -7.596  47.493 9.0000000000
34481  -40.852  -7.524  46.660 10.0000000000
34482  -41.918  -7.298  45.802 10.0000000000
34483  -40.695  -6.285  43.283 10.0000000000
34484  -41.979  -6.651  44.097 10.0000000000
34485  -43.089  -6.992  45.158 9.0000000000
34486  -44.332  -6.464  44.693 9.0000000000
34487  -45.428  -5.591  44.639 8.0000000000
34488  -46.297  -4.323  45.012 7.0000000000
34489  -45.557  -2.464  44.986 7.0000000000
34490  -44.752  -1.061  45.507 6.0000000000
34491  -44.181  0.145  46.148 6.0000000000
34492  -42.320  -0.966  45.039 6.0000000000
34493  -43.004  -0.062  46.042 6.0000000000
34494  -43.722  0.810  46.757 6.0000000000
34507  -35.061  0.017  46.684 5.0000000000
34508  -35.050  0.703  48.149 6.0000000000
34509  -35.270  1.324  49.869 5.0000000000
34799  -27.882  -9.357  45.070 7.0000000000
34800  -26.763  -9.155  44.986 8.0000000000
34801  -25.706  -8.860  45.075 7.0000000000
34802  -25.906  -10.718  47.035 6.0000000000
34803  -25.235  -9.605  46.030 7.0000000000
34804  -24.700  -8.414  45.383 7.0000000000
34805  -23.719  -7.836  45.814 7.0000000000
34806  -22.934  -7.317  46.421 6.0000000000
34807  -22.215  -6.564  47.167 5.0000000000
41165  -30.261  -8.468  44.656 7.0000000000
41166  -30.601  -8.142  44.417 7.0000000000
41167  -29.963  -7.886  44.318 7.0000000000
41168  -29.737  -7.327  44.100 7.0000000000
41169  -29.409  -7.752  44.246 7.0000000000
41191  -28.872  -7.660  44.262 7.0000000000
41192  -29.099  -8.236  44.486 8.0000000000
42365  -47.733  -5.626  46.576 6.0000000000
42366  -48.090  -5.095  46.666 5.0000000000
42367  -47.631  -4.538  46.300 6.0000000000
42368  -47.411  -3.432  46.022 6.0000000000
42369  -47.134  -4.058  45.810 6.0000000000
42370  -40.283  -7.336  51.208 6.0000000000
42371  -40.642  -7.328  50.827 7.0000000000
42372  -39.873  -7.423  50.238 7.0000000000
42373  -36.650  -1.940  43.716 7.0000000000
42374  -37.377  -2.193  43.351 8.0000000000
42375  -37.153  -1.665  43.832 6.0000000000
42376  -37.602  -1.306  44.162 6.0000000000
42377  -36.924  -1.032  44.538 6.0000000000
42378  -36.756  -0.540  45.248 6.0000000000
42379  -36.287  -0.809  44.930 6.0000000000
42453  -22.125  -4.645  46.480 5.0000000000
42454  -22.096  -3.916  46.452 5.0000000000
42455  -21.835  -4.307  46.835 5.0000000000
44765  -46.250  -10.069  49.684 6.0000000000
44766  -46.654  -10.057  49.454 6.0000000000
44767  -46.642  -9.575  49.676 6.0000000000
44768  -46.959  -9.129  49.532 6.0000000000
44769  -46.563  -9.165  49.797 6.0000000000
44770  -35.143  -8.478  46.888 8.0000000000
44771  -35.562  -8.286  46.313 7.0000000000
44772  -34.990  -8.365  46.046 8.0000000000
44773  -32.925  -5.461  43.249 9.0000000000
44774  -33.523  -5.674  43.112 8.0000000000
44775  -33.282  -4.969  43.149 8.0000000000
44776  -33.738  -4.437  43.129 8.0000000000
44777  -33.070  -4.315  43.395 8.0000000000
44778  -32.872  -3.628  43.771 8.0000000000
44779  -32.513  -4.221  43.599 8.0000000000
44780  -28.750  -3.716  44.618 8.0000000000
44781  -29.125  -3.368  44.881 7.0000000000
44782  -28.647  -3.106  44.972 6.0000000000
44783  -28.566  -2.516  45.370 6.0000000000
44784  -28.150  -2.827  45.201 6.0000000000
44851  -27.738  -2.802  45.202 6.0000000000
44852  -27.807  -3.383  44.871 6.0000000000
44853  -25.585  -7.032  44.339 8.0000000000
44854  -25.425  -6.314  44.282 8.0000000000
44855  -24.997  -6.666  44.481 8.0000000000
44856  -24.570  -6.497  44.662 7.0000000000
44857  -24.768  -7.244  44.768 7.0000000000
46581  -32.706  -10.189  49.902 5.0000000000
46582  -32.120  -10.387  49.363 5.0000000000
46583  -31.801  -10.189  48.557 5.0000000000
46584  -31.495  -10.544  48.825 5.0000000000
46651  -30.929  -10.795  48.651 5.0000000000
46652  -31.276  -10.963  49.502 5.0000000000
48380  -45.324  1.074  46.711 5.0000000000
48384  -44.580  1.419  46.852 5.0000000000
48388  -42.902  -7.580  47.978 8.0000000000
48389  -43.379  -7.704  48.778 8.0000000000
48390  -43.448  -7.538  47.653 8.0000000000
48391  -43.942  -7.564  47.381 8.0000000000
48392  -43.453  -7.403  46.711 9.0000000000
48393  -38.276  -7.072  43.633 9.0000000000
48394  -38.979  -7.178  43.996 9.0000000000
48395  -38.863  -6.747  43.280 9.0000000000
48396  -41.917  -3.591  43.185 10.0000000000
48397  -42.227  -4.355  42.982 10.0000000000
48398  -42.582  -3.828  43.257 9.0000000000
48399  -43.325  -3.978  43.395 9.0000000000
48400  -42.984  -3.199  43.543 8.0000000000
48401  -43.323  -2.607  43.854 6.0000000000
48402  -42.627  -2.521  43.812 6.0000000000
48403  -40.563  0.459  46.849 5.0000000000
48404  -41.127  0.343  46.762 6.0000000000
48405  -41.064  0.779  47.430 5.0000000000
48415  -32.265  -0.855  47.458 5.0000000000
48416  -32.785  -0.476  47.702 5.0000000000
48417  -32.226  -0.504  48.137 5.0000000000
48653  -27.815  -11.501  47.765 8.0000000000
48654  -27.483  -11.088  47.025 7.0000000000
48655  -27.316  -11.433  47.654 7.0000000000
48657  -24.269  -10.372  48.224 5.0000000000
48658  -23.810  -10.182  48.468 5.0000000000
48659  -23.511  -9.541  48.010 6.0000000000
54370  -32.578  -8.729  45.603 7.0000000000
54371  -33.019  -8.422  45.098 7.0000000000
54372  -32.383  -8.441  45.022 8.0000000000
54373  -31.314  -7.449  44.092 8.0000000000
54374  -31.942  -7.494  44.086 8.0000000000
54375  -31.732  -6.932  43.821 9.0000000000
54376  -32.129  -6.410  43.589 8.0000000000
54377  -31.537  -6.359  43.687 9.0000000000
54378  -31.328  -5.674  43.745 8.0000000000
54379  -30.918  -6.184  43.903 8.0000000000
54380  -29.366  -6.231  43.925 8.0000000000
54381  -29.716  -5.784  43.924 8.0000000000
54382  -29.189  -5.611  43.983 8.0000000000
54383  -29.023  -4.982  44.109 9.0000000000
54384  -28.652  -5.351  44.057 9.0000000000
54451  -28.157  -5.283  44.110 8.0000000000
54452  -28.291  -5.906  44.036 9.0000000000
54453  -27.695  -7.599  44.230 9.0000000000
54454  -27.523  -6.977  44.082 8.0000000000
54455  -27.139  -7.382  44.167 9.0000000000
54456  -26.635  -7.377  44.235 9.0000000000
54457  -26.799  -7.981  44.389 9.0000000000
57980  -46.618  -1.530  46.129 5.0000000000
57981  -46.807  -1.015  46.466 5.0000000000
57982  -46.246  -0.736  46.248 5.0000000000
57983  -45.901  -0.083  46.384 5.0000000000
57984  -45.660  -0.576  46.026 5.0000000000
57985  -42.672  -7.643  52.780 5.0000000000
57986  -43.028  -7.720  52.394 5.0000000000
57987  -42.386  -7.479  52.106 6.0000000000
57988  -41.297  -7.406  49.747 7.0000000000
57989  -41.838  -7.418  50.233 7.0000000000
57990  -41.553  -7.431  49.284 7.0000000000
57991  -41.955  -7.514  48.822 7.0000000000
57992  -41.483  -7.507  48.189 8.0000000000
57993  -37.529  -4.645  42.347 8.0000000000
57994  -38.331  -4.905  42.318 10.0000000000
57995  -38.120  -4.179  42.361 10.0000000000
57996  -38.862  -2.721  43.035 10.0000000000
57997  -39.161  -3.387  42.767 10.0000000000
57998  -39.605  -2.956  42.980 10.0000000000
57999  -40.388  -3.197  43.049 10.0000000000
58000  -40.081  -2.548  43.344 10.0000000000
58001  -40.508  -2.131  43.621 6.0000000000
58002  -39.745  -1.935  43.636 6.0000000000
58003  -38.575  -0.692  44.809 6.0000000000
58004  -39.274  -0.912  44.640 7.0000000000
58005  -39.047  -0.402  45.277 6.0000000000
58006  -39.565  -0.118  45.853 5.0000000000
58007  -38.906  0.043  45.977 5.0000000000
58008  -38.862  0.478  46.738 5.0000000000
58009  -38.332  0.235  46.339 5.0000000000
58010  -36.642  0.380  46.768 6.0000000000
58011  -37.190  0.627  47.093 5.0000000000
58012  -36.687  0.825  47.601 5.0000000000
58013  -36.741  1.190  48.382 5.0000000000
58014  -36.156  0.922  48.052 6.0000000000
65180  -47.258  -8.273  48.746 5.0000000000
65181  -47.733  -8.098  48.634 5.0000000000
65182  -47.437  -7.791  48.232 5.0000000000
65183  -47.617  -7.271  47.611 5.0000000000
65184  -47.127  -7.533  47.682 5.0000000000
65185  -37.636  -8.017  48.783 6.0000000000
65186  -38.023  -7.930  48.468 8.0000000000
65187  -37.436  -8.077  47.863 8.0000000000
65188  -36.393  -7.950  45.397 8.0000000000
65189  -36.979  -7.994  45.971 8.0000000000
65190  -36.849  -7.747  44.940 8.0000000000
65191  -37.288  -7.553  44.526 8.0000000000
65192  -36.704  -7.424  44.058 8.0000000000
65193  -33.850  -7.758  44.222 9.0000000000
65194  -34.477  -7.850  44.407 8.0000000000
65195  -34.249  -7.444  43.852 9.0000000000
65196  -34.897  -6.043  42.936 9.0000000000
65197  -35.150  -6.698  43.191 9.0000000000
65198  -35.567  -6.241  42.892 9.0000000000
65199  -36.272  -6.518  42.938 9.0000000000
65200  -36.048  -5.910  42.603 9.0000000000
65201  -36.528  -5.479  42.454 8.0000000000
65202  -35.814  -5.234  42.524 9.0000000000
65203  -34.629  -3.480  43.140 7.0000000000
65204  -35.349  -3.897  42.794 8.0000000000
65205  -35.173  -3.143  43.180 8.0000000000
65206  -35.693  -2.742  43.372 8.0000000000
65207  -34.963  -2.459  43.736 7.0000000000
65208  -34.838  -1.847  44.358 7.0000000000
65209  -34.317  -2.239  44.200 7.0000000000
65210  -32.630  -2.483  44.773 7.0000000000
65211  -33.124  -2.098  45.024 7.0000000000
65212  -32.537  -2.017  45.405 6.0000000000
65213  -32.421  -1.671  46.016 5.0000000000
65214  -31.967  -2.045  45.792 5.0000000000
65215  -31.004  -4.487  44.170 8.0000000000
65216  -31.402  -3.983  44.261 7.0000000000
65217  -30.857  -3.981  44.533 6.0000000000
65218  -30.003  -2.801  45.618 6.0000000000
65219  -30.598  -2.926  45.487 5.0000000000
65220  -30.434  -2.455  45.999 6.0000000000
65221  -30.884  -2.144  46.345 6.0000000000
65222  -30.300  -2.029  46.520 5.0000000000
65223  -30.215  -1.601  47.029 5.0000000000
65224  -29.785  -1.779  46.578 5.0000000000
65225  -28.612  -1.479  46.282 5.0000000000
65433  -26.878  -2.402  45.430 5.0000000000
65438  -27.068  -4.912  44.233 9.0000000000
65439  -26.966  -4.267  44.462 8.0000000000
65440  -26.546  -4.784  44.320 9.0000000000
65441  -25.227  -4.876  44.435 7.0000000000
65442  -25.561  -4.355  44.495 8.0000000000
65443  -25.117  -4.163  44.644 6.0000000000
65444  -25.040  -3.449  44.886 6.0000000000
65445  -24.677  -3.930  44.788 6.0000000000
65446  -24.241  -3.698  44.952 6.0000000000
65447  -24.248  -4.394  44.814 5.0000000000
65448  -23.652  -5.983  45.179 7.0000000000
65449  -23.529  -5.242  45.167 6.0000000000
65450  -23.221  -5.630  45.488 6.0000000000
65451  -22.814  -5.381  45.755 5.0000000000
65452  -22.948  -6.110  45.817 6.0000000000
70583  -40.978  -7.258  52.934 5.0000000000
70608  -38.163  -7.897  50.858 5.0000000000
70613  -35.580  -8.602  48.725 5.0000000000
70618  -33.203  -9.585  49.024 6.0000000000
70619  -33.749  -9.455  49.524 5.0000000000
70620  -33.512  -9.318  48.734 7.0000000000
70621  -33.904  -9.111  48.275 6.0000000000
70622  -33.258  -9.195  47.913 7.0000000000
70623  -33.015  -9.066  47.119 6.0000000000
70624  -32.688  -9.355  47.449 7.0000000000
70625  -31.199  -9.761  47.003 5.0000000000
70626  -31.563  -9.545  46.667 6.0000000000
70627  -30.957  -9.536  46.313 8.0000000000
70628  -30.725  -9.217  45.623 8.0000000000
70629  -30.383  -9.528  45.873 8.0000000000
70831  -29.867  -9.708  45.940 7.0000000000
70832  -30.181  -10.079  46.610 7.0000000000
70833  -29.932  -11.160  48.270 6.0000000000
70834  -29.637  -10.975  47.560 6.0000000000
70835  -29.423  -11.312  48.107 6.0000000000
70836  -28.861  -11.398  47.922 7.0000000000
70837  -29.165  -11.649  48.655 7.0000000000
70843  -29.149  -12.499  50.713 5.0000000000
70844  -28.733  -12.287  49.840 5.0000000000
70845  -28.680  -12.531  50.528 5.0000000000
70846  -28.248  -12.590  50.539 5.0000000000
76036  -45.222  -10.038  50.536 5.0000000000
76037  -45.225  -9.476  50.774 5.0000000000
76038  -43.637  -7.938  51.551 5.0000000000
76040  -43.973  -8.135  51.094 5.0000000000
76041  -44.616  -8.135  49.601 7.0000000000
76042  -44.697  -8.316  50.409 5.0000000000
76043  -45.135  -8.411  49.990 6.0000000000
76044  -45.519  -8.692  50.263 6.0000000000
76045  -45.551  -8.460  49.676 6.0000000000
76046  -45.972  -8.439  49.390 6.0000000000
76047  -45.532  -8.179  48.992 6.0000000000
76048  -45.195  -7.357  46.832 7.0000000000
76049  -45.610  -7.656  47.416 6.0000000000
76050  -45.702  -7.203  46.645 7.0000000000
76051  -46.239  -7.013  46.509 6.0000000000
76052  -45.914  -6.654  45.860 7.0000000000
76053  -38.850  -7.754  47.434 8.0000000000
76054  -39.455  -7.612  48.030 7.0000000000
76055  -39.277  -7.687  47.008 9.0000000000
76056  -40.284  -7.343  45.094 10.0000000000
76057  -40.253  -7.563  46.123 10.0000000000
76058  -40.856  -7.427  45.641 10.0000000000
76059  -41.406  -7.472  46.281 10.0000000000
76060  -41.380  -7.240  45.256 10.0000000000
76061  -39.800  -5.492  42.580 10.0000000000
76062  -39.975  -6.097  42.976 10.0000000000
76063  -40.544  -5.700  42.845 10.0000000000
76064  -42.561  -5.741  43.350 10.0000000000
76065  -41.969  -6.208  43.465 10.0000000000
76066  -42.568  -6.366  43.854 10.0000000000
76067  -42.564  -6.806  44.571 10.0000000000
76068  -43.160  -6.556  44.380 9.0000000000
76069  -43.799  -6.686  44.821 8.0000000000
76070  -43.778  -6.273  44.219 8.0000000000
76071  -44.690  -4.463  43.921 8.0000000000
76072  -44.899  -5.296  44.091 8.0000000000
76073  -45.325  -4.662  44.270 8.0000000000
76074  -45.896  -4.969  44.772 7.0000000000
76075  -45.662  -4.106  44.525 7.0000000000
76076  -45.913  -3.391  44.918 7.0000000000
76077  -45.331  -3.158  44.556 7.0000000000
76078  -43.828  -1.464  44.835 7.0000000000
76079  -44.508  -1.554  45.035 7.0000000000
76080  -44.130  -0.993  45.328 6.0000000000
76081  -44.440  -0.419  45.858 6.0000000000
76082  -43.813  -0.486  45.699 6.0000000000
76083  -41.309  -1.321  44.600 6.0000000000
76084  -41.976  -1.354  44.536 6.0000000000
76085  -41.685  -0.925  45.102 6.0000000000
76086  -42.305  0.322  46.539 6.0000000000
76087  -42.444  -0.122  46.044 6.0000000000
76088  -42.836  0.314  46.519 6.0000000000
76089  -43.390  0.385  46.426 6.0000000000
76090  -43.272  0.872  46.861 6.0000000000
76091  -43.567  1.298  47.100 6.0000000000
76092  -43.053  1.237  47.250 6.0000000000
76120  -34.611  -0.825  45.656 6.0000000000
76121  -35.066  -0.416  45.926 5.0000000000
76122  -34.543  -0.343  46.375 6.0000000000
76123  -33.928  0.365  48.391 5.0000000000
76124  -34.496  0.335  47.892 5.0000000000
76125  -34.535  0.645  48.693 5.0000000000
76126  -35.150  1.029  49.059 6.0000000000
76838  -28.697  -9.832  45.574 7.0000000000
76839  -28.424  -9.354  45.114 9.0000000000
76840  -28.192  -9.873  45.532 8.0000000000
76841  -26.833  -10.228  45.845 7.0000000000
76842  -27.021  -9.707  45.359 8.0000000000
76843  -26.554  -9.714  45.406 8.0000000000
76844  -26.247  -9.033  45.011 8.0000000000
76845  -25.956  -9.466  45.414 7.0000000000
76846  -26.004  -11.478  48.297 6.0000000000
76847  -26.246  -11.194  47.620 6.0000000000
76848  -25.750  -11.106  47.730 6.0000000000
76849  -24.533  -9.727  46.812 7.0000000000
76850  -25.047  -9.972  46.621 7.0000000000
76851  -24.729  -9.387  46.230 7.0000000000
76852  -24.970  -9.067  45.699 7.0000000000
76853  -24.465  -8.767  45.870 7.0000000000
76854  -24.208  -8.092  45.572 7.0000000000
76855  -23.987  -8.571  46.120 7.0000000000
76856  -22.980  -8.314  47.265 6.0000000000
76857  -23.133  -7.976  46.638 6.0000000000
76858  -22.750  -7.640  46.985 6.0000000000
76859  -22.521  -6.845  46.769 6.0000000000
76860  -22.440  -7.340  47.377 6.0000000000
92527  -31.411  -8.733  45.168 8.0000000000
92528  -31.773  -8.397  44.853 8.0000000000
92529  -31.172  -8.297  44.611 8.0000000000
92530  -30.928  -7.763  44.245 9.0000000000
92531  -30.692  -7.217  44.038 9.0000000000
92532  -30.463  -6.587  43.927 9.0000000000
92533  -30.083  -6.943  43.945 7.0000000000
92534  -29.543  -6.773  43.965 7.0000000000
92535  -28.985  -6.562  43.980 7.0000000000
92575  -28.451  -6.497  44.034 9.0000000000
92576  -28.648  -7.070  44.106 8.0000000000
92577  -28.284  -7.656  44.224 9.0000000000
92578  -27.907  -8.170  44.436 9.0000000000
94690  -48.343  -4.504  46.827 5.0000000000
94691  -48.087  -3.469  46.635 5.0000000000
94692  -47.753  -2.312  46.563 5.0000000000
94693  -47.576  -2.829  46.368 5.0000000000
94694  -46.987  -2.458  46.028 6.0000000000
94695  -46.426  -2.146  45.719 6.0000000000
94696  -41.540  -7.274  52.105 5.0000000000
94697  -41.756  -7.314  51.678 6.0000000000
94698  -41.201  -7.287  51.166 7.0000000000
94699  -40.892  -7.327  50.281 7.0000000000
94700  -40.623  -7.460  49.141 7.0000000000
94701  -37.081  -3.255  42.815 8.0000000000
94702  -37.867  -3.575  42.629 9.0000000000
94703  -37.632  -2.871  42.984 9.0000000000
94704  -38.114  -2.468  43.174 9.0000000000
94705  -38.622  -2.122  43.376 7.0000000000
94706  -39.027  -1.736  43.680 7.0000000000
94707  -38.348  -1.520  43.840 7.0000000000
94708  -38.096  -0.998  44.478 6.0000000000
94709  -37.922  -0.454  45.191 6.0000000000
94710  -37.804  0.057  45.987 6.0000000000
94711  -37.279  -0.295  45.502 6.0000000000
94712  -36.673  -0.081  45.957 6.0000000000
94713  -36.084  0.084  46.448 6.0000000000
94847  -22.711  -3.870  45.838 5.0000000000
94849  -22.419  -3.556  46.100 5.0000000000
99010  -47.049  -9.997  49.207 6.0000000000
99013  -47.346  -9.066  49.326 5.0000000000
99014  -47.171  -8.682  49.229 5.0000000000
99015  -46.842  -8.374  48.905 5.0000000000
99016  -36.379  -8.274  47.830 7.0000000000
99017  -36.763  -8.185  47.365 8.0000000000
99018  -36.163  -8.230  46.729 8.0000000000
99019  -35.964  -8.144  45.898 8.0000000000
99020  -35.774  -7.916  45.016 8.0000000000
99021  -33.378  -6.745  43.419 9.0000000000
99022  -34.029  -6.882  43.453 9.0000000000
99023  -33.797  -6.354  43.194 9.0000000000
99024  -34.216  -5.897  42.938 8.0000000000
99025  -34.657  -5.417  42.808 8.0000000000
99026  -35.077  -4.880  42.625 9.0000000000
99027  -34.392  -4.682  42.854 8.0000000000
99028  -34.185  -3.971  43.086 8.0000000000
99029  -33.929  -3.246  43.529 7.0000000000
99030  -33.772  -2.629  44.012 7.0000000000
99031  -33.357  -3.135  43.914 8.0000000000
99032  -32.732  -2.981  44.219 7.0000000000
99033  -32.215  -3.032  44.514 6.0000000000
99034  -29.840  -4.193  44.475 8.0000000000
99035  -30.257  -3.794  44.733 6.0000000000
99036  -29.693  -3.669  44.803 7.0000000000
99037  -29.547  -3.132  45.182 5.0000000000
99038  -29.423  -2.540  45.627 5.0000000000
99039  -29.333  -2.032  46.141 5.0000000000
99040  -28.961  -2.251  45.773 5.0000000000
99041  -28.533  -1.963  45.836 5.0000000000
99042  -28.214  -1.732  46.004 6.0000000000
99163  -27.839  -1.657  46.054 6.0000000000
99164  -27.726  -2.189  45.622 6.0000000000
99165  -27.316  -2.537  45.378 6.0000000000
99166  -26.844  -3.006  45.102 6.0000000000
99167  -26.277  -5.955  44.095 8.0000000000
99168  -26.158  -5.279  44.173 8.0000000000
99169  -25.762  -5.746  44.193 9.0000000000
99170  -25.328  -5.583  44.286 8.0000000000
99171  -24.820  -5.341  44.512 8.0000000000
99172  -24.298  -5.093  44.707 6.0000000000
99173  -24.418  -5.764  44.612 7.0000000000
99174  -24.109  -6.292  44.906 7.0000000000
99175  -23.808  -6.648  45.247 7.0000000000
102277  -32.872  -9.906  49.304 5.0000000000
102278  -32.601  -9.731  48.511 5.0000000000
102279  -32.372  -9.613  47.786 5.0000000000
102280  -32.047  -9.903  48.141 5.0000000000
102281  -31.478  -9.969  47.721 5.0000000000
102282  -30.917  -10.128  47.315 6.0000000000
102403  -30.423  -10.349  47.259 6.0000000000
102404  -30.655  -10.577  47.903 5.0000000000
102405  -30.457  -10.968  48.349 5.0000000000
102406  -30.240  -11.347  49.041 5.0000000000
105514  -46.400  0.950  46.694 5.0000000000
105528  -43.145  -7.704  49.950 7.0000000000
105529  -43.790  -7.974  50.409 6.0000000000
105530  -43.632  -7.789  49.628 6.0000000000
105531  -44.111  -7.884  49.205 7.0000000000
105532  -44.463  -7.966  48.886 7.0000000000
105533  -44.971  -8.002  48.531 7.0000000000
105534  -44.528  -7.700  48.047 7.0000000000
105535  -44.529  -7.512  47.084 7.0000000000
105536  -44.701  -7.141  46.152 8.0000000000
105537  -38.589  -7.596  45.277 9.0000000000
105538  -39.200  -7.588  45.897 9.0000000000
105539  -39.067  -7.432  44.908 9.0000000000
105540  -39.661  -7.278  44.617 9.0000000000
105541  -40.231  -6.997  44.183 10.0000000000
105542  -40.925  -4.585  42.774 10.0000000000
105543  -41.117  -5.314  42.883 10.0000000000
105544  -41.690  -4.790  42.907 10.0000000000
105545  -42.406  -5.077  43.057 10.0000000000
105546  -43.120  -5.257  43.347 9.0000000000
105547  -43.728  -5.560  43.705 8.0000000000
105548  -43.603  -4.774  43.388 9.0000000000
105549  -44.008  -4.146  43.651 8.0000000000
105550  -44.386  -3.593  43.887 7.0000000000
105551  -44.670  -2.920  44.293 7.0000000000
105552  -43.980  -2.723  44.111 7.0000000000
105553  -43.596  -2.046  44.381 7.0000000000
105554  -43.180  -1.490  44.678 7.0000000000
105555  -40.819  -0.422  45.560 6.0000000000
105556  -41.438  -0.496  45.609 6.0000000000
105557  -41.254  -0.065  46.183 6.0000000000
105558  -41.691  0.289  46.642 6.0000000000
105559  -42.184  0.753  47.077 6.0000000000
105560  -42.530  1.230  47.448 6.0000000000
105561  -41.995  1.187  47.629 6.0000000000
105577  -33.445  -0.668  46.631 6.0000000000
105578  -33.938  -0.318  46.902 6.0000000000
105579  -33.376  -0.296  47.385 6.0000000000
105580  -33.331  -0.034  48.090 5.0000000000
106007  -28.266  -10.804  46.623 7.0000000000
106008  -27.937  -10.375  45.983 8.0000000000
106009  -27.674  -10.744  46.372 7.0000000000
106010  -27.156  -10.680  46.431 7.0000000000
106011  -26.542  -10.532  46.315 7.0000000000
106013  -25.215  -10.845  47.821 6.0000000000
106014  -24.761  -10.638  47.984 5.0000000000
106015  -24.478  -10.108  47.478 5.0000000000
106016  -24.084  -9.494  46.999 6.0000000000
106017  -23.772  -8.888  46.662 6.0000000000
106018  -23.673  -9.214  47.303 6.0000000000
106019  -23.247  -8.973  47.568 6.0000000000
106020  -22.847  -8.634  47.904 6.0000000000
116052  -45.819  -10.072  49.935 6.0000000000
116053  -33.884  -8.637  46.123 7.0000000000
116054  -34.301  -8.385  45.522 8.0000000000
116055  -33.658  -8.392  45.325 8.0000000000
116056  -33.445  -8.108  44.675 8.0000000000
116057  -33.186  -7.730  44.086 9.0000000000
116058  -32.166  -8.000  44.466 7.0000000000
116059  -32.566  -7.591  44.076 9.0000000000
116060  -32.958  -7.227  43.748 9.0000000000
116061  -32.733  -6.635  43.498 9.0000000000
116062  -32.483  -5.952  43.357 8.0000000000
116063  -32.284  -5.290  43.405 8.0000000000
116064  -32.118  -4.693  43.614 8.0000000000
116065  -31.707  -5.120  43.688 9.0000000000
116066  -31.153  -5.003  43.936 8.0000000000
116067  -30.571  -5.092  44.112 7.0000000000
116068  -30.288  -6.000  43.897 8.0000000000
116069  -30.122  -5.421  43.998 8.0000000000
116070  -29.966  -4.822  44.202 8.0000000000
116071  -29.396  -4.599  44.255 8.0000000000
116072  -28.877  -4.363  44.307 9.0000000000
116073  -28.377  -4.045  44.475 8.0000000000
116167  -27.907  -3.976  44.569 8.0000000000
116168  -28.040  -4.627  44.262 8.0000000000
116169  -27.650  -5.081  44.194 9.0000000000
116170  -27.186  -5.589  44.108 9.0000000000
116171  -27.940  -6.390  44.092 9.0000000000
116172  -27.345  -6.285  44.057 9.0000000000
116173  -26.796  -6.109  44.061 8.0000000000
116174  -26.438  -6.630  44.117 9.0000000000
116175  -26.067  -7.101  44.203 8.0000000000
116176  -25.777  -7.673  44.453 8.0000000000
121108  -47.425  -1.398  46.543 5.0000000000
121109  -47.057  -0.526  46.662 5.0000000000
121110  -46.737  0.325  46.732 5.0000000000
121111  -46.160  0.466  46.635 5.0000000000
121112  -45.605  0.512  46.549 5.0000000000
121113  -45.109  0.580  46.506 5.0000000000
121117  -43.303  -7.809  52.026 5.0000000000
121118  -43.016  -7.693  51.245 7.0000000000
121119  -42.135  -7.431  51.218 7.0000000000
121120  -42.416  -7.478  50.731 7.0000000000
121121  -42.812  -7.599  50.286 7.0000000000
121122  -42.553  -7.541  49.462 7.0000000000
121123  -42.357  -7.541  48.410 8.0000000000
121124  -42.320  -7.497  47.422 8.0000000000
121125  -38.010  -6.006  42.547 9.0000000000
121126  -38.728  -6.248  42.740 9.0000000000
121127  -38.524  -5.647  42.427 9.0000000000
121128  -39.081  -5.163  42.387 10.0000000000
121129  -39.618  -4.773  42.451 10.0000000000
121130  -38.632  -3.771  42.535 10.0000000000
121131  -39.378  -4.050  42.563 10.0000000000
121132  -40.152  -4.309  42.597 10.0000000000
121133  -40.727  -3.867  42.852 10.0000000000
121134  -41.135  -3.424  43.141 10.0000000000
121135  -41.578  -2.941  43.352 10.0000000000
121136  -41.969  -2.373  43.726 6.0000000000
121137  -41.243  -2.267  43.773 6.0000000000
121138  -40.914  -1.696  44.124 6.0000000000
121139  -40.611  -1.229  44.526 7.0000000000
121140  -39.483  -1.458  44.060 7.0000000000
121141  -39.921  -1.107  44.472 7.0000000000
121142  -40.372  -0.785  45.006 6.0000000000
121143  -40.147  -0.315  45.645 6.0000000000
121144  -39.992  0.073  46.303 5.0000000000
121145  -40.010  0.586  47.048 5.0000000000
121150  -37.760  0.427  46.708 5.0000000000
121151  -37.771  0.829  47.430 5.0000000000
121156  -31.167  -0.964  47.926 5.0000000000
121157  -31.653  -0.528  48.339 5.0000000000
121490  -27.482  -12.058  49.074 5.0000000000
121491  -27.077  -11.729  48.326 6.0000000000
121492  -26.890  -12.046  49.049 5.0000000000
130948  -48.102  -6.846  47.595 5.0000000000
130949  -47.718  -6.547  47.042 6.0000000000
130950  -47.331  -6.167  46.518 6.0000000000
130951  -38.908  -7.649  50.069 7.0000000000
130952  -39.230  -7.597  49.619 7.0000000000
130953  -38.631  -7.736  48.857 7.0000000000
130954  -38.346  -7.819  47.951 8.0000000000
130955  -38.229  -7.818  46.796 8.0000000000
130956  -37.217  -8.024  46.768 8.0000000000
130957  -37.683  -7.900  46.314 8.0000000000
130958  -38.111  -7.753  45.718 9.0000000000
130959  -37.933  -7.585  44.879 9.0000000000
130960  -37.797  -7.311  44.066 9.0000000000
130961  -37.650  -6.918  43.312 9.0000000000
130962  -34.690  -8.168  45.146 8.0000000000
130963  -35.117  -7.897  44.717 8.0000000000
130964  -35.566  -7.639  44.329 8.0000000000
130965  -34.661  -7.015  43.494 8.0000000000
130966  -35.363  -7.215  43.700 8.0000000000
130967  -36.010  -7.334  43.863 8.0000000000
130968  -36.483  -7.011  43.407 8.0000000000
130969  -36.974  -6.728  43.057 8.0000000000
130970  -37.469  -6.349  42.781 8.0000000000
130971  -37.248  -5.713  42.496 8.0000000000
130972  -37.005  -5.063  42.295 8.0000000000
130973  -36.757  -4.334  42.424 8.0000000000
130974  -35.551  -4.535  42.598 8.0000000000
130975  -36.013  -4.106  42.546 8.0000000000
130976  -36.595  -3.721  42.631 8.0000000000
130977  -36.407  -3.070  42.967 8.0000000000
130978  -36.179  -2.361  43.509 8.0000000000
130979  -35.986  -1.719  44.085 7.0000000000
130980  -35.791  -1.128  44.690 5.0000000000
130981  -35.311  -1.465  44.481 6.0000000000
130982  -34.706  -1.325  44.954 6.0000000000
130983  -34.071  -1.161  45.451 6.0000000000
130984  -33.674  -2.092  44.591 7.0000000000
130985  -33.579  -1.622  45.256 6.0000000000
130986  -33.509  -1.186  45.962 6.0000000000
130987  -32.968  -1.114  46.399 6.0000000000
130988  -32.344  -1.256  46.753 5.0000000000
130989  -31.751  -1.258  47.070 6.0000000000
130990  -31.962  -4.077  43.950 7.0000000000
130991  -31.808  -3.471  44.371 5.0000000000
130992  -31.681  -2.985  44.879 5.0000000000
130993  -30.738  -3.414  45.016 5.0000000000
130994  -31.170  -3.021  45.207 5.0000000000
130995  -31.555  -2.527  45.485 5.0000000000
130996  -31.442  -2.074  46.135 5.0000000000
130997  -31.295  -1.742  46.725 6.0000000000
130998  -31.206  -1.361  47.326 5.0000000000
130999  -30.663  -1.352  47.512 5.0000000000
131000  -30.203  -1.161  47.562 5.0000000000
131002  -29.345  -1.545  46.629 5.0000000000
131273  -27.399  -3.796  44.661 7.0000000000
131274  -26.896  -3.645  44.754 6.0000000000
131275  -26.420  -3.434  44.859 6.0000000000
131276  -26.043  -4.594  44.361 7.0000000000
131277  -25.964  -3.907  44.612 6.0000000000
131278  -25.898  -3.203  44.940 5.0000000000
131280  -25.116  -2.788  45.088 5.0000000000
131284  -23.437  -3.808  45.316 5.0000000000
131285  -23.833  -4.781  44.962 6.0000000000
131286  -23.449  -4.516  45.208 5.0000000000
131287  -23.073  -4.234  45.489 5.0000000000
131288  -22.745  -4.630  45.780 5.0000000000
131289  -22.484  -5.051  46.104 5.0000000000
131290  -22.216  -5.371  46.533 5.0000000000
137784  -42.382  -7.570  53.097 5.0000000000
137787  -41.825  -7.365  52.849 5.0000000000
137788  -41.345  -7.301  52.454 5.0000000000
137789  -40.580  -7.270  52.114 5.0000000000
137790  -39.931  -7.377  51.582 5.0000000000
137818  -38.528  -7.683  50.566 6.0000000000
137819  -37.957  -7.969  49.898 6.0000000000
137820  -37.199  -8.151  49.370 6.0000000000
137822  -36.874  -8.241  49.640 6.0000000000
137823  -36.606  -8.310  48.712 7.0000000000
137824  -35.930  -8.441  48.146 7.0000000000
137825  -35.355  -8.530  47.743 7.0000000000
137826  -34.736  -8.679  47.375 7.0000000000
137833  -34.496  -8.941  48.620 5.0000000000
137834  -34.291  -8.865  47.786 6.0000000000
137835  -34.105  -8.747  46.899 7.0000000000
137836  -33.452  -8.865  46.583 7.0000000000
137837  -32.792  -8.921  46.273 7.0000000000
137838  -32.226  -8.984  46.006 7.0000000000
137839  -32.155  -9.499  47.135 5.0000000000
137840  -31.851  -9.296  46.270 5.0000000000
137841  -31.635  -9.048  45.676 5.0000000000
137842  -31.029  -8.976  45.318 8.0000000000
137843  -30.490  -8.853  45.053 8.0000000000
137844  -29.909  -8.812  44.892 8.0000000000
138091  -29.345  -8.825  44.840 8.0000000000
138092  -29.575  -9.270  45.324 8.0000000000
138093  -29.303  -9.851  45.815 7.0000000000
138094  -28.989  -10.252  46.160 7.0000000000
138095  -29.871  -10.476  46.995 7.0000000000
138096  -29.291  -10.655  46.826 7.0000000000
138097  -28.805  -10.745  46.720 8.0000000000
138098  -28.563  -11.148  47.245 7.0000000000
138099  -28.318  -11.428  47.775 7.0000000000
138100  -28.203  -11.831  48.537 7.0000000000
138102  -30.564  -11.525  49.870 5.0000000000
138103  -30.111  -11.746  49.684 5.0000000000
138106  -29.526  -11.902  49.482 7.0000000000
138107  -29.011  -12.050  49.316 7.0000000000
138108  -28.457  -12.032  49.129 7.0000000000
138109  -27.939  -12.146  49.153 6.0000000000
138110  -27.847  -12.340  49.834 5.0000000000
144452  -45.545  -10.039  50.204 5.0000000000
144453  -45.917  -9.577  50.235 6.0000000000
144457  -44.363  -8.271  50.686 5.0000000000
144458  -44.787  -8.605  50.951 5.0000000000
144459  -45.076  -9.043  50.931 5.0000000000
144460  -45.438  -9.104  50.599 6.0000000000
144461  -45.754  -9.141  50.272 6.0000000000
144462  -46.078  -9.178  50.044 6.0000000000
144463  -46.239  -8.754  49.657 6.0000000000
144464  -46.404  -8.425  49.151 5.0000000000
144465  -46.480  -8.051  48.483 5.0000000000
144466  -45.456  -7.992  48.220 6.0000000000
144467  -45.910  -7.890  47.941 5.0000000000
144468  -46.519  -7.725  47.800 5.0000000000
144469  -46.651  -7.275  47.117 6.0000000000
144470  -46.853  -6.595  46.484 6.0000000000
144471  -46.835  -5.816  45.945 6.0000000000
144472  -39.677  -7.528  49.110 7.0000000000
144473  -40.077  -7.531  48.538 7.0000000000
144474  -40.408  -7.534  48.180 8.0000000000
144475  -39.813  -7.572  46.485 9.0000000000
144476  -40.374  -7.615  47.053 10.0000000000
144477  -40.940  -7.549  47.667 9.0000000000
144478  -41.438  -7.580  47.187 9.0000000000
144479  -41.821  -7.448  46.907 9.0000000000
144480  -42.398  -7.385  46.457 9.0000000000
144481  -39.428  -6.527  43.055 9.0000000000
144482  -40.156  -6.605  43.426 10.0000000000
144483  -40.779  -6.812  43.934 10.0000000000
144484  -41.281  -5.941  43.121 10.0000000000
144485  -41.338  -6.503  43.726 10.0000000000
144486  -41.419  -6.956  44.338 10.0000000000
144487  -41.921  -7.074  44.887 10.0000000000
144488  -42.448  -7.187  45.482 9.0000000000
144489  -42.918  -7.311  46.102 8.0000000000
144490  -43.597  -7.170  45.826 9.0000000000
144491  -44.227  -6.947  45.511 8.0000000000
144492  -44.845  -6.698  45.272 8.0000000000
144493  -44.361  -5.836  44.107 9.0000000000
144494  -44.930  -6.053  44.625 8.0000000000
144495  -45.457  -6.273  45.254 8.0000000000
144496  -45.957  -5.833  45.277 7.0000000000
144497  -46.493  -5.296  45.337 6.0000000000
144498  -46.852  -4.666  45.530 6.0000000000
144499  -46.554  -3.652  45.308 6.0000000000
144500  -46.197  -2.736  45.310 6.0000000000
144501  -45.785  -1.904  45.427 7.0000000000
144502  -44.920  -2.297  44.741 7.0000000000
144503  -45.134  -1.694  45.246 7.0000000000
144504  -45.394  -1.100  45.659 6.0000000000
144505  -45.043  -0.520  45.939 5.0000000000
144506  -44.714  -0.003  46.286 5.0000000000
144507  -44.512  0.545  46.503 5.0000000000
144508  -42.288  -1.951  44.108 6.0000000000
144509  -42.609  -1.402  44.617 7.0000000000
144510  -42.927  -0.959  45.083 6.0000000000
144511  -42.043  -0.531  45.499 6.0000000000
144512  -42.689  -0.501  45.513 6.0000000000
144513  -43.212  -0.444  45.638 6.0000000000
144514  -43.579  -0.008  46.130 6.0000000000
144515  -43.905  0.424  46.492 6.0000000000
144516  -44.278  0.972  46.751 5.0000000000
144517  -44.040  1.313  47.004 5.0000000000
144520  -42.841  1.680  47.619 6.0000000000
144553  -35.664  -0.637  45.382 5.0000000000
144554  -35.582  -0.158  46.171 6.0000000000
144555  -35.540  0.260  46.960 6.0000000000
144556  -34.500  0.053  47.164 6.0000000000
144557  -35.068  0.372  47.444 6.0000000000
144558  -35.592  0.645  47.726 6.0000000000
144559  -35.650  0.956  48.582 6.0000000000
144560  -35.742  1.299  49.431 6.0000000000
144562  -32.217  -0.180  48.765 5.0000000000
145421  -28.728  -8.779  44.779 7.0000000000
145422  -28.143  -8.732  44.714 9.0000000000
145423  -27.557  -8.708  44.630 8.0000000000
145424  -27.655  -9.887  45.454 8.0000000000
145425  -27.368  -9.282  45.032 7.0000000000
145426  -27.050  -8.633  44.669 8.0000000000
145427  -26.487  -8.430  44.629 8.0000000000
145428  -25.992  -8.324  44.656 8.0000000000
145429  -25.472  -8.182  44.826 7.0000000000
145430  -26.759  -11.342  47.648 6.0000000000
145431  -26.388  -10.878  46.965 7.0000000000
145432  -26.027  -10.372  46.374 7.0000000000
145433  -25.398  -10.545  47.132 6.0000000000
145434  -25.554  -10.172  46.460 7.0000000000
145435  -25.719  -9.828  45.888 7.0000000000
145436  -25.483  -9.299  45.535 7.0000000000
145437  -25.230  -8.689  45.220 7.0000000000
145438  -25.001  -7.994  44.970 7.0000000000
145439  -24.441  -7.674  45.165 7.0000000000
145440  -24.004  -7.399  45.364 7.0000000000
145441  -23.514  -7.152  45.618 7.0000000000
145442  -23.536  -8.255  46.368 6.0000000000
145443  -23.332  -7.583  46.140 6.0000000000
145444  -23.100  -6.822  45.948 6.0000000000
145445  -22.716  -6.538  46.262 6.0000000000
145446  -22.338  -6.094  46.643 5.0000000000
145447  -22.039  -5.816  46.981 5.0000000000
1446  -31.764  -10.652  49.563 0.0000000000
1809  -40.514  0.895  47.558 0.0000000000
1847  -23.612  -10.406  49.054 0.0000000000
3967  -48.282  -2.918  46.753 0.0000000000
3968  -47.033  0.724  46.691 0.0000000000
4059  -25.523  -11.310  48.417 0.0000000000
7245  -29.132  -12.695  51.333 0.0000000000
8053  -44.887  -9.429  51.128 0.0000000000
8065  -33.937  0.581  49.160 0.0000000000
11646  -48.797  -5.003  47.210 0.0000000000
11734  -22.472  -2.719  46.186 0.0000000000
11735  -21.814  -3.570  46.813 0.0000000000
14045  -46.041  -10.465  49.286 0.0000000000
14046  -46.908  -10.340  48.733 0.0000000000
15860  -32.993  -10.259  50.754 0.0000000000
17664  -44.285  1.781  47.064 0.0000000000
17697  -32.736  -0.113  48.444 0.0000000000
17936  -24.560  -10.955  48.782 0.0000000000
23406  -45.326  -10.447  49.851 0.0000000000
25573  -47.657  -0.926  46.663 0.0000000000
25577  -43.816  -8.282  52.053 0.0000000000
25595  -31.734  -0.154  48.976 0.0000000000
25736  -27.362  -12.366  49.763 0.0000000000
29770  -25.613  -2.459  45.224 0.0000000000
32170  -42.670  -7.817  53.780 0.0000000000
32181  -38.897  -7.656  51.422 0.0000000000
32186  -34.105  -9.169  49.211 0.0000000000
32279  -30.528  -11.914  50.636 0.0000000000
32282  -28.076  -12.772  51.132 0.0000000000
34472  -44.644  -10.302  50.476 0.0000000000
34495  -43.276  1.702  47.406 0.0000000000
42456  -21.531  -3.913  47.263 0.0000000000
42457  -21.602  -4.684  47.326 0.0000000000
46580  -32.420  -10.508  50.135 0.0000000000
48381  -45.585  1.507  46.760 0.0000000000
48382  -45.104  1.496  46.819 0.0000000000
48383  -44.771  1.877  46.859 0.0000000000
48406  -41.493  1.155  47.808 0.0000000000
48407  -41.002  1.205  48.004 0.0000000000
48656  -24.043  -10.714  48.944 0.0000000000
48660  -23.290  -9.783  48.586 0.0000000000
57973  -48.523  -3.985  47.023 0.0000000000
57979  -47.965  -1.766  46.719 0.0000000000
58015  -30.322  -0.719  48.183 0.0000000000
58016  -30.772  -0.536  48.713 0.0000000000
58238  -23.501  -3.034  45.444 0.0000000000
58240  -23.192  -2.758  45.645 0.0000000000
58254  -26.774  -12.216  49.660 0.0000000000
65173  -47.492  -9.892  48.943 0.0000000000
65226  -29.022  -1.244  46.726 0.0000000000
65227  -28.753  -1.024  46.756 0.0000000000
65229  -28.533  -0.777  46.979 0.0000000000
65432  -28.004  -1.154  46.513 0.0000000000
65434  -26.985  -1.870  45.803 0.0000000000
65435  -26.457  -2.289  45.456 0.0000000000
65437  -25.945  -2.596  45.196 0.0000000000
70581  -41.840  -7.531  54.024 0.0000000000
70582  -41.380  -7.337  53.671 0.0000000000
70584  -40.602  -7.258  53.302 0.0000000000
70607  -38.538  -7.742  51.986 0.0000000000
70609  -37.846  -7.958  51.295 0.0000000000
70611  -36.452  -8.363  50.154 0.0000000000
70612  -35.784  -8.630  49.633 0.0000000000
70614  -35.167  -8.758  48.988 0.0000000000
70839  -31.011  -11.679  50.820 0.0000000000
70841  -29.593  -12.578  51.535 0.0000000000
70842  -29.719  -12.381  50.840 0.0000000000
70847  -28.546  -12.765  51.254 0.0000000000
76035  -44.823  -9.904  50.920 0.0000000000
76039  -44.165  -8.433  51.555 0.0000000000
76093  -42.145  2.052  48.268 0.0000000000
76094  -42.611  2.061  47.942 0.0000000000
76127  -34.595  0.967  49.541 0.0000000000
76129  -32.279  0.154  49.398 0.0000000000
94687  -48.508  -6.423  47.580 0.0000000000
94689  -48.540  -5.556  47.103 0.0000000000
94848  -22.756  -3.073  45.885 0.0000000000
94850  -22.123  -3.134  46.470 0.0000000000
99009  -46.440  -10.408  49.019 0.0000000000
99011  -47.451  -9.440  49.213 0.0000000000
99012  -47.803  -8.966  49.114 0.0000000000
102275  -33.794  -9.724  50.726 0.0000000000
102276  -33.259  -10.003  50.344 0.0000000000
105515  -46.679  1.380  46.709 0.0000000000
105516  -46.063  1.559  46.788 0.0000000000
105562  -41.906  1.586  48.125 0.0000000000
105581  -33.289  0.198  48.739 0.0000000000
106012  -25.019  -11.109  48.555 0.0000000000
116051  -45.697  -10.469  49.565 0.0000000000
118687  -31.653  -11.076  50.365 0.0000000000
121107  -47.329  -0.050  46.746 0.0000000000
121114  -43.515  -8.479  52.925 0.0000000000
121116  -43.506  -8.136  52.494 0.0000000000
121146  -39.992  1.011  47.715 0.0000000000
121147  -39.439  0.722  47.259 0.0000000000
121148  -38.892  0.903  47.472 0.0000000000
121149  -38.336  1.010  47.773 0.0000000000
121152  -37.840  1.229  48.116 0.0000000000
121153  -37.340  1.399  48.691 0.0000000000
121154  -36.891  1.564  49.120 0.0000000000
121155  -36.404  1.576  49.658 0.0000000000
121158  -31.189  -0.544  48.565 0.0000000000
121493  -26.379  -11.857  48.983 0.0000000000
121494  -25.893  -11.762  49.055 0.0000000000
130945  -48.026  -8.400  48.853 0.0000000000
130946  -48.206  -7.866  48.519 0.0000000000
130947  -48.443  -7.181  48.018 0.0000000000
131001  -29.913  -0.900  47.645 0.0000000000
131003  -29.432  -1.088  47.117 0.0000000000
131267  -27.503  -1.525  46.127 0.0000000000
131272  -25.292  -2.174  45.310 0.0000000000
131279  -25.558  -3.039  44.974 0.0000000000
131281  -24.752  -2.561  45.204 0.0000000000
131282  -24.279  -2.924  45.131 0.0000000000
131283  -23.834  -3.380  45.223 0.0000000000
137782  -43.282  -8.326  53.415 0.0000000000
137783  -42.957  -7.865  53.481 0.0000000000
137786  -42.125  -7.555  53.562 0.0000000000
137815  -39.938  -7.388  52.931 0.0000000000
137816  -39.536  -7.439  52.115 0.0000000000
137817  -39.204  -7.528  51.008 0.0000000000
137821  -37.173  -8.139  50.796 0.0000000000
137830  -34.029  -9.517  50.412 0.0000000000
137831  -34.358  -9.230  50.055 0.0000000000
137832  -34.717  -8.963  49.504 0.0000000000
138101  -31.147  -11.333  50.078 0.0000000000
138105  -29.931  -12.048  50.374 0.0000000000
138111  -27.774  -12.611  50.500 0.0000000000
144451  -44.947  -10.380  50.151 0.0000000000
144455  -44.416  -8.848  51.650 0.0000000000
144456  -44.779  -8.962  51.245 0.0000000000
144518  -43.821  1.756  47.252 0.0000000000
144521  -43.017  2.144  47.652 0.0000000000
144561  -35.893  1.637  50.229 0.0000000000
144563  -32.742  0.209  49.100 0.0000000000
144568  -34.694  1.260  50.329 0.0000000000
144569  -35.371  1.555  50.724 0.0000000000
145466  -23.024  -9.626  48.851 0.0000000000
145467  -22.756  -8.979  48.496 0.0000000000
145468  -22.514  -8.365  48.193 0.0000000000
145471  -22.284  -7.690  47.931 0.0000000000
145472  -22.071  -6.968  47.717 0.0000000000
145473  -21.890  -6.210  47.516 0.0000000000
145474  -21.695  -5.507  47.400 0.0000000000
871  -24.923  -1.960  45.403 0.0000000000
1443  -43.681  -8.960  52.692 0.0000000000
1810  -36.556  1.857  50.508 0.0000000000
3368  -34.141  -9.801  51.877 0.0000000000
3965  -48.824  -6.814  47.965 0.0000000000
3978  -38.412  1.372  48.577 0.0000000000
3980  -30.078  -0.472  48.240 0.0000000000
6125  -47.882  -9.368  48.931 0.0000000000
7206  -41.086  -7.302  54.179 0.0000000000
7209  -38.200  -7.820  52.289 0.0000000000
7210  -35.400  -8.746  50.060 0.0000000000
8061  -41.972  2.425  48.492 0.0000000000
11737  -21.316  -4.383  47.744 0.0000000000
15848  -42.167  -7.776  54.625 0.0000000000
15858  -36.762  -8.349  51.205 0.0000000000
15934  -30.164  -12.463  51.802 0.0000000000
17661  -46.248  1.900  46.611 0.0000000000
17662  -45.245  1.912  46.801 0.0000000000
17667  -44.240  -9.185  51.934 0.0000000000
17687  -41.390  1.579  48.343 0.0000000000
17690  -37.479  1.712  49.465 0.0000000000
24535  -31.443  -11.444  50.874 0.0000000000
25590  -39.456  1.115  47.946 0.0000000000
25596  -30.886  -0.116  49.456 0.0000000000
25727  -23.914  -2.661  45.360 0.0000000000
25729  -23.295  -1.984  45.759 0.0000000000
25738  -26.240  -12.108  49.678 0.0000000000
29650  -48.495  -8.116  48.700 0.0000000000
29672  -29.187  -0.796  47.250 0.0000000000
29673  -28.732  -0.312  47.540 0.0000000000
29768  -27.688  -1.046  46.554 0.0000000000
29769  -26.655  -1.669  45.791 0.0000000000
32169  -43.256  -8.755  53.651 0.0000000000
32180  -39.603  -7.447  53.352 0.0000000000
32185  -34.607  -9.270  50.809 0.0000000000
34496  -42.712  2.520  47.812 0.0000000000
34510  -32.818  0.498  49.762 0.0000000000
34511  -34.090  1.162  50.728 0.0000000000
34512  -35.557  1.818  51.425 0.0000000000
34813  -22.944  -9.919  49.524 0.0000000000
34814  -22.443  -8.656  48.807 0.0000000000
34815  -21.968  -7.290  48.279 0.0000000000
34816  -21.540  -5.894  47.957 0.0000000000
48408  -40.955  1.622  48.544 0.0000000000
48409  -40.504  1.300  48.163 0.0000000000
48410  -36.987  1.810  49.975 0.0000000000
48638  -25.486  -1.608  45.564 0.0000000000
54368  -45.056  -10.827  49.308 0.0000000000
54369  -44.689  -10.780  49.628 0.0000000000
57974  -49.033  -4.444  47.272 0.0000000000
57975  -48.749  -3.405  47.090 0.0000000000
57977  -48.508  -2.386  46.825 0.0000000000
57978  -48.191  -1.368  46.718 0.0000000000
58017  -30.463  -0.322  48.814 0.0000000000
58239  -23.647  -2.265  45.551 0.0000000000
58241  -22.206  -2.371  46.492 0.0000000000
58242  -22.573  -1.965  46.271 0.0000000000
58253  -27.204  -12.530  50.404 0.0000000000
58255  -26.656  -12.399  50.294 0.0000000000
65174  -47.449  -10.246  48.458 0.0000000000
65175  -47.953  -9.760  48.704 0.0000000000
65179  -48.204  -8.798  48.925 0.0000000000
65228  -28.944  -0.590  47.267 0.0000000000
65431  -28.215  -0.686  47.007 0.0000000000
65436  -26.086  -2.030  45.480 0.0000000000
70578  -43.059  -8.192  53.819 0.0000000000
70579  -42.868  -8.152  54.297 0.0000000000
70580  -41.611  -7.475  54.511 0.0000000000
70605  -38.890  -7.619  52.870 0.0000000000
70606  -39.242  -7.543  52.445 0.0000000000
70610  -36.049  -8.554  50.623 0.0000000000
70617  -34.383  -9.519  51.396 0.0000000000
70838  -31.423  -11.781  51.753 0.0000000000
70840  -30.901  -12.055  51.508 0.0000000000
76015  -47.595  0.387  46.689 0.0000000000
76017  -47.198  1.121  46.642 0.0000000000
76033  -44.443  -9.735  51.283 0.0000000000
76034  -44.268  -10.265  50.883 0.0000000000
76095  -42.333  2.446  48.139 0.0000000000
76105  -38.918  1.269  48.280 0.0000000000
76128  -31.904  0.202  49.643 0.0000000000
76130  -32.397  0.506  50.082 0.0000000000
76134  -34.809  1.509  51.128 0.0000000000
76877  -22.718  -9.353  49.135 0.0000000000
76882  -21.723  -6.586  48.115 0.0000000000
94688  -48.877  -6.045  47.551 0.0000000000
94851  -21.826  -2.779  46.816 0.0000000000
94853  -21.530  -3.138  47.260 0.0000000000
94854  -21.288  -3.499  47.717 0.0000000000
99007  -45.832  -10.862  48.739 0.0000000000
99008  -46.361  -10.778  48.448 0.0000000000
102270  -37.500  -8.093  51.860 0.0000000000
102274  -33.605  -10.031  51.325 0.0000000000
102410  -30.071  -12.668  52.500 0.0000000000
102411  -29.618  -12.777  52.238 0.0000000000
102412  -29.046  -12.907  52.037 0.0000000000
105517  -45.741  1.914  46.670 0.0000000000
105520  -44.908  2.278  46.755 0.0000000000
105521  -44.425  2.209  46.943 0.0000000000
105522  -43.962  2.126  47.154 0.0000000000
105527  -44.539  -9.336  51.544 0.0000000000
105563  -41.780  2.000  48.508 0.0000000000
105568  -37.979  1.584  48.907 0.0000000000
116050  -45.439  -10.862  49.010 0.0000000000
118591  -33.334  -10.329  51.542 0.0000000000
118592  -32.745  -10.599  50.980 0.0000000000
118593  -32.187  -10.807  50.621 0.0000000000
118688  -32.028  -11.179  51.247 0.0000000000
121098  -49.233  -5.574  47.514 0.0000000000
121106  -47.876  -0.422  46.714 0.0000000000
121115  -43.806  -8.606  52.455 0.0000000000
121159  -31.292  -0.217  49.183 0.0000000000
121469  -24.406  -2.233  45.334 0.0000000000
121474  -22.867  -2.298  45.940 0.0000000000
121496  -25.685  -11.911  49.722 0.0000000000
121497  -25.334  -11.532  49.131 0.0000000000
121498  -24.832  -11.398  49.317 0.0000000000
121499  -24.335  -11.176  49.440 0.0000000000
121500  -23.956  -10.969  49.589 0.0000000000
130936  -46.837  -10.705  48.192 0.0000000000
130944  -48.659  -7.553  48.371 0.0000000000
131004  -29.613  -0.681  47.654 0.0000000000
131268  -27.122  -1.410  46.190 0.0000000000
131271  -25.775  -1.892  45.510 0.0000000000
137781  -43.434  -8.873  53.143 0.0000000000
137785  -42.397  -7.759  54.096 0.0000000000
137814  -40.370  -7.333  53.904 0.0000000000
137829  -35.010  -9.009  50.507 0.0000000000
138104  -30.312  -12.231  51.168 0.0000000000
138112  -27.685  -12.765  51.129 0.0000000000
138113  -28.506  -12.903  51.903 0.0000000000
138114  -28.065  -12.918  51.889 0.0000000000
144430  -46.782  1.676  46.566 0.0000000000
144449  -43.932  -10.666  50.317 0.0000000000
144450  -44.284  -10.735  49.992 0.0000000000
144454  -44.088  -8.752  52.105 0.0000000000
144519  -43.520  2.121  47.375 0.0000000000
144522  -43.112  2.485  47.486 0.0000000000
144535  -40.040  1.379  48.370 0.0000000000
144564  -33.319  0.504  49.513 0.0000000000
144567  -33.998  0.854  49.965 0.0000000000
144570  -36.094  1.888  50.966 0.0000000000
145456  -23.574  -10.831  49.786 0.0000000000
145465  -23.246  -10.188  49.287 0.0000000000
145470  -22.214  -8.008  48.489 0.0000000000
145475  -21.397  -5.121  47.823 0.0000000000
2763  -45.570  -11.171  48.100 0.0000000000
2764  -43.915  -11.069  49.321 0.0000000000
3391  -31.207  -12.093  52.312 0.0000000000
3981  -32.023  0.506  50.345 0.0000000000
4055  -21.921  -1.922  46.870 0.0000000000
4058  -27.120  -12.705  51.154 0.0000000000
7205  -42.932  -8.643  54.484 0.0000000000
8052  -43.550  2.472  47.174 0.0000000000
11736  -21.299  -2.710  47.694 0.0000000000
15935  -30.063  -12.837  53.176 0.0000000000
15936  -28.961  -13.014  52.745 0.0000000000
17663  -44.390  2.535  46.654 0.0000000000
17666  -43.888  -10.147  51.314 0.0000000000
17689  -40.520  1.697  48.781 0.0000000000
17918  -25.985  -1.274  45.848 0.0000000000
23405  -44.695  -11.146  48.692 0.0000000000
24494  -33.665  -10.347  52.416 0.0000000000
24495  -32.538  -10.910  51.480 0.0000000000
25569  -49.520  -5.885  47.888 0.0000000000
25570  -49.286  -3.988  47.331 0.0000000000
25571  -48.681  -1.967  46.928 0.0000000000
25572  -48.133  -0.021  46.680 0.0000000000
25730  -22.744  -1.298  46.346 0.0000000000
25739  -25.209  -11.826  49.868 0.0000000000
25740  -24.274  -11.483  50.127 0.0000000000
29647  -46.583  -11.045  47.604 0.0000000000
29648  -47.887  -10.103  48.251 0.0000000000
32283  -27.932  -13.058  52.602 0.0000000000
34465  -47.329  1.467  46.500 0.0000000000
34471  -43.197  -10.929  50.071 0.0000000000
34810  -23.472  -11.046  50.473 0.0000000000
46654  -30.563  -12.690  53.371 0.0000000000
48385  -43.578  -9.452  52.487 0.0000000000
48386  -43.906  -9.577  52.046 0.0000000000
48387  -43.939  -9.068  52.333 0.0000000000
48411  -37.733  2.037  50.210 0.0000000000
48412  -37.134  2.077  50.798 0.0000000000
48414  -36.781  2.096  51.250 0.0000000000
48639  -25.722  -0.957  45.889 0.0000000000
48640  -25.132  -1.320  45.623 0.0000000000
54367  -44.275  -11.100  49.011 0.0000000000
56183  -33.127  -10.647  51.960 0.0000000000
56251  -32.386  -11.294  52.166 0.0000000000
57970  -49.131  -7.128  48.256 0.0000000000
57972  -49.194  -6.329  47.913 0.0000000000
57976  -48.970  -2.873  47.122 0.0000000000
58243  -22.320  -1.534  46.529 0.0000000000
58248  -21.067  -3.056  48.164 0.0000000000
58257  -25.632  -12.240  50.483 0.0000000000
58259  -24.718  -11.693  49.990 0.0000000000
65172  -46.082  -11.122  47.828 0.0000000000
65176  -48.380  -9.630  48.503 0.0000000000
65177  -48.379  -9.203  48.773 0.0000000000
65178  -48.618  -8.609  48.733 0.0000000000
70576  -43.126  -9.111  53.772 0.0000000000
70577  -43.088  -8.662  54.082 0.0000000000
70603  -38.561  -7.720  53.290 0.0000000000
70604  -39.348  -7.584  53.838 0.0000000000
70615  -34.775  -9.478  52.580 0.0000000000
70616  -34.992  -9.250  51.897 0.0000000000
70849  -28.384  -13.042  52.592 0.0000000000
76016  -47.771  0.754  46.577 0.0000000000
76018  -45.850  2.275  46.499 0.0000000000
76019  -46.335  2.159  46.385 0.0000000000
76025  -43.966  2.464  46.880 0.0000000000
76029  -43.118  2.817  47.213 0.0000000000
76096  -42.348  2.865  47.916 0.0000000000
76097  -42.122  2.837  48.313 0.0000000000
76099  -41.736  2.850  48.640 0.0000000000
76106  -39.523  1.521  48.716 0.0000000000
76107  -39.011  1.613  48.929 0.0000000000
76132  -33.568  1.135  51.004 0.0000000000
76133  -34.218  1.457  51.472 0.0000000000
76135  -34.869  1.706  51.912 0.0000000000
76136  -35.727  2.068  52.104 0.0000000000
76875  -22.876  -10.261  50.214 0.0000000000
76876  -22.587  -9.636  49.810 0.0000000000
76878  -22.396  -9.009  49.434 0.0000000000
76880  -21.958  -7.652  48.856 0.0000000000
76881  -21.719  -6.970  48.622 0.0000000000
76883  -21.441  -6.236  48.468 0.0000000000
76884  -21.243  -5.503  48.318 0.0000000000
94714  -29.785  -0.225  48.262 0.0000000000
94715  -30.281  0.005  48.954 0.0000000000
94852  -21.591  -2.323  47.250 0.0000000000
94855  -21.059  -3.860  48.211 0.0000000000
94857  -26.637  -12.680  51.121 0.0000000000
102252  -42.645  -8.132  54.692 0.0000000000
102253  -42.470  -8.067  55.086 0.0000000000
102254  -41.952  -7.738  54.946 0.0000000000
102255  -41.435  -7.517  54.948 0.0000000000
102269  -37.829  -8.003  52.780 0.0000000000
102271  -37.083  -8.227  52.191 0.0000000000
102272  -36.403  -8.484  51.715 0.0000000000
102273  -35.716  -8.775  51.109 0.0000000000
102408  -30.664  -12.303  51.996 0.0000000000
102409  -30.654  -12.507  52.739 0.0000000000
102413  -29.439  -13.007  52.855 0.0000000000
105518  -45.353  2.266  46.638 0.0000000000
105519  -44.882  2.542  46.460 0.0000000000
105526  -44.199  -9.671  51.632 0.0000000000
105564  -41.575  2.449  48.793 0.0000000000
105565  -41.323  1.977  48.804 0.0000000000
105566  -40.932  2.021  49.094 0.0000000000
105569  -38.564  1.735  49.331 0.0000000000
105570  -38.121  1.910  49.766 0.0000000000
105583  -32.555  0.835  50.839 0.0000000000
116049  -45.088  -11.192  48.408 0.0000000000
118587  -34.513  -9.738  52.892 0.0000000000
118590  -33.956  -10.019  52.280 0.0000000000
118689  -31.879  -11.509  51.908 0.0000000000
118690  -31.809  -11.857  52.618 0.0000000000
121099  -49.502  -5.011  47.529 0.0000000000
121105  -48.419  -0.932  46.713 0.0000000000
121160  -31.440  0.151  49.879 0.0000000000
121161  -30.613  0.081  49.447 0.0000000000
121162  -31.100  0.314  50.107 0.0000000000
121470  -24.591  -1.602  45.534 0.0000000000
121471  -24.095  -1.933  45.494 0.0000000000
121472  -23.825  -1.571  45.668 0.0000000000
121473  -23.505  -1.289  45.867 0.0000000000
121475  -23.029  -1.638  46.010 0.0000000000
121495  -26.219  -12.324  50.452 0.0000000000
130937  -47.287  -10.603  47.986 0.0000000000
130943  -48.883  -7.846  48.571 0.0000000000
131005  -29.391  -0.354  47.818 0.0000000000
131006  -29.142  -0.144  47.875 0.0000000000
131007  -28.917  0.134  48.102 0.0000000000
131264  -28.396  -0.230  47.539 0.0000000000
131265  -27.872  -0.577  47.016 0.0000000000
131266  -27.303  -0.977  46.542 0.0000000000
131269  -26.838  -1.142  46.185 0.0000000000
131270  -26.300  -1.500  45.816 0.0000000000
137772  -43.406  -9.288  52.895 0.0000000000
137780  -43.260  -9.213  53.333 0.0000000000
137811  -40.771  -7.393  54.641 0.0000000000
137813  -40.058  -7.419  54.222 0.0000000000
137828  -35.265  -8.993  51.481 0.0000000000
138115  -27.518  -12.948  51.805 0.0000000000
144431  -46.829  1.908  46.322 0.0000000000
144447  -43.595  -11.025  49.655 0.0000000000
144448  -43.629  -10.566  50.666 0.0000000000
144523  -42.734  2.835  47.568 0.0000000000
144536  -40.050  1.764  49.010 0.0000000000
144565  -32.982  0.862  50.573 0.0000000000
144566  -33.403  0.819  50.284 0.0000000000
144571  -36.279  2.108  51.723 0.0000000000
145455  -23.889  -11.298  50.255 0.0000000000
145464  -23.160  -10.472  49.933 0.0000000000
145469  -22.190  -8.375  49.128 0.0000000000
145476  -21.092  -4.643  48.252 0.0000000000
366  -29.086  0.560  48.642 0.0000000000
4054  -23.746  -0.653  45.993 0.0000000000
4057  -20.814  -3.424  48.631 0.0000000000
6175  -27.016  -0.659  46.629 0.0000000000
8051  -45.301  2.552  46.252 0.0000000000
8066  -34.388  1.754  52.227 0.0000000000
8169  -22.265  -9.266  50.087 0.0000000000
8170  -21.410  -6.566  49.019 0.0000000000
11660  -29.605  0.086  48.436 0.0000000000
11661  -30.445  0.419  49.566 0.0000000000
11739  -25.942  -12.483  51.084 0.0000000000
15847  -42.514  -8.564  55.470 0.0000000000
15849  -41.680  -7.695  55.432 0.0000000000
15856  -38.993  -7.655  54.432 0.0000000000
15857  -37.509  -8.138  53.259 0.0000000000
15859  -35.969  -8.720  52.015 0.0000000000
15933  -31.097  -12.585  53.627 0.0000000000
17665  -43.426  -9.907  52.098 0.0000000000
17688  -41.207  2.468  49.105 0.0000000000
17691  -38.703  2.102  50.038 0.0000000000
17692  -37.934  2.313  50.967 0.0000000000
17694  -36.999  2.350  51.944 0.0000000000
17699  -33.154  1.227  51.345 0.0000000000
17920  -25.396  -0.642  45.891 0.0000000000
17947  -21.861  -7.981  49.453 0.0000000000
24492  -35.327  -9.186  52.976 0.0000000000
24493  -34.932  -9.688  53.805 0.0000000000
24536  -32.283  -11.561  52.843 0.0000000000
25567  -49.276  -7.562  48.394 0.0000000000
25597  -31.312  0.736  50.734 0.0000000000
25728  -24.357  -1.229  45.648 0.0000000000
29649  -48.813  -9.017  48.593 0.0000000000
29767  -28.046  -0.108  47.543 0.0000000000
32166  -43.060  -9.725  52.888 0.0000000000
32168  -42.764  -9.627  53.803 0.0000000000
32179  -40.515  -7.484  55.305 0.0000000000
34466  -46.345  2.338  46.090 0.0000000000
34470  -42.598  3.006  47.081 0.0000000000
34497  -41.954  3.129  47.838 0.0000000000
34498  -41.303  3.240  48.679 0.0000000000
34501  -39.578  1.881  49.429 0.0000000000
34513  -35.901  2.351  52.776 0.0000000000
34812  -22.753  -10.516  50.889 0.0000000000
34817  -20.969  -5.040  48.737 0.0000000000
42380  -29.333  0.312  48.545 0.0000000000
46568  -42.201  -8.110  55.579 0.0000000000
46578  -36.736  -8.397  52.672 0.0000000000
46653  -31.079  -12.719  54.380 0.0000000000
46655  -30.562  -12.889  54.033 0.0000000000
46656  -29.908  -13.014  53.871 0.0000000000
48413  -37.371  2.339  51.534 0.0000000000
54365  -43.511  -11.354  48.589 0.0000000000
54366  -43.919  -11.436  48.298 0.0000000000
56181  -34.079  -10.347  53.560 0.0000000000
56182  -33.569  -10.642  53.031 0.0000000000
56184  -32.889  -10.986  52.354 0.0000000000
56252  -32.760  -11.311  53.094 0.0000000000
57971  -49.472  -6.751  48.175 0.0000000000
58019  -30.814  0.541  50.121 0.0000000000
58244  -22.463  -0.833  46.634 0.0000000000
58245  -22.044  -1.112  46.948 0.0000000000
58247  -21.679  -1.498  47.296 0.0000000000
58249  -21.092  -2.270  48.148 0.0000000000
58250  -20.851  -2.639  48.599 0.0000000000
58256  -25.493  -12.429  51.182 0.0000000000
58258  -25.061  -12.059  50.544 0.0000000000
58260  -24.653  -11.932  50.680 0.0000000000
65170  -45.304  -11.472  47.441 0.0000000000
65171  -45.812  -11.364  47.188 0.0000000000
70573  -42.823  -9.076  54.712 0.0000000000
70575  -42.984  -9.064  54.253 0.0000000000
70848  -28.891  -13.162  53.460 0.0000000000
70850  -28.421  -13.177  53.428 0.0000000000
70851  -27.897  -13.137  53.377 0.0000000000
76020  -45.824  2.473  46.123 0.0000000000
76024  -44.820  2.711  46.071 0.0000000000
76026  -43.917  2.759  46.520 0.0000000000
76027  -43.509  2.758  46.860 0.0000000000
76028  -42.961  2.964  46.748 0.0000000000
76031  -42.406  -11.130  49.848 0.0000000000
76032  -42.880  -10.823  50.509 0.0000000000
76098  -41.658  3.195  48.291 0.0000000000
76100  -40.859  2.492  49.423 0.0000000000
76131  -33.791  1.502  51.772 0.0000000000
76137  -35.149  2.035  52.538 0.0000000000
76793  -27.525  -0.436  47.076 0.0000000000
76801  -24.072  -0.902  45.810 0.0000000000
76867  -23.783  -11.528  50.938 0.0000000000
76868  -23.368  -11.330  51.125 0.0000000000
76874  -22.532  -9.939  50.450 0.0000000000
76879  -21.638  -7.241  49.247 0.0000000000
76885  -21.150  -5.813  48.847 0.0000000000
92526  -43.122  -11.287  48.998 0.0000000000
94716  -29.991  0.232  48.942 0.0000000000
94856  -26.930  -12.808  51.739 0.0000000000
94858  -26.347  -12.806  51.755 0.0000000000
102251  -42.745  -8.582  54.932 0.0000000000
102268  -38.308  -7.886  53.824 0.0000000000
102407  -31.073  -12.352  52.931 0.0000000000
102414  -29.487  -13.088  53.683 0.0000000000
105524  -43.331  -10.479  51.097 0.0000000000
105525  -43.619  -10.011  51.731 0.0000000000
105567  -40.544  2.121  49.387 0.0000000000
105571  -38.362  2.238  50.563 0.0000000000
105582  -32.175  0.833  51.038 0.0000000000
105584  -32.798  1.170  51.565 0.0000000000
105980  -26.514  -0.973  46.184 0.0000000000
105982  -26.190  -0.670  46.215 0.0000000000
105983  -25.917  -0.429  46.223 0.0000000000
106031  -22.094  -8.641  49.741 0.0000000000
116046  -44.844  -11.460  47.714 0.0000000000
116048  -44.391  -11.445  47.997 0.0000000000
118586  -35.086  -9.403  53.531 0.0000000000
118589  -34.291  -10.051  53.221 0.0000000000
118692  -32.159  -11.878  53.488 0.0000000000
118693  -31.636  -12.102  53.199 0.0000000000
121096  -49.788  -6.344  48.076 0.0000000000
121097  -49.793  -5.518  47.800 0.0000000000
121100  -49.723  -4.498  47.511 0.0000000000
121101  -49.518  -3.541  47.313 0.0000000000
121102  -49.213  -2.489  47.092 0.0000000000
121103  -48.925  -1.549  46.850 0.0000000000
121104  -48.654  -0.573  46.687 0.0000000000
121163  -31.598  0.532  50.558 0.0000000000
121476  -23.227  -0.926  46.116 0.0000000000
121477  -22.952  -0.596  46.464 0.0000000000
121484  -21.355  -1.932  47.713 0.0000000000
130934  -46.305  -11.231  46.968 0.0000000000
130935  -47.030  -10.920  47.417 0.0000000000
130938  -47.724  -10.452  47.791 0.0000000000
130939  -48.307  -9.933  48.073 0.0000000000
130940  -48.754  -9.397  48.332 0.0000000000
130942  -49.002  -8.418  48.527 0.0000000000
131263  -28.567  0.244  48.113 0.0000000000
137771  -43.227  -9.789  52.501 0.0000000000
137779  -42.926  -9.639  53.384 0.0000000000
137810  -41.148  -7.505  55.145 0.0000000000
137812  -39.789  -7.498  54.754 0.0000000000
137827  -35.616  -8.926  52.657 0.0000000000
138116  -27.479  -13.038  52.596 0.0000000000
144427  -48.334  0.338  46.509 0.0000000000
144428  -47.972  1.043  46.364 0.0000000000
144429  -47.448  1.607  46.253 0.0000000000
144432  -46.856  2.073  46.026 0.0000000000
144439  -44.317  2.775  46.270 0.0000000000
144446  -42.768  -11.202  49.417 0.0000000000
144524  -42.258  3.115  47.467 0.0000000000
144529  -41.433  2.948  48.904 0.0000000000
144537  -40.081  2.143  49.639 0.0000000000
144538  -39.179  1.949  49.600 0.0000000000
144572  -36.487  2.366  52.438 0.0000000000
145376  -24.846  -0.999  45.703 0.0000000000
145454  -24.185  -11.708  50.822 0.0000000000
145463  -23.082  -10.855  50.650 0.0000000000
145477  -20.870  -4.288  48.674 0.0000000000
1460  -31.036  -12.872  55.010 0.0000000000
1805  -49.162  -1.106  46.701 0.0000000000
3369  -33.279  -11.006  53.345 0.0000000000
3966  -50.067  -5.088  47.697 0.0000000000
4060  -25.034  -12.301  51.301 0.0000000000
6124  -47.459  -10.746  47.229 0.0000000000
7203  -42.579  -10.748  50.955 0.0000000000
7246  -28.838  -13.244  54.171 0.0000000000
8050  -47.490  1.743  45.890 0.0000000000
8062  -40.459  2.579  49.797 0.0000000000
8168  -23.323  -11.648  51.828 0.0000000000
10443  -43.156  -11.607  47.955 0.0000000000
10444  -42.355  -11.432  48.722 0.0000000000
11048  -34.539  -10.311  54.671 0.0000000000
11738  -26.977  -13.039  52.549 0.0000000000
14044  -45.945  -11.495  46.260 0.0000000000
15846  -42.506  -9.548  54.819 0.0000000000
15937  -29.967  -13.154  54.612 0.0000000000
17653  -49.752  -3.118  47.234 0.0000000000
17659  -48.503  0.684  46.325 0.0000000000
17698  -32.382  1.212  51.750 0.0000000000
17919  -26.420  -0.092  46.630 0.0000000000
17921  -23.181  0.088  46.571 0.0000000000
23403  -44.969  -11.680  46.757 0.0000000000
23404  -44.020  -11.744  47.363 0.0000000000
24537  -32.065  -12.150  54.155 0.0000000000
25568  -50.070  -6.864  48.139 0.0000000000
25731  -22.218  -0.393  47.043 0.0000000000
25733  -21.471  -1.156  47.723 0.0000000000
25734  -20.905  -1.875  48.612 0.0000000000
29646  -48.758  -9.730  47.906 0.0000000000
32163  -41.577  -11.394  49.568 0.0000000000
32284  -27.721  -13.269  53.935 0.0000000000
34468  -44.195  2.894  45.808 0.0000000000
34469  -43.313  2.938  46.396 0.0000000000
34809  -24.108  -12.035  51.472 0.0000000000
42381  -29.765  0.469  49.065 0.0000000000
42382  -29.504  0.754  49.214 0.0000000000
42384  -29.244  1.014  49.234 0.0000000000
42452  -28.726  0.725  48.697 0.0000000000
42459  -26.483  -13.049  52.529 0.0000000000
46566  -42.476  -8.977  55.630 0.0000000000
46567  -42.284  -8.550  55.933 0.0000000000
46569  -42.068  -8.105  56.080 0.0000000000
46576  -37.858  -8.070  54.354 0.0000000000
46577  -37.122  -8.329  53.764 0.0000000000
46579  -36.316  -8.603  53.139 0.0000000000
46657  -30.383  -13.035  54.695 0.0000000000
48373  -49.481  -2.091  46.969 0.0000000000
48379  -48.850  -0.157  46.548 0.0000000000
48419  -33.044  1.538  52.251 0.0000000000
56178  -35.515  -9.388  54.473 0.0000000000
56179  -35.431  -9.658  54.974 0.0000000000
56180  -33.995  -10.638  54.083 0.0000000000
56254  -32.691  -11.899  54.582 0.0000000000
58018  -30.623  0.827  50.173 0.0000000000
58020  -31.035  0.961  50.782 0.0000000000
58021  -31.511  1.166  51.343 0.0000000000
58246  -21.828  -0.740  47.363 0.0000000000
58251  -20.673  -2.323  49.011 0.0000000000
58252  -20.650  -3.025  49.053 0.0000000000
65169  -48.189  -10.269  47.591 0.0000000000
70568  -42.618  -10.214  52.404 0.0000000000
70569  -42.479  -10.176  52.822 0.0000000000
70574  -42.627  -9.607  54.255 0.0000000000
70601  -40.889  -7.586  55.953 0.0000000000
70602  -40.196  -7.574  55.730 0.0000000000
70852  -28.272  -13.218  54.043 0.0000000000
75993  -50.127  -5.920  47.930 0.0000000000
76014  -46.816  2.090  45.583 0.0000000000
76021  -45.722  2.581  45.704 0.0000000000
76022  -45.246  2.701  45.902 0.0000000000
76023  -44.680  2.845  45.612 0.0000000000
76030  -42.036  -11.072  50.309 0.0000000000
76101  -41.032  2.922  49.341 0.0000000000
76102  -40.733  2.992  49.703 0.0000000000
76108  -38.889  2.497  50.817 0.0000000000
76109  -39.320  2.324  50.312 0.0000000000
76794  -27.732  0.106  47.628 0.0000000000
76795  -27.200  -0.139  47.110 0.0000000000
76796  -26.146  0.194  46.627 0.0000000000
76802  -24.597  -0.555  45.851 0.0000000000
76803  -24.318  -0.248  46.025 0.0000000000
76866  -23.715  -11.879  51.635 0.0000000000
76872  -22.223  -9.630  50.765 0.0000000000
76873  -22.422  -10.263  51.159 0.0000000000
92525  -42.768  -11.498  48.326 0.0000000000
93655  -33.201  -11.293  54.148 0.0000000000
94717  -30.223  0.675  49.648 0.0000000000
94859  -25.950  -12.727  51.798 0.0000000000
94860  -25.423  -12.620  51.867 0.0000000000
99006  -46.800  -11.077  46.776 0.0000000000
102250  -42.657  -9.041  55.126 0.0000000000
102266  -39.473  -7.642  55.396 0.0000000000
102267  -38.707  -7.760  54.843 0.0000000000
102415  -29.359  -13.182  54.304 0.0000000000
105501  -49.920  -4.093  47.487 0.0000000000
105513  -48.039  1.227  46.095 0.0000000000
105523  -43.056  -10.347  51.553 0.0000000000
105572  -38.568  2.574  51.252 0.0000000000
105574  -38.092  2.594  51.726 0.0000000000
105575  -37.645  2.636  52.222 0.0000000000
105576  -37.196  2.684  52.691 0.0000000000
105585  -33.377  1.535  52.041 0.0000000000
105586  -34.064  1.858  52.439 0.0000000000
105587  -34.714  2.128  52.880 0.0000000000
105981  -26.707  -0.408  46.635 0.0000000000
105984  -25.665  0.061  46.219 0.0000000000
105985  -23.462  -0.265  46.270 0.0000000000
105986  -24.017  0.025  46.151 0.0000000000
106030  -22.013  -8.937  50.398 0.0000000000
106032  -21.774  -8.224  50.086 0.0000000000
106033  -21.586  -7.610  49.853 0.0000000000
106034  -21.366  -6.866  49.635 0.0000000000
106035  -21.164  -6.164  49.437 0.0000000000
116045  -44.490  -11.716  47.053 0.0000000000
116047  -43.583  -11.692  47.636 0.0000000000
118584  -36.012  -8.859  53.611 0.0000000000
118585  -35.667  -9.101  53.952 0.0000000000
118588  -34.705  -9.985  54.272 0.0000000000
118691  -32.752  -11.609  53.843 0.0000000000
118694  -31.553  -12.414  53.824 0.0000000000
118695  -31.615  -12.611  54.746 0.0000000000
118696  -31.484  -12.734  55.261 0.0000000000
121093  -49.444  -8.091  48.390 0.0000000000
121095  -49.696  -7.209  48.254 0.0000000000
121164  -31.817  0.984  51.329 0.0000000000
121478  -22.671  -0.169  46.756 0.0000000000
121485  -21.159  -1.484  48.135 0.0000000000
130932  -49.226  -9.115  48.168 0.0000000000
130933  -45.476  -11.621  46.490 0.0000000000
130941  -49.200  -8.818  48.432 0.0000000000
137770  -42.806  -10.234  52.019 0.0000000000
137777  -42.237  -10.067  53.782 0.0000000000
137778  -42.329  -10.130  53.291 0.0000000000
137809  -41.548  -7.808  56.129 0.0000000000
138117  -27.414  -13.158  53.288 0.0000000000
144433  -46.252  2.401  45.601 0.0000000000
144440  -43.689  2.916  46.057 0.0000000000
144442  -42.730  3.074  46.314 0.0000000000
144443  -42.396  3.147  46.569 0.0000000000
144444  -42.050  3.247  46.977 0.0000000000
144445  -41.947  -11.403  49.133 0.0000000000
144525  -41.765  3.380  47.356 0.0000000000
144526  -41.512  3.414  47.777 0.0000000000
144527  -41.116  3.569  48.294 0.0000000000
144528  -40.922  3.649  48.672 0.0000000000
144530  -41.056  3.310  49.065 0.0000000000
144539  -39.730  2.292  50.030 0.0000000000
144540  -40.131  2.570  50.074 0.0000000000
144573  -36.645  2.713  53.114 0.0000000000
144574  -35.378  2.389  53.230 0.0000000000
144575  -36.122  2.746  53.484 0.0000000000
145367  -28.199  0.347  48.095 0.0000000000
145377  -25.112  -0.359  45.956 0.0000000000
145453  -24.566  -12.110  51.325 0.0000000000
145461  -22.670  -10.861  51.607 0.0000000000
145462  -23.001  -11.105  51.325 0.0000000000
145478  -20.933  -5.414  49.269 0.0000000000
145479  -20.776  -4.626  49.163 0.0000000000
145480  -20.670  -3.874  49.110 0.0000000000
