#!ascii label  , from subject  vox2ras=TkReg
426
60465  -11.273  16.273  32.000 0.0000000000
60467  -10.840  15.817  32.218 0.0000000000
4795  -11.420  15.849  32.403 0.0000000000
27063  -11.092  16.784  31.577 0.0000000000
60466  -10.631  16.350  31.827 0.0000000000
134104  -11.679  16.718  31.767 0.0000000000
134105  -11.830  16.293  32.194 0.0000000000
124590  -9.996  16.382  31.616 0.0000000000
27065  -10.194  15.862  31.991 0.0000000000
124589  -10.421  16.877  31.423 0.0000000000
96184  -11.007  15.385  32.610 0.0000000000
124592  -10.417  15.376  32.406 0.0000000000
12476  -10.618  14.974  32.825 0.0000000000
96183  -11.552  15.414  32.841 0.0000000000
96185  -11.158  14.978  33.042 0.0000000000
12475  -11.654  14.995  33.305 0.0000000000
43196  -11.263  14.585  33.491 0.0000000000
96186  -10.783  14.599  33.281 0.0000000000
12477  -10.891  14.174  33.663 0.0000000000
96187  -10.423  14.153  33.366 0.0000000000
60468  -10.282  14.548  32.988 0.0000000000
96189  -10.554  13.747  33.800 0.0000000000
4797  -10.020  14.093  33.125 0.0000000000
96188  -10.178  13.687  33.519 0.0000000000
124602  -9.987  13.217  33.717 0.0000000000
12478  -10.319  13.294  33.967 0.0000000000
60474  -9.814  13.622  33.324 0.0000000000
43198  -11.006  13.798  34.100 0.0000000000
96190  -10.692  13.366  34.255 0.0000000000
12479  -11.125  13.453  34.548 0.0000000000
96191  -10.799  13.029  34.668 0.0000000000
60475  -10.439  12.924  34.394 0.0000000000
153526  -11.172  13.082  35.049 0.0000000000
124587  -10.918  17.313  31.154 0.0000000000
124588  -10.175  17.372  31.037 0.0000000000
27064  -9.739  16.891  31.265 0.0000000000
124591  -9.685  15.880  31.771 0.0000000000
83483  -9.466  16.376  31.408 0.0000000000
4796  -9.299  15.898  31.600 0.0000000000
124593  -9.905  15.381  32.163 0.0000000000
124594  -9.518  15.391  31.969 0.0000000000
60469  -10.085  14.938  32.580 0.0000000000
27066  -9.700  14.909  32.353 0.0000000000
124595  -9.311  14.931  32.199 0.0000000000
60471  -9.516  14.461  32.566 0.0000000000
60476  -10.138  12.835  34.126 0.0000000000
30813  -12.240  16.779  32.007 0.0000000000
67673  -12.099  17.245  31.575 0.0000000000
134103  -11.519  17.240  31.348 0.0000000000
134107  -12.350  16.375  32.476 0.0000000000
134108  -11.953  15.876  32.657 0.0000000000
30814  -12.421  15.961  32.970 0.0000000000
67676  -12.753  16.529  32.857 0.0000000000
134106  -12.696  16.930  32.368 0.0000000000
134109  -12.052  15.425  33.134 0.0000000000
67678  -12.443  15.548  33.484 0.0000000000
134110  -12.091  15.043  33.626 0.0000000000
30815  -12.457  15.165  33.989 0.0000000000
134111  -12.135  14.668  34.125 0.0000000000
43195  -11.733  14.603  33.783 0.0000000000
510  -11.817  14.242  34.264 0.0000000000
153496  -12.480  14.826  34.526 0.0000000000
153497  -12.186  14.332  34.659 0.0000000000
37511  -12.440  14.454  35.056 0.0000000000
83541  -12.676  14.989  34.935 0.0000000000
153495  -12.735  15.328  34.407 0.0000000000
153523  -12.164  13.927  35.190 0.0000000000
153524  -11.874  13.823  34.787 0.0000000000
37520  -11.853  13.479  35.301 0.0000000000
83564  -12.111  13.554  35.702 0.0000000000
153522  -12.379  14.070  35.559 0.0000000000
153525  -11.514  13.469  34.908 0.0000000000
43199  -11.476  13.853  34.403 0.0000000000
83566  -11.517  13.107  35.413 0.0000000000
37519  -12.259  13.696  36.041 0.0000000000
153521  -12.534  14.234  35.925 0.0000000000
83542  -12.592  14.613  35.450 0.0000000000
153520  -12.426  13.928  36.414 0.0000000000
153518  -12.551  14.453  36.361 0.0000000000
9089  -12.641  14.799  35.867 0.0000000000
83562  -12.198  13.400  36.526 0.0000000000
153519  -12.326  13.580  36.916 0.0000000000
37518  -12.453  14.102  36.838 0.0000000000
37510  -12.885  15.571  34.891 0.0000000000
153494  -12.953  15.891  34.342 0.0000000000
67679  -12.744  15.703  33.880 0.0000000000
153493  -13.036  16.207  34.873 0.0000000000
153491  -13.109  16.555  34.333 0.0000000000
6623  -12.993  16.287  33.818 0.0000000000
83539  -12.876  15.805  35.370 0.0000000000
153492  -12.930  16.447  35.365 0.0000000000
37509  -13.106  16.866  34.862 0.0000000000
20166  -12.738  16.052  35.866 0.0000000000
110026  -12.725  16.709  35.845 0.0000000000
83537  -12.964  17.116  35.392 0.0000000000
153490  -13.236  17.223  34.366 0.0000000000
100511  -13.202  16.924  33.809 0.0000000000
83536  -13.164  17.515  34.906 0.0000000000
153489  -13.337  17.886  34.395 0.0000000000
14879  -13.375  17.598  33.858 0.0000000000
37508  -13.191  18.176  34.924 0.0000000000
153488  -13.405  18.573  34.393 0.0000000000
45599  -13.510  18.270  33.841 0.0000000000
14878  -13.045  17.111  32.800 0.0000000000
100508  -13.008  17.520  32.289 0.0000000000
67674  -12.631  17.340  31.863 0.0000000000
30812  -11.940  17.739  31.146 0.0000000000
134102  -11.334  17.788  30.933 0.0000000000
134101  -11.749  18.254  30.740 0.0000000000
134093  -11.087  18.290  30.559 0.0000000000
1118  -10.641  17.832  30.794 0.0000000000
67671  -12.362  18.267  30.965 0.0000000000
134100  -12.138  18.768  30.546 0.0000000000
30809  -11.522  18.751  30.346 0.0000000000
30811  -12.683  18.861  30.802 0.0000000000
134099  -12.467  19.351  30.353 0.0000000000
67664  -11.898  19.260  30.126 0.0000000000
134098  -12.967  19.454  30.708 0.0000000000
134096  -12.814  19.910  30.233 0.0000000000
67669  -13.091  18.995  31.206 0.0000000000
134097  -13.334  19.649  31.199 0.0000000000
30810  -13.234  20.067  30.657 0.0000000000
14876  -13.408  19.207  31.702 0.0000000000
100504  -13.578  19.901  31.702 0.0000000000
67667  -13.516  20.303  31.139 0.0000000000
134095  -13.100  20.513  30.116 0.0000000000
67666  -13.436  20.699  30.571 0.0000000000
134092  -10.830  18.797  30.186 0.0000000000
50865  -10.360  18.345  30.436 0.0000000000
67663  -11.274  19.247  29.948 0.0000000000
134091  -10.555  19.293  29.834 0.0000000000
20145  -10.044  18.863  30.102 0.0000000000
153426  -9.542  17.376  30.902 0.0000000000
50867  -9.914  17.881  30.693 0.0000000000
100510  -13.298  17.336  33.295 0.0000000000
67675  -13.061  16.697  33.313 0.0000000000
45598  -13.487  17.992  33.299 0.0000000000
100509  -13.307  17.733  32.767 0.0000000000
14877  -13.508  18.388  32.747 0.0000000000
100507  -13.277  18.136  32.231 0.0000000000
6622  -12.972  17.958  31.785 0.0000000000
100506  -13.498  18.775  32.222 0.0000000000
67668  -13.206  18.564  31.724 0.0000000000
45596  -13.625  19.076  32.745 0.0000000000
100505  -13.618  19.479  32.217 0.0000000000
14875  -13.642  19.805  32.744 0.0000000000
100503  -13.658  20.200  32.196 0.0000000000
3038  -13.648  20.590  31.637 0.0000000000
117212  -13.642  20.922  32.163 0.0000000000
117213  -13.594  20.534  32.728 0.0000000000
83565  -11.821  13.134  35.797 0.0000000000
83567  -11.482  12.759  35.908 0.0000000000
9092  -11.752  12.793  36.320 0.0000000000
83563  -12.008  13.219  36.183 0.0000000000
83561  -11.959  12.906  36.701 0.0000000000
20174  -12.131  13.076  37.043 0.0000000000
83540  -12.749  15.190  35.382 0.0000000000
83538  -12.713  15.415  35.867 0.0000000000
110028  -12.585  15.636  36.386 0.0000000000
110029  -12.593  15.009  36.352 0.0000000000
83535  -12.976  17.787  35.424 0.0000000000
83485  -9.052  16.418  31.252 0.0000000000
83484  -9.267  16.880  31.080 0.0000000000
67677  -12.773  16.101  33.358 0.0000000000
67672  -12.499  17.807  31.422 0.0000000000
67670  -12.846  18.401  31.303 0.0000000000
67665  -13.641  20.970  31.060 0.0000000000
117209  -13.683  21.298  31.601 0.0000000000
60472  -9.653  14.034  32.944 0.0000000000
60470  -9.871  14.500  32.745 0.0000000000
50866  -9.620  18.397  30.353 0.0000000000
20147  -9.295  17.899  30.562 0.0000000000
1119  -13.542  18.980  33.820 0.0000000000
45597  -13.622  18.657  33.272 0.0000000000
45595  -13.596  19.404  33.279 0.0000000000
117214  -13.528  20.124  33.285 0.0000000000
117215  -13.456  19.715  33.829 0.0000000000
43197  -11.366  14.213  33.943 0.0000000000
153427  -9.042  17.383  30.741 0.0000000000
153479  -13.313  19.265  34.382 0.0000000000
37488  -8.821  16.929  30.925 0.0000000000
117211  -13.589  21.632  32.141 0.0000000000
23902  -13.495  21.254  32.704 0.0000000000
55196  -13.360  21.959  32.653 0.0000000000
55198  -13.418  20.839  33.282 0.0000000000
23903  -13.319  20.430  33.837 0.0000000000
55197  -13.259  21.544  33.256 0.0000000000
67625  -11.811  31.644  28.184 0.0000000000
134042  -11.304  31.968  28.582 0.0000000000
30791  -11.642  32.381  27.943 0.0000000000
67624  -12.291  31.331  27.838 0.0000000000
14862  -11.976  30.899  28.425 0.0000000000
67626  -12.146  32.027  27.559 0.0000000000
134041  -11.470  31.205  28.809 0.0000000000
6614  -12.590  31.656  27.148 0.0000000000
67628  -12.426  32.359  26.876 0.0000000000
67627  -11.991  32.715  27.280 0.0000000000
134045  -11.774  33.475  27.036 0.0000000000
30792  -12.255  33.066  26.581 0.0000000000
134044  -11.413  33.149  27.724 0.0000000000
67630  -12.843  31.966  26.458 0.0000000000
67629  -12.690  32.679  26.173 0.0000000000
30793  -13.090  32.262  25.746 0.0000000000
100482  -12.975  31.252  26.710 0.0000000000
134050  -13.193  31.542  26.000 0.0000000000
14864  -13.323  30.813  26.241 0.0000000000
100481  -12.751  30.936  27.400 0.0000000000
100483  -13.142  30.523  26.953 0.0000000000
14863  -12.907  30.178  27.627 0.0000000000
45584  -13.259  29.739  27.169 0.0000000000
100484  -13.448  30.056  26.460 0.0000000000
14865  -13.508  29.266  26.647 0.0000000000
100485  -13.616  29.578  25.905 0.0000000000
67631  -13.606  30.331  25.739 0.0000000000
100487  -13.630  28.843  26.080 0.0000000000
6615  -13.671  29.856  25.210 0.0000000000
100486  -13.663  29.111  25.403 0.0000000000
134060  -13.571  28.679  24.868 0.0000000000
14866  -13.642  28.390  25.534 0.0000000000
67637  -13.629  29.401  24.691 0.0000000000
45586  -13.563  28.498  26.806 0.0000000000
100488  -13.659  28.052  26.223 0.0000000000
14867  -13.606  27.681  26.960 0.0000000000
100489  -13.659  27.231  26.361 0.0000000000
67638  -13.588  27.602  25.684 0.0000000000
6617  -13.503  26.849  25.866 0.0000000000
134067  -13.623  26.894  27.070 0.0000000000
134068  -13.581  26.482  26.527 0.0000000000
100478  -11.658  30.450  29.041 0.0000000000
67623  -11.148  30.740  29.440 0.0000000000
30790  -10.951  31.505  29.223 0.0000000000
134043  -11.106  32.721  28.371 0.0000000000
134040  -10.769  32.269  29.016 0.0000000000
6613  -10.602  32.959  28.792 0.0000000000
67620  -10.908  33.426  28.145 0.0000000000
30789  -11.238  33.857  27.469 0.0000000000
134046  -12.059  33.784  26.354 0.0000000000
134037  -11.560  34.201  26.791 0.0000000000
1114  -11.855  34.475  26.076 0.0000000000
124525  -12.325  34.062  25.645 0.0000000000
67632  -13.494  31.090  25.505 0.0000000000
134051  -13.395  31.836  25.285 0.0000000000
30797  -13.463  28.989  24.167 0.0000000000
67639  -13.473  27.952  25.038 0.0000000000
134061  -13.321  28.281  24.414 0.0000000000
30798  -13.142  27.569  24.608 0.0000000000
30800  -13.633  26.103  27.243 0.0000000000
67644  -13.591  26.500  27.767 0.0000000000
134066  -13.522  27.308  27.648 0.0000000000
134070  -13.537  25.732  26.747 0.0000000000
134071  -13.379  26.126  26.073 0.0000000000
30801  -13.210  25.419  26.283 0.0000000000
67647  -13.387  25.001  26.904 0.0000000000
134069  -13.602  25.338  27.420 0.0000000000
134072  -12.995  25.816  25.662 0.0000000000
67642  -13.204  26.502  25.426 0.0000000000
30799  -12.732  26.225  25.049 0.0000000000
67649  -12.735  25.153  25.890 0.0000000000
134073  -12.468  25.567  25.312 0.0000000000
14869  -13.497  24.585  27.559 0.0000000000
100491  -13.645  24.955  28.107 0.0000000000
67645  -13.651  25.736  27.965 0.0000000000
23896  -13.430  26.903  28.318 0.0000000000
117196  -13.307  27.728  28.172 0.0000000000
45587  -13.441  28.111  27.496 0.0000000000
134039  -10.423  31.774  29.637 0.0000000000
100476  -10.221  32.515  29.415 0.0000000000
67622  -10.616  31.035  29.816 0.0000000000
134038  -10.057  31.283  30.254 0.0000000000
14860  -9.871  32.000  30.085 0.0000000000
23892  -10.214  30.557  30.452 0.0000000000
117186  -9.680  30.760  30.898 0.0000000000
45580  -9.536  31.487  30.724 0.0000000000
134036  -11.081  34.479  27.183 0.0000000000
50821  -11.400  34.833  26.481 0.0000000000
67619  -10.731  34.079  27.871 0.0000000000
134035  -10.572  34.708  27.517 0.0000000000
20101  -10.930  35.089  26.799 0.0000000000
30788  -10.196  34.278  28.223 0.0000000000
134034  -10.005  34.936  27.829 0.0000000000
109909  -10.394  35.338  27.105 0.0000000000
134033  -9.595  34.477  28.582 0.0000000000
134031  -9.383  35.171  28.151 0.0000000000
6612  -9.817  35.581  27.410 0.0000000000
67617  -9.821  33.831  28.925 0.0000000000
134032  -9.224  34.030  29.305 0.0000000000
30787  -8.961  34.713  28.959 0.0000000000
14859  -9.495  33.343  29.586 0.0000000000
100473  -8.924  33.508  30.019 0.0000000000
67615  -8.619  34.198  29.755 0.0000000000
134030  -8.718  35.370  28.559 0.0000000000
83341  -9.127  35.816  27.745 0.0000000000
67614  -8.353  34.863  29.437 0.0000000000
134029  -8.116  35.544  29.016 0.0000000000
30786  -8.534  36.029  28.111 0.0000000000
30785  -7.827  35.024  29.934 0.0000000000
134027  -7.629  35.756  29.521 0.0000000000
134028  -7.996  36.238  28.540 0.0000000000
153255  -8.430  36.707  27.648 0.0000000000
251  -7.516  36.514  29.019 0.0000000000
43180  -7.894  36.979  28.041 0.0000000000
140785  -7.332  36.071  30.082 0.0000000000
140786  -7.499  35.305  30.462 0.0000000000
124526  -12.128  34.775  25.296 0.0000000000
117195  -12.981  28.116  28.652 0.0000000000
1115  -13.173  28.513  27.997 0.0000000000
117197  -13.139  27.299  28.848 0.0000000000
23895  -12.726  27.691  29.303 0.0000000000
117194  -12.538  28.469  29.089 0.0000000000
45581  -12.815  28.940  28.466 0.0000000000
55184  -12.258  28.034  29.730 0.0000000000
117193  -12.043  28.827  29.513 0.0000000000
14861  -12.344  29.306  28.900 0.0000000000
23894  -11.754  28.373  30.148 0.0000000000
117192  -11.512  29.170  29.906 0.0000000000
100477  -11.833  29.651  29.298 0.0000000000
117191  -11.168  28.663  30.523 0.0000000000
117189  -10.945  29.482  30.279 0.0000000000
3034  -11.325  29.960  29.677 0.0000000000
55182  -11.445  27.826  30.748 0.0000000000
117190  -10.837  28.128  31.083 0.0000000000
23893  -10.585  28.953  30.877 0.0000000000
117188  -10.382  29.776  30.669 0.0000000000
67621  -10.761  30.312  30.048 0.0000000000
117185  -9.360  30.225  31.547 0.0000000000
1113  -9.187  30.913  31.383 0.0000000000
117187  -9.854  30.045  31.082 0.0000000000
109911  -10.806  35.726  26.357 0.0000000000
109910  -10.273  35.982  26.654 0.0000000000
100490  -13.687  24.549  28.830 0.0000000000
3036  -13.636  25.355  28.675 0.0000000000
100492  -13.591  24.175  28.291 0.0000000000
14868  -13.672  23.738  28.998 0.0000000000
117202  -13.604  24.916  29.354 0.0000000000
117203  -13.675  24.081  29.516 0.0000000000
100480  -12.493  30.539  28.056 0.0000000000
45582  -12.642  29.758  28.286 0.0000000000
100479  -12.159  30.120  28.665 0.0000000000
100475  -9.667  32.690  29.845 0.0000000000
67616  -10.026  33.199  29.182 0.0000000000
100474  -9.146  32.828  30.280 0.0000000000
100472  -8.642  32.978  30.740 0.0000000000
6611  -8.360  33.634  30.512 0.0000000000
140791  -8.187  33.102  31.193 0.0000000000
83343  -9.652  36.237  26.974 0.0000000000
83342  -8.999  36.500  27.262 0.0000000000
67648  -12.993  24.727  26.472 0.0000000000
67646  -13.213  24.267  27.119 0.0000000000
100493  -13.374  23.846  27.796 0.0000000000
67643  -13.543  26.132  28.497 0.0000000000
117198  -13.326  26.475  28.998 0.0000000000
117199  -13.481  25.700  29.228 0.0000000000
67640  -13.345  27.212  25.218 0.0000000000
67641  -12.944  26.891  24.810 0.0000000000
67635  -13.639  30.138  24.477 0.0000000000
67636  -13.524  29.696  23.952 0.0000000000
67633  -13.630  30.616  25.022 0.0000000000
67618  -10.380  33.624  28.570 0.0000000000
67613  -8.082  34.317  30.248 0.0000000000
140787  -7.678  34.532  30.728 0.0000000000
140788  -7.922  33.807  30.981 0.0000000000
55183  -11.999  27.580  30.362 0.0000000000
55185  -12.516  27.242  29.932 0.0000000000
3035  -12.332  26.722  30.620 0.0000000000
55181  -11.789  27.008  30.974 0.0000000000
10714  -11.173  27.281  31.343 0.0000000000
93014  -11.601  26.480  31.583 0.0000000000
93015  -12.172  26.200  31.214 0.0000000000
50823  -11.707  35.150  25.698 0.0000000000
50822  -11.305  35.440  26.065 0.0000000000
45585  -13.356  28.911  27.335 0.0000000000
45583  -13.046  29.365  27.833 0.0000000000
43178  -7.428  37.338  28.541 0.0000000000
43179  -7.808  37.761  27.662 0.0000000000
12460  -8.355  37.386  27.194 0.0000000000
96155  -8.269  38.154  26.875 0.0000000000
12458  -7.400  38.149  28.258 0.0000000000
96154  -7.764  38.510  27.413 0.0000000000
140757  -7.212  37.701  29.270 0.0000000000
140758  -7.230  36.877  29.635 0.0000000000
55186  -12.961  26.877  29.477 0.0000000000
45589  -13.481  23.418  28.468 0.0000000000
96156  -8.904  37.786  26.491 0.0000000000
153256  -8.944  37.123  26.859 0.0000000000
55187  -12.794  26.433  30.151 0.0000000000
93016  -12.654  25.902  30.857 0.0000000000
109912  -11.162  36.091  25.631 0.0000000000
20103  -11.600  35.770  25.292 0.0000000000
153264  -11.982  35.458  24.918 0.0000000000
23897  -13.178  26.083  29.698 0.0000000000
117200  -13.056  25.633  30.391 0.0000000000
37431  -9.525  36.905  26.555 0.0000000000
153258  -10.101  36.636  26.258 0.0000000000
10716  -12.956  25.108  31.044 0.0000000000
93017  -12.515  25.392  31.458 0.0000000000
12459  -8.269  38.838  26.669 0.0000000000
60416  -8.875  38.479  26.205 0.0000000000
4780  -9.493  38.130  25.830 0.0000000000
153257  -9.452  37.539  26.168 0.0000000000
20102  -10.673  36.370  25.931 0.0000000000
109913  -11.498  36.373  24.874 0.0000000000
83344  -11.067  36.688  25.179 0.0000000000
9063  -11.405  36.979  24.425 0.0000000000
153265  -11.894  36.048  24.536 0.0000000000
153266  -11.807  36.667  24.109 0.0000000000
117201  -13.377  25.278  29.896 0.0000000000
55189  -13.307  24.803  30.568 0.0000000000
23898  -13.546  24.454  30.050 0.0000000000
153259  -10.001  37.274  25.845 0.0000000000
153260  -9.988  37.872  25.484 0.0000000000
83345  -10.530  36.996  25.519 0.0000000000
37432  -10.476  37.597  25.096 0.0000000000
153261  -10.472  38.174  24.816 0.0000000000
60420  -9.977  38.488  25.223 0.0000000000
27036  -10.450  38.819  24.639 0.0000000000
83347  -10.960  37.869  24.408 0.0000000000
153262  -10.974  38.481  24.206 0.0000000000
37433  -11.373  38.181  23.765 0.0000000000
153269  -11.749  37.247  23.694 0.0000000000
153270  -11.757  37.866  23.384 0.0000000000
83348  -11.328  37.568  24.003 0.0000000000
83346  -10.975  37.299  24.735 0.0000000000
60418  -9.438  38.838  25.605 0.0000000000
60419  -9.933  39.175  25.043 0.0000000000
27035  -9.394  39.541  25.448 0.0000000000
60417  -8.872  39.159  26.033 0.0000000000
