#!ascii label  , from subject  vox2ras=TkReg
2141
100515  -11.078  14.505  44.046 0.0000000000
14882  -11.072  14.170  44.545 0.0000000000
45601  -10.982  14.732  44.534 0.0000000000
100516  -11.119  13.962  44.032 0.0000000000
100514  -10.952  15.070  44.007 0.0000000000
14881  -11.037  14.861  43.513 0.0000000000
67683  -11.117  14.302  43.521 0.0000000000
6626  -11.149  13.731  43.511 0.0000000000
134124  -11.063  13.611  44.542 0.0000000000
134125  -11.089  13.407  44.000 0.0000000000
30821  -10.966  13.057  44.516 0.0000000000
67689  -10.947  13.249  45.068 0.0000000000
134123  -11.059  13.816  45.078 0.0000000000
134127  -11.021  12.839  43.971 0.0000000000
134128  -11.172  13.167  43.472 0.0000000000
30822  -11.084  12.571  43.467 0.0000000000
67692  -10.902  12.255  43.941 0.0000000000
134126  -10.856  12.491  44.457 0.0000000000
134129  -11.243  12.872  42.967 0.0000000000
67687  -11.242  13.457  42.980 0.0000000000
30820  -11.362  13.171  42.456 0.0000000000
67694  -11.205  12.281  42.975 0.0000000000
134130  -11.376  12.622  42.485 0.0000000000
30823  -11.324  12.073  42.496 0.0000000000
134131  -11.488  12.434  42.009 0.0000000000
134122  -11.517  12.938  41.974 0.0000000000
134132  -11.439  11.893  42.026 0.0000000000
1121  -11.622  12.723  41.543 0.0000000000
124619  -11.564  12.166  41.584 0.0000000000
27077  -11.465  11.603  41.616 0.0000000000
67696  -11.246  11.541  42.482 0.0000000000
134133  -11.327  11.322  42.043 0.0000000000
30824  -11.123  11.006  42.487 0.0000000000
134134  -11.164  10.786  42.080 0.0000000000
60488  -11.339  11.079  41.638 0.0000000000
4803  -11.200  10.586  41.658 0.0000000000
134136  -10.936  10.463  42.535 0.0000000000
134137  -11.006  10.280  42.076 0.0000000000
30825  -10.809  9.955  42.485 0.0000000000
67699  -10.729  10.165  42.933 0.0000000000
134135  -10.876  10.693  42.951 0.0000000000
134138  -10.828  9.782  42.061 0.0000000000
96197  -11.002  10.110  41.671 0.0000000000
12483  -10.786  9.654  41.691 0.0000000000
67701  -10.639  9.452  42.479 0.0000000000
134139  -10.603  9.298  42.090 0.0000000000
30826  -10.476  8.935  42.461 0.0000000000
134140  -10.471  8.802  42.068 0.0000000000
43203  -10.605  9.179  41.703 0.0000000000
134142  -10.364  8.427  42.428 0.0000000000
511  -10.489  8.658  41.726 0.0000000000
134141  -10.402  8.287  42.075 0.0000000000
153579  -10.375  7.737  42.117 0.0000000000
30827  -10.311  7.877  42.448 0.0000000000
43209  -10.448  8.106  41.752 0.0000000000
67703  -10.305  8.556  42.822 0.0000000000
134143  -10.252  7.985  42.829 0.0000000000
30828  -10.118  8.082  43.232 0.0000000000
134144  -10.125  7.479  43.281 0.0000000000
83610  -10.251  7.414  42.859 0.0000000000
6629  -10.206  6.903  43.339 0.0000000000
134146  -9.965  7.686  43.697 0.0000000000
134147  -10.041  7.030  43.760 0.0000000000
30829  -9.829  7.237  44.208 0.0000000000
67706  -9.754  7.941  44.065 0.0000000000
134145  -9.940  8.362  43.609 0.0000000000
134148  -9.951  6.575  44.178 0.0000000000
110070  -10.163  6.409  43.788 0.0000000000
20190  -10.116  5.977  44.206 0.0000000000
67708  -9.725  6.797  44.609 0.0000000000
134149  -9.891  6.149  44.635 0.0000000000
30830  -9.651  6.323  45.095 0.0000000000
134150  -9.825  5.688  45.131 0.0000000000
50910  -10.076  5.531  44.682 0.0000000000
1123  -9.970  5.060  45.169 0.0000000000
134158  -9.560  5.848  45.586 0.0000000000
134159  -9.714  5.222  45.611 0.0000000000
30833  -9.526  5.361  46.087 0.0000000000
67716  -9.377  5.949  46.072 0.0000000000
134157  -9.407  6.439  45.590 0.0000000000
134160  -9.644  4.784  46.078 0.0000000000
124650  -9.843  4.639  45.636 0.0000000000
27090  -9.759  4.209  46.068 0.0000000000
67718  -9.507  4.924  46.581 0.0000000000
134161  -9.578  4.355  46.505 0.0000000000
30834  -9.511  4.550  47.022 0.0000000000
134162  -9.615  4.011  46.958 0.0000000000
60510  -9.706  3.786  46.481 0.0000000000
4810  -9.729  3.458  46.928 0.0000000000
134164  -9.546  4.236  47.463 0.0000000000
134165  -9.652  3.687  47.408 0.0000000000
30835  -9.580  3.919  47.901 0.0000000000
67721  -9.470  4.488  47.959 0.0000000000
134163  -9.437  4.809  47.512 0.0000000000
134166  -9.688  3.351  47.840 0.0000000000
96210  -9.750  3.138  47.365 0.0000000000
12490  -9.784  2.784  47.793 0.0000000000
67723  -9.630  3.595  48.338 0.0000000000
134167  -9.718  2.997  48.270 0.0000000000
30836  -9.674  3.230  48.755 0.0000000000
134168  -9.730  2.591  48.700 0.0000000000
43210  -9.820  2.394  48.227 0.0000000000
501  -9.885  1.955  48.683 0.0000000000
152846  -9.740  2.544  49.169 0.0000000000
152847  -9.825  1.918  49.125 0.0000000000
37293  -9.751  1.900  49.574 0.0000000000
83001  -9.686  2.535  49.620 0.0000000000
152845  -9.667  3.174  49.211 0.0000000000
152873  -9.823  1.250  49.547 0.0000000000
152874  -9.902  1.281  49.090 0.0000000000
37302  -9.891  0.595  49.504 0.0000000000
83024  -9.746  0.547  49.946 0.0000000000
152872  -9.697  1.239  50.002 0.0000000000
152875  -9.926  0.641  49.016 0.0000000000
43214  -9.950  1.328  48.622 0.0000000000
12494  -9.985  0.700  48.553 0.0000000000
83026  -9.883  -0.045  49.349 0.0000000000
152876  -9.915  -0.005  48.911 0.0000000000
37303  -9.799  -0.635  49.222 0.0000000000
152877  -9.841  -0.580  48.758 0.0000000000
96218  -10.001  0.054  48.490 0.0000000000
152879  -9.682  -1.217  49.023 0.0000000000
83029  -9.473  -1.823  49.253 0.0000000000
152878  -9.607  -1.272  49.473 0.0000000000
83611  -10.329  7.305  42.510 0.0000000000
19996  -9.330  -1.916  49.687 0.0000000000
109720  -9.453  -1.351  49.899 0.0000000000
83027  -9.704  -0.694  49.666 0.0000000000
37301  -9.602  0.483  50.415 0.0000000000
152871  -9.576  1.141  50.504 0.0000000000
83002  -9.656  1.900  50.043 0.0000000000
152870  -9.457  0.411  50.905 0.0000000000
152868  -9.429  1.058  51.005 0.0000000000
9015  -9.531  1.799  50.554 0.0000000000
83022  -9.390  -0.246  50.746 0.0000000000
152869  -9.179  -0.248  51.187 0.0000000000
37300  -9.228  0.385  51.345 0.0000000000
19994  -9.090  -0.865  50.979 0.0000000000
109716  -8.846  -0.882  51.402 0.0000000000
83020  -8.926  -0.290  51.602 0.0000000000
152867  -9.241  1.036  51.476 0.0000000000
109705  -9.384  1.721  51.067 0.0000000000
83019  -8.990  0.304  51.801 0.0000000000
152866  -9.015  0.993  51.967 0.0000000000
19987  -9.223  1.667  51.597 0.0000000000
37299  -8.763  0.220  52.254 0.0000000000
152865  -8.828  0.912  52.482 0.0000000000
50707  -9.048  1.632  52.156 0.0000000000
152864  -8.566  0.170  52.699 0.0000000000
152856  -8.698  0.792  53.020 0.0000000000
2149  -8.939  1.530  52.704 0.0000000000
83017  -8.424  -0.431  52.486 0.0000000000
152863  -8.238  -0.510  52.959 0.0000000000
37296  -8.434  0.092  53.212 0.0000000000
37298  -8.058  -1.065  52.709 0.0000000000
152862  -7.877  -1.165  53.156 0.0000000000
83010  -8.094  -0.611  53.445 0.0000000000
152861  -7.680  -1.673  52.856 0.0000000000
152859  -7.516  -1.809  53.297 0.0000000000
9016  -7.758  -1.307  53.629 0.0000000000
83015  -7.888  -1.587  52.404 0.0000000000
152860  -7.531  -2.234  52.547 0.0000000000
37297  -7.350  -2.328  52.973 0.0000000000
19992  -7.774  -2.140  52.123 0.0000000000
109712  -7.393  -2.843  52.270 0.0000000000
83013  -7.150  -2.954  52.633 0.0000000000
152858  -7.221  -2.437  53.404 0.0000000000
109710  -7.381  -1.980  53.739 0.0000000000
83012  -6.984  -3.081  53.051 0.0000000000
152857  -6.876  -3.248  53.475 0.0000000000
19990  -7.097  -2.669  53.846 0.0000000000
26970  -6.673  -3.818  53.114 0.0000000000
124368  -6.589  -3.999  53.527 0.0000000000
50710  -6.768  -3.416  53.911 0.0000000000
152855  -8.685  0.679  53.488 0.0000000000
124366  -8.903  1.401  53.242 0.0000000000
83009  -8.363  -0.041  53.705 0.0000000000
152854  -8.673  0.525  53.966 0.0000000000
26968  -8.948  1.230  53.770 0.0000000000
37295  -8.334  -0.213  54.174 0.0000000000
152853  -8.651  0.351  54.468 0.0000000000
60307  -8.967  1.078  54.282 0.0000000000
152852  -8.268  -0.372  54.667 0.0000000000
152850  -8.603  0.165  55.004 0.0000000000
4742  -8.946  0.933  54.793 0.0000000000
83007  -7.950  -0.898  54.360 0.0000000000
152851  -7.864  -1.050  54.851 0.0000000000
37294  -8.184  -0.515  55.209 0.0000000000
19989  -7.557  -1.564  54.518 0.0000000000
109707  -7.417  -1.736  55.054 0.0000000000
83005  -7.793  -1.225  55.392 0.0000000000
152849  -8.477  0.072  55.567 0.0000000000
96088  -8.877  0.788  55.333 0.0000000000
83004  -8.060  -0.635  55.768 0.0000000000
152848  -8.301  -0.020  56.140 0.0000000000
12422  -8.710  0.709  55.937 0.0000000000
30733  -7.894  -0.708  56.315 0.0000000000
133885  -8.082  -0.096  56.715 0.0000000000
43142  -8.486  0.642  56.555 0.0000000000
37292  -9.558  3.209  49.669 0.0000000000
152844  -9.549  3.777  49.323 0.0000000000
67724  -9.574  3.774  48.855 0.0000000000
152843  -9.453  3.828  49.796 0.0000000000
152841  -9.374  4.375  49.426 0.0000000000
6632  -9.426  4.336  48.940 0.0000000000
82999  -9.459  3.197  50.169 0.0000000000
152842  -9.364  3.829  50.347 0.0000000000
37291  -9.305  4.442  49.934 0.0000000000
19986  -9.376  3.145  50.725 0.0000000000
109702  -9.275  3.795  50.921 0.0000000000
82997  -9.234  4.472  50.482 0.0000000000
152840  -9.169  4.984  49.515 0.0000000000
100538  -9.219  4.928  48.999 0.0000000000
82996  -9.128  5.047  50.053 0.0000000000
152839  -8.960  5.611  49.598 0.0000000000
14894  -8.981  5.572  49.055 0.0000000000
37290  -8.926  5.647  50.170 0.0000000000
152838  -8.731  6.216  49.688 0.0000000000
45614  -8.709  6.149  49.090 0.0000000000
152837  -8.736  6.259  50.306 0.0000000000
152829  -8.534  6.763  49.733 0.0000000000
1124  -8.496  6.723  49.148 0.0000000000
82994  -8.862  5.686  50.768 0.0000000000
152836  -8.754  6.265  50.910 0.0000000000
37287  -8.594  6.819  50.349 0.0000000000
37289  -8.925  5.658  51.350 0.0000000000
152835  -8.832  6.262  51.436 0.0000000000
82987  -8.665  6.852  50.969 0.0000000000
152834  -8.992  5.597  51.935 0.0000000000
152832  -8.928  6.155  52.053 0.0000000000
9013  -8.724  6.806  51.613 0.0000000000
82992  -9.040  5.020  51.826 0.0000000000
152833  -9.067  4.936  52.405 0.0000000000
37288  -9.075  5.493  52.553 0.0000000000
19984  -9.081  4.356  52.260 0.0000000000
109698  -9.183  4.226  52.910 0.0000000000
82990  -9.193  4.825  53.036 0.0000000000
152831  -9.034  6.047  52.684 0.0000000000
109696  -8.825  6.693  52.170 0.0000000000
82989  -9.203  5.400  53.205 0.0000000000
152830  -9.156  5.959  53.342 0.0000000000
19982  -8.933  6.592  52.778 0.0000000000
26965  -9.361  5.344  53.829 0.0000000000
124357  -9.277  5.959  53.968 0.0000000000
50702  -9.029  6.529  53.435 0.0000000000
152828  -8.434  7.330  49.780 0.0000000000
117236  -8.362  7.322  49.193 0.0000000000
82986  -8.504  7.395  50.407 0.0000000000
152827  -8.416  7.939  49.848 0.0000000000
23912  -8.336  7.950  49.244 0.0000000000
37286  -8.455  7.955  50.441 0.0000000000
152826  -8.435  8.533  49.868 0.0000000000
55214  -8.389  8.589  49.270 0.0000000000
152825  -8.491  8.487  50.456 0.0000000000
152823  -8.660  9.128  49.913 0.0000000000
3044  -8.652  9.164  49.338 0.0000000000
82984  -8.530  7.881  51.042 0.0000000000
152824  -8.499  8.426  51.084 0.0000000000
37285  -8.627  9.095  50.503 0.0000000000
19981  -8.574  7.809  51.641 0.0000000000
109693  -8.465  8.375  51.688 0.0000000000
82982  -8.512  9.051  51.091 0.0000000000
152822  -8.927  9.698  50.018 0.0000000000
93032  -8.942  9.724  49.426 0.0000000000
82981  -8.856  9.660  50.601 0.0000000000
152821  -9.241  10.215  50.195 0.0000000000
10724  -9.281  10.231  49.582 0.0000000000
37284  -9.140  10.183  50.784 0.0000000000
152820  -9.578  10.699  50.425 0.0000000000
41444  -9.664  10.694  49.795 0.0000000000
152819  -9.463  10.710  51.027 0.0000000000
152739  -9.925  11.214  50.667 0.0000000000
111  -10.018  11.172  50.005 0.0000000000
82979  -9.009  10.169  51.358 0.0000000000
152818  -9.304  10.745  51.642 0.0000000000
37257  -9.773  11.269  51.275 0.0000000000
37283  -8.845  10.221  51.968 0.0000000000
152817  -9.090  10.822  52.286 0.0000000000
82912  -9.595  11.349  51.866 0.0000000000
152816  -8.635  10.247  52.687 0.0000000000
152814  -8.898  10.836  52.969 0.0000000000
9003  -9.404  11.455  52.472 0.0000000000
82977  -8.427  9.598  52.494 0.0000000000
152815  -8.252  9.612  53.188 0.0000000000
37282  -8.424  10.243  53.394 0.0000000000
19979  -8.223  8.920  53.074 0.0000000000
109689  -8.100  8.952  53.760 0.0000000000
82975  -8.061  9.594  53.875 0.0000000000
152813  -8.707  10.867  53.603 0.0000000000
109651  -9.177  11.479  53.141 0.0000000000
82974  -8.213  10.238  54.041 0.0000000000
152812  -8.496  10.891  54.228 0.0000000000
19957  -8.949  11.486  53.786 0.0000000000
37281  -8.075  10.264  54.708 0.0000000000
152811  -8.302  10.904  54.878 0.0000000000
50677  -8.728  11.510  54.414 0.0000000000
152810  -7.940  10.307  55.360 0.0000000000
152802  -8.142  10.951  55.544 0.0000000000
2145  -8.517  11.570  55.043 0.0000000000
82972  -7.813  9.673  55.266 0.0000000000
152809  -7.711  9.786  55.913 0.0000000000
37278  -7.822  10.351  56.031 0.0000000000
37280  -7.749  9.171  55.818 0.0000000000
152808  -7.645  9.249  56.471 0.0000000000
82965  -7.611  9.874  56.552 0.0000000000
152807  -7.829  8.620  56.417 0.0000000000
152805  -7.709  8.680  57.095 0.0000000000
9010  -7.532  9.341  57.123 0.0000000000
82970  -7.948  8.534  55.729 0.0000000000
152806  -8.140  7.990  56.366 0.0000000000
37279  -8.026  8.049  57.058 0.0000000000
19977  -8.266  7.887  55.658 0.0000000000
109685  -8.518  7.355  56.304 0.0000000000
82968  -8.396  7.427  57.030 0.0000000000
152804  -7.844  8.196  57.738 0.0000000000
109683  -7.537  8.827  57.774 0.0000000000
82967  -8.210  7.533  57.729 0.0000000000
152803  -8.001  7.633  58.410 0.0000000000
19975  -7.655  8.310  58.429 0.0000000000
26961  -8.327  6.958  58.405 0.0000000000
124347  -8.100  7.016  59.101 0.0000000000
50695  -7.779  7.716  59.090 0.0000000000
152801  -7.966  11.023  56.218 0.0000000000
124324  -8.288  11.619  55.713 0.0000000000
82964  -7.690  10.491  56.737 0.0000000000
152800  -7.767  11.114  56.890 0.0000000000
26950  -8.046  11.700  56.392 0.0000000000
37277  -7.541  10.610  57.413 0.0000000000
152799  -7.609  11.241  57.555 0.0000000000
60277  -7.798  11.842  57.048 0.0000000000
152798  -7.396  10.725  58.099 0.0000000000
152796  -7.423  11.395  58.236 0.0000000000
4732  -7.586  11.982  57.706 0.0000000000
82962  -7.356  10.113  57.967 0.0000000000
152797  -7.200  10.220  58.757 0.0000000000
37276  -7.221  10.862  58.823 0.0000000000
19974  -7.276  9.557  58.584 0.0000000000
109680  -7.132  9.645  59.374 0.0000000000
82960  -7.069  10.353  59.500 0.0000000000
152795  -7.222  11.570  58.946 0.0000000000
96070  -7.353  12.124  58.395 0.0000000000
82959  -7.083  11.027  59.591 0.0000000000
152794  -7.071  11.754  59.697 0.0000000000
12412  -7.131  12.275  59.097 0.0000000000
37275  -6.936  11.181  60.326 0.0000000000
152793  -6.913  11.902  60.418 0.0000000000
43132  -6.941  12.459  59.818 0.0000000000
152792  -6.790  11.317  61.038 0.0000000000
152766  -6.774  12.055  61.151 0.0000000000
499  -6.812  12.652  60.513 0.0000000000
82957  -6.778  10.586  60.973 0.0000000000
152791  -6.669  10.707  61.693 0.0000000000
37266  -6.690  11.467  61.802 0.0000000000
37274  -6.667  9.951  61.636 0.0000000000
152790  -6.566  10.031  62.350 0.0000000000
82935  -6.589  10.803  62.365 0.0000000000
152789  -6.571  9.271  62.196 0.0000000000
152787  -6.478  9.258  62.911 0.0000000000
9006  -6.508  10.083  62.993 0.0000000000
82955  -6.728  9.208  61.523 0.0000000000
152788  -6.658  8.508  62.125 0.0000000000
37273  -6.582  8.522  62.756 0.0000000000
19972  -6.848  8.516  61.440 0.0000000000
109676  -6.791  7.855  61.994 0.0000000000
82953  -6.655  7.835  62.634 0.0000000000
152786  -6.514  8.549  63.367 0.0000000000
109665  -6.500  9.315  63.514 0.0000000000
82952  -6.572  7.817  63.233 0.0000000000
152785  -6.511  7.821  63.793 0.0000000000
19965  -6.508  8.576  63.937 0.0000000000
37272  -6.574  6.999  63.644 0.0000000000
152784  -6.569  6.946  64.156 0.0000000000
50685  -6.540  7.779  64.300 0.0000000000
152783  -6.578  6.095  63.946 0.0000000000
152775  -6.568  6.049  64.428 0.0000000000
2146  -6.594  6.861  64.634 0.0000000000
82950  -6.628  6.176  63.451 0.0000000000
152782  -6.620  5.310  63.741 0.0000000000
37269  -6.577  5.230  64.212 0.0000000000
37271  -6.731  5.387  63.246 0.0000000000
152781  -6.665  4.508  63.494 0.0000000000
82943  -6.574  4.411  63.928 0.0000000000
152780  -6.846  4.549  63.008 0.0000000000
152778  -6.750  3.649  63.169 0.0000000000
9007  -6.643  3.519  63.586 0.0000000000
82948  -6.913  5.454  62.729 0.0000000000
152779  -7.093  4.563  62.494 0.0000000000
37270  -6.975  3.639  62.676 0.0000000000
19970  -7.183  5.477  62.187 0.0000000000
109672  -7.378  4.584  61.998 0.0000000000
82946  -7.230  3.647  62.207 0.0000000000
152777  -6.788  2.712  62.738 0.0000000000
109670  -6.605  2.612  63.230 0.0000000000
82945  -7.008  2.728  62.300 0.0000000000
152776  -6.638  1.793  62.270 0.0000000000
19968  -6.486  1.729  62.742 0.0000000000
26957  -6.852  1.822  61.778 0.0000000000
124337  -6.456  0.973  61.695 0.0000000000
50688  -6.276  0.909  62.161 0.0000000000
152774  -6.580  5.187  64.699 0.0000000000
124335  -6.571  6.019  64.900 0.0000000000
82942  -6.573  4.310  64.410 0.0000000000
152773  -6.600  4.223  64.905 0.0000000000
26955  -6.637  5.107  65.155 0.0000000000
37268  -6.551  3.339  64.576 0.0000000000
152772  -6.606  3.258  65.099 0.0000000000
60285  -6.671  4.142  65.385 0.0000000000
152771  -6.529  2.367  64.674 0.0000000000
152769  -6.654  2.276  65.132 0.0000000000
4735  -6.762  3.187  65.529 0.0000000000
82940  -6.451  2.413  64.192 0.0000000000
152770  -6.391  1.470  64.167 0.0000000000
37267  -6.508  1.439  64.613 0.0000000000
19967  -6.294  1.486  63.697 0.0000000000
109667  -6.204  0.653  63.577 0.0000000000
82938  -6.360  0.647  64.074 0.0000000000
152765  -6.699  12.220  61.871 0.0000000000
133855  -6.733  12.837  61.207 0.0000000000
82934  -6.645  11.557  62.472 0.0000000000
152764  -6.697  12.333  62.494 0.0000000000
30721  -6.689  12.959  61.880 0.0000000000
37265  -6.661  11.646  63.056 0.0000000000
152763  -6.774  12.449  63.082 0.0000000000
67477  -6.722  13.048  62.507 0.0000000000
152762  -6.747  11.756  63.611 0.0000000000
152760  -6.932  12.528  63.612 0.0000000000
6583  -6.854  13.116  63.039 0.0000000000
82932  -6.611  10.927  63.593 0.0000000000
152761  -6.761  10.952  64.090 0.0000000000
37264  -6.946  11.752  64.081 0.0000000000
19964  -6.622  10.124  64.081 0.0000000000
109662  -6.776  10.129  64.520 0.0000000000
82930  -6.975  10.919  64.534 0.0000000000
152759  -7.139  12.513  63.972 0.0000000000
100390  -7.070  13.169  63.488 0.0000000000
152738  -10.191  11.779  50.877 0.0000000000
140894  -10.303  11.762  50.222 0.0000000000
82911  -10.028  11.850  51.420 0.0000000000
152737  -10.362  12.449  51.003 0.0000000000
33242  -10.498  12.396  50.388 0.0000000000
37256  -10.190  12.528  51.561 0.0000000000
152736  -10.431  13.142  51.064 0.0000000000
73124  -10.599  13.068  50.480 0.0000000000
152735  -10.200  13.246  51.627 0.0000000000
152733  -10.361  13.852  51.067 0.0000000000
7598  -10.596  13.775  50.485 0.0000000000
82909  -9.970  12.595  52.132 0.0000000000
152734  -9.976  13.295  52.198 0.0000000000
37255  -10.089  13.937  51.652 0.0000000000
19956  -9.736  12.674  52.728 0.0000000000
109648  -9.726  13.349  52.801 0.0000000000
82907  -9.827  13.952  52.218 0.0000000000
152732  -10.165  14.544  51.033 0.0000000000
103778  -10.429  14.466  50.437 0.0000000000
82906  -9.894  14.615  51.603 0.0000000000
152731  -9.912  15.226  50.966 0.0000000000
16694  -10.167  15.167  50.419 0.0000000000
37254  -9.661  15.288  51.524 0.0000000000
152730  -9.636  15.926  50.866 0.0000000000
47414  -9.863  15.862  50.318 0.0000000000
152729  -9.420  15.999  51.458 0.0000000000
152721  -9.346  16.606  50.787 0.0000000000
1610  -9.559  16.514  50.214 0.0000000000
82904  -9.432  15.366  52.123 0.0000000000
152728  -9.231  16.078  52.089 0.0000000000
37251  -9.190  16.705  51.406 0.0000000000
37253  -9.243  15.460  52.723 0.0000000000
152727  -9.068  16.158  52.677 0.0000000000
82897  -9.080  16.789  52.040 0.0000000000
152726  -9.056  15.551  53.379 0.0000000000
152724  -8.905  16.252  53.328 0.0000000000
9001  -8.911  16.844  52.638 0.0000000000
82902  -9.234  14.846  53.366 0.0000000000
152725  -9.023  14.924  54.045 0.0000000000
37252  -8.869  15.645  54.067 0.0000000000
19954  -9.167  14.211  54.095 0.0000000000
109644  -8.909  14.320  54.729 0.0000000000
82900  -8.791  15.013  54.735 0.0000000000
152723  -8.745  16.357  53.999 0.0000000000
109642  -8.763  16.955  53.301 0.0000000000
82899  -8.668  15.716  54.709 0.0000000000
152722  -8.556  16.464  54.684 0.0000000000
19952  -8.599  17.068  53.955 0.0000000000
26947  -8.416  15.840  55.391 0.0000000000
124315  -8.271  16.572  55.357 0.0000000000
50672  -8.392  17.192  54.596 0.0000000000
152720  -9.111  17.256  50.712 0.0000000000
119756  -9.257  17.145  50.138 0.0000000000
82896  -9.008  17.342  51.331 0.0000000000
152719  -8.896  17.895  50.631 0.0000000000
24992  -8.973  17.787  50.030 0.0000000000
37250  -8.755  17.989  51.259 0.0000000000
152718  -8.590  18.563  50.538 0.0000000000
57014  -8.687  18.367  49.964 0.0000000000
152717  -8.458  18.664  51.164 0.0000000000
152715  -8.243  19.211  50.484 0.0000000000
3644  -8.361  19.026  49.907 0.0000000000
82894  -8.616  18.092  51.899 0.0000000000
152716  -8.326  18.779  51.765 0.0000000000
37249  -8.192  19.365  51.070 0.0000000000
19951  -8.498  18.213  52.529 0.0000000000
109639  -8.151  18.892  52.377 0.0000000000
82892  -8.072  19.506  51.730 0.0000000000
152714  -8.105  19.923  50.525 0.0000000000
94112  -8.161  19.721  49.884 0.0000000000
82891  -8.022  20.079  51.127 0.0000000000
152713  -8.044  20.604  50.556 0.0000000000
11324  -8.061  20.437  49.908 0.0000000000
37248  -7.946  20.806  51.209 0.0000000000
152712  -7.943  21.310  50.580 0.0000000000
42044  -7.986  21.147  49.930 0.0000000000
152711  -7.858  21.484  51.258 0.0000000000
152685  -7.814  22.030  50.584 0.0000000000
254  -7.844  21.878  49.938 0.0000000000
82889  -7.756  20.970  51.888 0.0000000000
152710  -7.694  21.638  51.879 0.0000000000
37239  -7.775  22.180  51.233 0.0000000000
37247  -7.587  21.119  52.543 0.0000000000
152709  -7.527  21.786  52.527 0.0000000000
82867  -7.601  22.281  51.839 0.0000000000
152708  -7.434  21.277  53.216 0.0000000000
152706  -7.365  21.920  53.205 0.0000000000
8997  -7.442  22.394  52.504 0.0000000000
82887  -7.527  20.586  53.211 0.0000000000
152707  -7.351  20.762  53.833 0.0000000000
37246  -7.268  21.446  53.882 0.0000000000
19949  -7.499  20.024  53.817 0.0000000000
109635  -7.303  20.198  54.468 0.0000000000
82885  -7.177  20.919  54.502 0.0000000000
152705  -7.171  22.044  53.894 0.0000000000
109624  -7.288  22.556  53.188 0.0000000000
82884  -7.076  21.605  54.581 0.0000000000
152704  -6.971  22.217  54.563 0.0000000000
19942  -7.107  22.721  53.850 0.0000000000
37245  -6.876  21.780  55.266 0.0000000000
152703  -6.809  22.418  55.245 0.0000000000
50662  -6.936  22.892  54.526 0.0000000000
152702  -6.717  21.945  55.938 0.0000000000
152694  -6.709  22.572  55.958 0.0000000000
2143  -6.804  23.034  55.228 0.0000000000
82882  -6.794  21.258  55.938 0.0000000000
152701  -6.664  21.394  56.602 0.0000000000
37242  -6.640  22.095  56.646 0.0000000000
37244  -6.772  20.696  56.603 0.0000000000
152700  -6.652  20.820  57.275 0.0000000000
82875  -6.620  21.520  57.260 0.0000000000
152699  -6.722  20.064  57.297 0.0000000000
152697  -6.618  20.221  57.904 0.0000000000
82880  -6.876  19.926  56.599 0.0000000000
152698  -6.827  19.244  57.278 0.0000000000
37243  -6.630  19.446  57.941 0.0000000000
19947  -7.016  19.131  56.600 0.0000000000
109631  -6.964  18.477  57.336 0.0000000000
82878  -6.725  18.705  58.030 0.0000000000
152693  -6.677  22.710  56.611 0.0000000000
124303  -6.740  23.212  55.960 0.0000000000
152684  -7.756  22.715  50.567 0.0000000000
129722  -7.787  22.549  49.933 0.0000000000
82866  -7.676  22.843  51.163 0.0000000000
152683  -7.651  23.344  50.484 0.0000000000
29198  -7.698  23.219  49.893 0.0000000000
37238  -7.580  23.454  51.086 0.0000000000
152682  -7.589  24.000  50.405 0.0000000000
64214  -7.615  23.877  49.801 0.0000000000
152681  -7.546  24.149  51.046 0.0000000000
152679  -7.588  24.668  50.348 0.0000000000
5930  -7.580  24.530  49.715 0.0000000000
82864  -7.463  23.606  51.728 0.0000000000
152680  -7.456  24.267  51.681 0.0000000000
37237  -7.561  24.793  50.983 0.0000000000
19941  -7.343  23.742  52.393 0.0000000000
109621  -7.330  24.382  52.361 0.0000000000
82862  -7.473  24.930  51.666 0.0000000000
152678  -7.605  25.342  50.273 0.0000000000
98432  -7.610  25.216  49.676 0.0000000000
82861  -7.552  25.487  50.917 0.0000000000
152677  -7.606  26.022  50.185 0.0000000000
13724  -7.626  25.834  49.539 0.0000000000
37236  -7.535  26.161  50.827 0.0000000000
152676  -7.600  26.669  50.096 0.0000000000
44444  -7.626  26.547  49.457 0.0000000000
152675  -7.509  26.823  50.725 0.0000000000
152667  -7.563  27.392  50.023 0.0000000000
734  -7.610  27.298  49.385 0.0000000000
82859  -7.406  26.325  51.459 0.0000000000
152674  -7.372  26.996  51.349 0.0000000000
37233  -7.464  27.539  50.631 0.0000000000
37235  -7.246  26.432  52.122 0.0000000000
152673  -7.214  27.163  52.002 0.0000000000
82852  -7.329  27.743  51.227 0.0000000000
152672  -7.054  26.590  52.795 0.0000000000
82857  -7.102  25.868  52.908 0.0000000000
152671  -6.869  26.013  53.613 0.0000000000
19939  -6.956  25.304  53.665 0.0000000000
109617  -6.845  25.467  54.410 0.0000000000
152666  -7.481  28.190  49.934 0.0000000000
115598  -7.525  28.086  49.302 0.0000000000
23210  -7.384  28.898  49.226 0.0000000000
140893  -10.576  12.222  49.710 0.0000000000
41440  -10.323  11.604  49.533 0.0000000000
73123  -10.733  12.852  49.852 0.0000000000
140892  -10.793  12.704  49.138 0.0000000000
10720  -10.599  12.072  49.017 0.0000000000
33241  -10.875  13.360  49.253 0.0000000000
140891  -10.978  13.157  48.568 0.0000000000
93024  -10.778  12.515  48.455 0.0000000000
140890  -11.001  13.832  48.679 0.0000000000
140888  -11.069  13.625  47.996 0.0000000000
3040  -10.941  12.974  47.904 0.0000000000
73121  -10.852  14.031  49.309 0.0000000000
140889  -10.892  14.490  48.676 0.0000000000
33240  -11.048  14.290  48.058 0.0000000000
16693  -10.743  14.707  49.256 0.0000000000
103775  -10.691  15.142  48.644 0.0000000000
73119  -10.847  14.936  48.026 0.0000000000
140887  -11.085  14.089  47.397 0.0000000000
55200  -11.047  13.432  47.349 0.0000000000
73118  -10.958  14.757  47.405 0.0000000000
140886  -11.029  14.502  46.789 0.0000000000
23904  -11.056  13.856  46.774 0.0000000000
33239  -10.864  15.165  46.794 0.0000000000
140885  -10.936  14.859  46.196 0.0000000000
117216  -11.061  14.252  46.189 0.0000000000
140884  -10.728  15.478  46.174 0.0000000000
140876  -10.832  15.183  45.584 0.0000000000
1120  -10.976  14.609  45.617 0.0000000000
73116  -10.589  15.753  46.763 0.0000000000
140883  -10.469  16.065  46.140 0.0000000000
33236  -10.585  15.765  45.542 0.0000000000
33238  -10.299  16.319  46.719 0.0000000000
140882  -10.170  16.624  46.133 0.0000000000
73109  -10.311  16.325  45.533 0.0000000000
140881  -9.937  16.860  46.677 0.0000000000
140879  -9.761  17.164  46.070 0.0000000000
7596  -9.976  16.888  45.493 0.0000000000
73114  -10.109  16.552  47.277 0.0000000000
140880  -9.662  17.108  47.228 0.0000000000
33237  -9.490  17.382  46.620 0.0000000000
16691  -9.850  16.774  47.847 0.0000000000
103771  -9.409  17.339  47.777 0.0000000000
73112  -9.198  17.615  47.156 0.0000000000
140878  -9.300  17.668  45.984 0.0000000000
103769  -9.574  17.442  45.431 0.0000000000
73111  -9.002  17.890  46.498 0.0000000000
140877  -8.866  18.229  45.900 0.0000000000
16689  -9.130  17.961  45.376 0.0000000000
24989  -8.623  18.532  46.422 0.0000000000
119747  -8.501  18.867  45.828 0.0000000000
47409  -8.718  18.555  45.296 0.0000000000
140875  -10.705  15.496  44.999 0.0000000000
45600  -10.900  14.950  45.047 0.0000000000
73108  -10.443  16.050  44.957 0.0000000000
140874  -10.614  15.828  44.430 0.0000000000
14880  -10.819  15.288  44.516 0.0000000000
33235  -10.311  16.366  44.381 0.0000000000
140873  -10.466  16.164  43.916 0.0000000000
100512  -10.723  15.628  43.979 0.0000000000
140872  -10.185  16.714  43.824 0.0000000000
140870  -10.350  16.510  43.368 0.0000000000
6624  -10.596  15.950  43.481 0.0000000000
73106  -9.987  16.925  44.314 0.0000000000
140871  -9.844  17.275  43.759 0.0000000000
33234  -10.048  17.068  43.284 0.0000000000
16688  -9.632  17.509  44.241 0.0000000000
103766  -9.485  17.887  43.640 0.0000000000
73104  -9.708  17.655  43.195 0.0000000000
140869  -10.241  16.855  42.821 0.0000000000
67680  -10.490  16.285  42.942 0.0000000000
73103  -9.925  17.405  42.761 0.0000000000
140868  -10.185  17.248  42.302 0.0000000000
30816  -10.464  16.673  42.398 0.0000000000
33233  -9.912  17.854  42.215 0.0000000000
140867  -10.181  17.705  41.765 0.0000000000
134112  -10.444  17.074  41.864 0.0000000000
140866  -9.972  18.358  41.687 0.0000000000
140840  -10.267  18.224  41.244 0.0000000000
253  -10.478  17.542  41.317 0.0000000000
73101  -9.690  18.544  42.103 0.0000000000
140865  -9.759  19.066  41.607 0.0000000000
33224  -10.070  18.876  41.177 0.0000000000
33232  -9.489  19.242  42.057 0.0000000000
140864  -9.571  19.795  41.534 0.0000000000
73079  -9.847  19.603  41.117 0.0000000000
140863  -9.376  19.955  41.999 0.0000000000
140861  -9.515  20.507  41.461 0.0000000000
7592  -9.711  20.302  41.047 0.0000000000
73099  -9.233  19.463  42.525 0.0000000000
140862  -9.143  20.162  42.471 0.0000000000
33231  -9.251  20.663  41.942 0.0000000000
16686  -8.994  19.696  43.000 0.0000000000
103762  -8.863  20.376  42.962 0.0000000000
73097  -8.975  20.858  42.421 0.0000000000
140860  -9.384  21.196  41.393 0.0000000000
103751  -9.613  20.992  40.961 0.0000000000
73096  -9.065  21.366  41.880 0.0000000000
140859  -9.173  21.893  41.271 0.0000000000
16679  -9.495  21.662  40.850 0.0000000000
33230  -8.840  22.080  41.758 0.0000000000
140858  -8.869  22.585  41.117 0.0000000000
47399  -9.254  22.376  40.666 0.0000000000
140857  -8.440  22.764  41.600 0.0000000000
140849  -8.452  23.249  40.964 0.0000000000
1608  -8.888  23.046  40.506 0.0000000000
73094  -8.418  22.239  42.264 0.0000000000
140856  -7.996  22.911  42.084 0.0000000000
33227  -7.982  23.414  41.438 0.0000000000
33229  -7.988  22.412  42.736 0.0000000000
140855  -7.567  23.097  42.585 0.0000000000
73087  -7.511  23.585  41.924 0.0000000000
140854  -7.592  22.626  43.249 0.0000000000
140852  -7.211  23.336  43.121 0.0000000000
7593  -7.151  23.777  42.440 0.0000000000
73092  -7.936  21.919  43.360 0.0000000000
140853  -7.561  22.207  43.895 0.0000000000
33228  -7.236  22.930  43.839 0.0000000000
16684  -7.938  21.479  43.960 0.0000000000
103758  -7.638  21.725  44.541 0.0000000000
73090  -7.302  22.458  44.494 0.0000000000
140851  -6.959  23.648  43.758 0.0000000000
103756  -6.875  24.037  43.023 0.0000000000
73089  -7.030  23.191  44.445 0.0000000000
140850  -6.842  23.904  44.301 0.0000000000
16682  -6.737  24.352  43.627 0.0000000000
24985  -6.966  23.456  45.007 0.0000000000
119737  -6.836  24.180  44.890 0.0000000000
47402  -6.724  24.603  44.209 0.0000000000
140848  -7.984  23.907  40.749 0.0000000000
119735  -8.471  23.711  40.297 0.0000000000
73086  -7.509  24.041  41.252 0.0000000000
140847  -7.513  24.506  40.533 0.0000000000
24983  -8.014  24.363  40.058 0.0000000000
33226  -7.061  24.653  41.037 0.0000000000
140846  -7.132  25.194  40.349 0.0000000000
56999  -7.536  24.972  39.822 0.0000000000
140845  -6.789  25.390  40.956 0.0000000000
140843  -6.905  25.988  40.242 0.0000000000
3639  -7.208  25.802  39.651 0.0000000000
73084  -6.760  24.926  41.648 0.0000000000
140844  -6.623  25.641  41.566 0.0000000000
33225  -6.785  26.185  40.847 0.0000000000
16681  -6.581  25.187  42.231 0.0000000000
103753  -6.624  25.878  42.115 0.0000000000
73082  -6.709  26.332  41.439 0.0000000000
140842  -6.950  26.815  40.169 0.0000000000
94103  -7.092  26.615  39.580 0.0000000000
73081  -6.974  26.941  40.792 0.0000000000
140841  -7.268  27.520  40.174 0.0000000000
11319  -7.216  27.351  39.567 0.0000000000
29189  -7.286  27.608  40.814 0.0000000000
129695  -7.609  28.104  40.269 0.0000000000
42039  -7.570  27.968  39.584 0.0000000000
140839  -10.335  18.706  40.754 0.0000000000
43200  -10.563  18.017  40.808 0.0000000000
73078  -10.128  19.389  40.696 0.0000000000
140838  -10.367  19.194  40.286 0.0000000000
12480  -10.624  18.479  40.328 0.0000000000
33223  -10.187  19.878  40.207 0.0000000000
140837  -10.471  19.614  39.846 0.0000000000
96192  -10.683  18.911  39.889 0.0000000000
140836  -10.271  20.317  39.773 0.0000000000
140834  -10.535  20.080  39.413 0.0000000000
4800  -10.737  19.346  39.465 0.0000000000
73076  -10.039  20.574  40.160 0.0000000000
140835  -10.104  21.006  39.717 0.0000000000
33222  -10.345  20.765  39.326 0.0000000000
16678  -9.919  21.264  40.069 0.0000000000
103748  -10.004  21.685  39.557 0.0000000000
73074  -10.183  21.438  39.207 0.0000000000
140833  -10.604  20.571  38.973 0.0000000000
60480  -10.784  19.812  39.033 0.0000000000
73073  -10.432  21.215  38.826 0.0000000000
140832  -10.615  20.998  38.454 0.0000000000
27072  -10.819  20.295  38.556 0.0000000000
33221  -10.426  21.665  38.321 0.0000000000
140831  -10.624  21.421  37.966 0.0000000000
124608  -10.854  20.749  38.069 0.0000000000
140830  -10.430  22.105  37.791 0.0000000000
140822  -10.650  21.838  37.429 0.0000000000
1607  -10.894  21.153  37.581 0.0000000000
73071  -10.252  22.375  38.119 0.0000000000
140829  -10.224  22.811  37.585 0.0000000000
33218  -10.393  22.537  37.272 0.0000000000
33220  -10.059  23.060  37.925 0.0000000000
140828  -9.998  23.506  37.354 0.0000000000
73064  -10.188  23.255  37.030 0.0000000000
140827  -9.844  23.730  37.662 0.0000000000
140825  -9.788  24.146  37.083 0.0000000000
7590  -9.960  23.922  36.802 0.0000000000
73069  -9.896  23.280  38.251 0.0000000000
140826  -9.648  23.944  37.963 0.0000000000
33219  -9.580  24.390  37.398 0.0000000000
16676  -9.661  23.468  38.555 0.0000000000
103744  -9.367  24.176  38.290 0.0000000000
73067  -9.314  24.648  37.712 0.0000000000
140824  -9.500  24.814  36.857 0.0000000000
103742  -9.694  24.564  36.568 0.0000000000
73066  -9.251  25.082  37.152 0.0000000000
140823  -9.203  25.489  36.608 0.0000000000
16674  -9.357  25.246  36.316 0.0000000000
24980  -8.937  25.738  36.920 0.0000000000
119726  -8.899  26.188  36.361 0.0000000000
47394  -9.109  25.899  36.057 0.0000000000
140821  -10.652  22.300  36.926 0.0000000000
50880  -10.928  21.595  37.083 0.0000000000
73063  -10.389  23.001  36.725 0.0000000000
140820  -10.664  22.752  36.398 0.0000000000
20160  -10.943  22.057  36.564 0.0000000000
33217  -10.371  23.438  36.182 0.0000000000
140819  -10.690  23.163  35.834 0.0000000000
110016  -10.969  22.495  36.011 0.0000000000
140818  -10.388  23.848  35.642 0.0000000000
140816  -10.700  23.573  35.268 0.0000000000
7589  -11.014  22.911  35.419 0.0000000000
73061  -10.074  24.111  35.949 0.0000000000
140817  -10.050  24.498  35.424 0.0000000000
33216  -10.372  24.244  35.075 0.0000000000
16673  -9.787  24.759  35.712 0.0000000000
103739  -9.739  25.168  35.189 0.0000000000
73059  -10.035  24.913  34.855 0.0000000000
140815  -10.736  23.977  34.699 0.0000000000
83520  -11.077  23.324  34.854 0.0000000000
73058  -10.398  24.664  34.474 0.0000000000
140814  -10.887  24.388  34.092 0.0000000000
33215  -11.233  23.718  34.294 0.0000000000
33214  -10.521  25.095  33.857 0.0000000000
140812  -11.070  24.842  33.475 0.0000000000
140813  -11.439  24.146  33.717 0.0000000000
153471  -11.816  23.509  33.858 0.0000000000
115  -11.628  24.613  33.105 0.0000000000
41439  -12.003  23.950  33.278 0.0000000000
140811  -10.630  25.666  33.205 0.0000000000
41433  -11.219  25.423  32.813 0.0000000000
73056  -10.094  25.913  33.589 0.0000000000
140810  -10.172  26.494  32.920 0.0000000000
10713  -10.764  26.239  32.558 0.0000000000
33213  -9.653  26.743  33.283 0.0000000000
140809  -9.753  27.317  32.654 0.0000000000
93011  -10.292  27.080  32.283 0.0000000000
140808  -9.287  27.544  33.065 0.0000000000
140806  -9.442  28.131  32.458 0.0000000000
3033  -9.925  27.959  32.020 0.0000000000
73054  -9.248  27.001  33.700 0.0000000000
140807  -8.876  27.825  33.475 0.0000000000
33212  -9.030  28.365  32.897 0.0000000000
16671  -8.979  27.212  34.098 0.0000000000
103735  -8.723  27.975  33.885 0.0000000000
73052  -8.728  28.577  33.314 0.0000000000
140805  -9.222  28.957  32.300 0.0000000000
55178  -9.680  28.747  31.859 0.0000000000
73051  -8.895  29.147  32.713 0.0000000000
140804  -9.126  29.734  32.109 0.0000000000
23891  -9.523  29.513  31.704 0.0000000000
33211  -8.785  29.875  32.521 0.0000000000
140803  -8.928  30.409  31.957 0.0000000000
117185  -9.360  30.225  31.547 0.0000000000
140802  -8.621  30.567  32.361 0.0000000000
140794  -8.795  31.117  31.773 0.0000000000
1113  -9.187  30.913  31.383 0.0000000000
73049  -8.543  30.012  32.928 0.0000000000
140801  -8.362  30.714  32.786 0.0000000000
33208  -8.453  31.265  32.199 0.0000000000
33210  -8.373  30.167  33.333 0.0000000000
140800  -8.240  30.930  33.198 0.0000000000
73042  -8.178  31.426  32.641 0.0000000000
140799  -8.292  30.395  33.729 0.0000000000
140797  -8.187  31.180  33.638 0.0000000000
7586  -8.039  31.680  33.115 0.0000000000
73047  -8.379  29.675  33.860 0.0000000000
140798  -8.351  29.917  34.226 0.0000000000
33209  -8.299  30.631  34.138 0.0000000000
16669  -8.415  29.201  34.369 0.0000000000
103731  -8.406  29.473  34.710 0.0000000000
73045  -8.440  30.191  34.634 0.0000000000
140796  -8.285  31.494  34.081 0.0000000000
103729  -8.098  31.987  33.584 0.0000000000
73044  -8.471  30.965  34.590 0.0000000000
140795  -8.497  31.797  34.524 0.0000000000
16667  -8.250  32.326  34.046 0.0000000000
24976  -8.649  31.240  35.029 0.0000000000
119716  -8.715  32.054  34.955 0.0000000000
47387  -8.512  32.631  34.447 0.0000000000
14893  -9.306  5.049  48.012 0.0000000000
100535  -9.233  5.352  47.562 0.0000000000
67719  -9.373  5.115  47.082 0.0000000000
30832  -9.183  6.579  46.065 0.0000000000
134156  -9.253  7.104  45.541 0.0000000000
67709  -9.475  6.929  45.086 0.0000000000
134155  -9.017  7.310  45.940 0.0000000000
134153  -9.129  7.866  45.420 0.0000000000
6630  -9.364  7.653  45.008 0.0000000000
67714  -8.932  6.777  46.494 0.0000000000
134154  -8.762  7.542  46.339 0.0000000000
30831  -8.928  8.104  45.831 0.0000000000
14891  -8.704  7.018  46.930 0.0000000000
100531  -8.560  7.806  46.860 0.0000000000
67712  -8.717  8.351  46.269 0.0000000000
134152  -9.128  8.634  45.343 0.0000000000
100529  -9.345  8.377  44.944 0.0000000000
67711  -8.944  8.897  45.786 0.0000000000
134151  -9.234  9.331  45.363 0.0000000000
14889  -9.411  9.052  44.933 0.0000000000
23909  -9.076  9.624  45.831 0.0000000000
117227  -9.407  9.947  45.439 0.0000000000
45609  -9.561  9.667  44.981 0.0000000000
14888  -9.776  8.586  44.062 0.0000000000
100526  -10.009  8.979  43.675 0.0000000000
67704  -10.206  8.745  43.242 0.0000000000
14886  -10.585  10.405  43.380 0.0000000000
100522  -10.732  10.908  43.405 0.0000000000
67697  -11.014  11.191  42.933 0.0000000000
14884  -10.680  11.913  44.402 0.0000000000
100518  -10.640  12.110  44.903 0.0000000000
67690  -10.802  12.687  44.996 0.0000000000
23905  -10.955  13.448  45.601 0.0000000000
117217  -11.011  14.029  45.625 0.0000000000
45602  -11.025  14.390  45.077 0.0000000000
134121  -11.501  13.471  41.965 0.0000000000
50888  -11.628  13.244  41.477 0.0000000000
67686  -11.320  13.761  42.498 0.0000000000
134120  -11.430  14.069  41.994 0.0000000000
20168  -11.576  13.824  41.473 0.0000000000
30819  -11.232  14.353  42.514 0.0000000000
134119  -11.296  14.690  41.986 0.0000000000
110030  -11.471  14.431  41.473 0.0000000000
134118  -11.110  14.949  42.529 0.0000000000
134116  -11.154  15.286  41.992 0.0000000000
6625  -11.338  15.038  41.456 0.0000000000
67684  -11.131  14.637  43.009 0.0000000000
134117  -10.980  15.203  43.012 0.0000000000
30818  -10.951  15.527  42.551 0.0000000000
100513  -10.873  15.415  43.490 0.0000000000
67682  -10.755  15.738  43.000 0.0000000000
134115  -10.965  15.859  41.985 0.0000000000
83543  -11.193  15.639  41.429 0.0000000000
67681  -10.731  16.086  42.495 0.0000000000
134114  -10.726  16.448  41.938 0.0000000000
30817  -10.996  16.197  41.419 0.0000000000
134113  -10.727  16.827  41.377 0.0000000000
153498  -11.017  16.616  40.880 0.0000000000
43202  -10.780  17.291  40.858 0.0000000000
133884  -7.792  -0.131  57.326 0.0000000000
500  -8.237  0.588  57.196 0.0000000000
133886  -7.621  -0.780  56.859 0.0000000000
30732  -7.311  -0.830  57.374 0.0000000000
133883  -7.478  -0.154  57.900 0.0000000000
43136  -7.983  0.561  57.892 0.0000000000
67499  -6.978  -0.826  57.851 0.0000000000
133882  -7.162  -0.177  58.452 0.0000000000
12416  -7.684  0.528  58.490 0.0000000000
30731  -6.662  -0.868  58.392 0.0000000000
133881  -6.855  -0.198  58.971 0.0000000000
96076  -7.388  0.519  59.062 0.0000000000
133880  -6.378  -0.930  58.896 0.0000000000
133878  -6.563  -0.275  59.477 0.0000000000
4736  -7.088  0.502  59.597 0.0000000000
67497  -6.286  -1.618  58.367 0.0000000000
133879  -6.001  -1.692  58.852 0.0000000000
30730  -6.124  -1.017  59.385 0.0000000000
14819  -6.080  -2.368  58.383 0.0000000000
100401  -5.950  -2.495  58.808 0.0000000000
67495  -5.860  -1.830  59.291 0.0000000000
133877  -6.300  -0.339  59.998 0.0000000000
60286  -6.761  0.418  60.096 0.0000000000
67494  -5.906  -1.123  59.884 0.0000000000
133876  -6.077  -0.417  60.500 0.0000000000
26956  -6.505  0.344  60.590 0.0000000000
30729  -5.764  -1.267  60.370 0.0000000000
133875  -5.881  -0.587  60.948 0.0000000000
124336  -6.268  0.258  61.081 0.0000000000
133874  -5.696  -1.401  60.825 0.0000000000
133866  -5.796  -0.708  61.434 0.0000000000
1099  -6.059  0.159  61.570 0.0000000000
67492  -5.716  -2.053  60.287 0.0000000000
133873  -5.757  -2.208  60.670 0.0000000000
30726  -5.695  -1.500  61.288 0.0000000000
30728  -5.988  -2.855  60.165 0.0000000000
133872  -6.090  -2.936  60.604 0.0000000000
67485  -5.846  -2.208  61.185 0.0000000000
133871  -6.335  -3.512  60.052 0.0000000000
133869  -6.474  -3.572  60.502 0.0000000000
6586  -6.222  -2.969  61.044 0.0000000000
67490  -6.223  -3.411  59.624 0.0000000000
133870  -6.662  -4.002  59.512 0.0000000000
14817  -6.500  -3.931  59.088 0.0000000000
133865  -5.793  -0.802  61.890 0.0000000000
50686  -5.956  0.036  62.035 0.0000000000
67484  -5.759  -1.557  61.741 0.0000000000
133864  -5.873  -0.828  62.339 0.0000000000
19966  -5.956  -0.038  62.492 0.0000000000
30725  -5.895  -1.609  62.174 0.0000000000
133863  -5.970  -0.880  62.818 0.0000000000
109666  -6.012  -0.099  62.944 0.0000000000
6585  -6.131  -0.073  63.407 0.0000000000
133854  -6.687  13.566  61.325 0.0000000000
43128  -6.746  13.420  60.638 0.0000000000
67476  -6.677  13.661  61.956 0.0000000000
133853  -6.622  14.232  61.420 0.0000000000
12408  -6.642  14.091  60.745 0.0000000000
30720  -6.676  14.371  62.000 0.0000000000
133852  -6.579  14.986  61.412 0.0000000000
96062  -6.530  14.835  60.806 0.0000000000
133851  -6.685  15.078  62.011 0.0000000000
133849  -6.501  15.664  61.481 0.0000000000
4728  -6.449  15.577  60.874 0.0000000000
67474  -6.792  14.451  62.527 0.0000000000
60263  -6.429  16.282  60.907 0.0000000000
129721  -7.733  22.918  49.266 0.0000000000
42040  -7.817  22.251  49.293 0.0000000000
64213  -7.623  23.596  49.270 0.0000000000
129720  -7.613  23.288  48.674 0.0000000000
11320  -7.715  22.575  48.674 0.0000000000
29197  -7.528  23.970  48.632 0.0000000000
129719  -7.485  23.657  48.075 0.0000000000
94104  -7.574  22.937  48.087 0.0000000000
129718  -7.399  24.351  47.990 0.0000000000
129716  -7.353  24.017  47.436 0.0000000000
3640  -7.431  23.281  47.493 0.0000000000
64211  -7.485  24.644  48.547 0.0000000000
129717  -7.392  25.038  47.883 0.0000000000
29196  -7.293  24.767  47.311 0.0000000000
13723  -7.513  25.316  48.441 0.0000000000
98429  -7.386  25.692  47.794 0.0000000000
64209  -7.291  25.413  47.248 0.0000000000
129715  -7.178  24.423  46.730 0.0000000000
57000  -7.250  23.686  46.881 0.0000000000
64208  -7.133  25.123  46.662 0.0000000000
129714  -7.006  24.809  46.031 0.0000000000
24984  -7.069  24.093  46.189 0.0000000000
29195  -6.946  25.490  46.035 0.0000000000
129713  -6.848  25.180  45.420 0.0000000000
119736  -6.906  24.489  45.487 0.0000000000
129712  -6.838  25.865  45.364 0.0000000000
129704  -6.724  25.560  44.746 0.0000000000
733  -6.766  24.890  44.818 0.0000000000
64206  -6.988  26.167  45.928 0.0000000000
129711  -6.944  26.545  45.231 0.0000000000
29192  -6.816  26.263  44.636 0.0000000000
29194  -7.105  26.868  45.853 0.0000000000
129710  -7.145  27.223  45.220 0.0000000000
64199  -7.002  26.934  44.593 0.0000000000
129709  -7.260  27.599  45.804 0.0000000000
129707  -7.349  27.949  45.209 0.0000000000
5928  -7.248  27.591  44.613 0.0000000000
64204  -7.243  27.179  46.454 0.0000000000
129708  -7.359  27.924  46.386 0.0000000000
29193  -7.425  28.361  45.766 0.0000000000
13721  -7.348  27.505  47.020 0.0000000000
98425  -7.411  28.274  46.994 0.0000000000
64202  -7.483  28.709  46.403 0.0000000000
129706  -7.572  28.705  45.247 0.0000000000
98423  -7.522  28.319  44.641 0.0000000000
64201  -7.642  29.120  45.858 0.0000000000
129705  -7.757  29.492  45.337 0.0000000000
13719  -7.775  29.098  44.720 0.0000000000
23207  -7.678  29.914  45.943 0.0000000000
115589  -7.826  30.323  45.437 0.0000000000
44439  -7.942  29.916  44.815 0.0000000000
129703  -6.689  25.954  44.015 0.0000000000
47400  -6.667  25.284  44.116 0.0000000000
64198  -6.849  26.670  43.926 0.0000000000
129702  -6.764  26.341  43.291 0.0000000000
16680  -6.628  25.683  43.366 0.0000000000
29191  -6.992  26.986  43.293 0.0000000000
129701  -6.883  26.764  42.608 0.0000000000
103752  -6.667  26.112  42.683 0.0000000000
129700  -7.195  27.386  42.670 0.0000000000
129698  -7.082  27.198  41.993 0.0000000000
5927  -6.801  26.551  42.027 0.0000000000
64196  -7.282  27.602  43.362 0.0000000000
129699  -7.551  28.028  42.738 0.0000000000
29190  -7.453  27.827  42.062 0.0000000000
13718  -7.656  28.304  43.398 0.0000000000
98420  -7.947  28.732  42.809 0.0000000000
64194  -7.841  28.463  42.129 0.0000000000
129697  -7.344  27.656  41.424 0.0000000000
73080  -6.981  27.007  41.421 0.0000000000
64193  -7.736  28.274  41.468 0.0000000000
129696  -7.640  28.178  40.877 0.0000000000
29188  -8.063  28.749  40.922 0.0000000000
129694  -7.988  28.648  40.348 0.0000000000
252  -7.978  28.512  39.780 0.0000000000
129693  -8.478  29.333  40.344 0.0000000000
42033  -8.439  29.178  39.736 0.0000000000
64191  -8.550  29.497  40.985 0.0000000000
129692  -8.856  30.111  40.359 0.0000000000
11313  -8.838  29.926  39.750 0.0000000000
29187  -8.913  30.397  41.019 0.0000000000
129691  -9.120  31.073  40.362 0.0000000000
94091  -9.115  30.851  39.734 0.0000000000
129690  -9.085  31.455  40.990 0.0000000000
3633  -9.225  31.877  39.679 0.0000000000
64189  -8.978  30.752  41.682 0.0000000000
129689  -9.065  31.867  41.663 0.0000000000
13716  -8.926  31.207  42.332 0.0000000000
124652  -9.957  4.049  45.628 0.0000000000
124651  -10.051  4.471  45.211 0.0000000000
124621  -11.597  11.944  41.131 0.0000000000
124620  -11.709  12.498  41.107 0.0000000000
124610  -11.072  19.987  38.164 0.0000000000
124609  -11.124  20.451  37.691 0.0000000000
124365  -9.024  2.062  53.453 0.0000000000
50703  -9.025  2.208  52.906 0.0000000000
60306  -9.047  1.883  53.988 0.0000000000
124364  -9.152  2.724  53.644 0.0000000000
19983  -9.098  2.899  53.093 0.0000000000
26967  -9.219  2.567  54.203 0.0000000000
124363  -9.302  3.375  53.860 0.0000000000
109697  -9.185  3.531  53.286 0.0000000000
124362  -9.378  3.252  54.459 0.0000000000
124360  -9.410  4.032  54.096 0.0000000000
4741  -9.312  4.100  53.525 0.0000000000
60304  -9.256  2.447  54.789 0.0000000000
124361  -9.429  3.135  55.097 0.0000000000
26966  -9.519  3.934  54.727 0.0000000000
12421  -9.232  2.291  55.425 0.0000000000
96085  -9.409  3.012  55.798 0.0000000000
60302  -9.547  3.833  55.412 0.0000000000
124359  -9.532  4.665  54.326 0.0000000000
82988  -9.350  4.742  53.671 0.0000000000
60301  -9.577  4.589  55.012 0.0000000000
124358  -9.491  5.304  54.465 0.0000000000
26964  -9.557  5.267  55.177 0.0000000000
124356  -9.338  5.960  54.660 0.0000000000
2148  -9.092  6.556  54.098 0.0000000000
124355  -9.322  5.978  55.423 0.0000000000
50696  -9.067  6.586  54.837 0.0000000000
60299  -9.453  5.283  55.917 0.0000000000
124354  -9.203  6.017  56.125 0.0000000000
19976  -8.983  6.636  55.558 0.0000000000
26963  -9.274  5.347  56.690 0.0000000000
124353  -9.013  6.115  56.879 0.0000000000
109684  -8.856  6.731  56.239 0.0000000000
124352  -9.064  5.439  57.478 0.0000000000
124350  -8.821  6.203  57.627 0.0000000000
4739  -8.733  6.808  56.953 0.0000000000
60297  -9.241  4.611  57.237 0.0000000000
124351  -9.071  4.637  57.998 0.0000000000
26962  -8.892  5.491  58.202 0.0000000000
12419  -9.146  3.756  57.713 0.0000000000
96081  -8.956  3.737  58.528 0.0000000000
60295  -8.865  4.664  58.765 0.0000000000
124349  -8.631  6.257  58.346 0.0000000000
82966  -8.548  6.882  57.684 0.0000000000
60294  -8.655  5.534  58.941 0.0000000000
124348  -8.391  6.309  59.066 0.0000000000
26960  -8.397  5.575  59.676 0.0000000000
124346  -8.119  6.342  59.756 0.0000000000
2147  -7.830  7.069  59.770 0.0000000000
124345  -8.129  5.589  60.410 0.0000000000
50689  -7.813  6.353  60.421 0.0000000000
60292  -8.365  4.695  60.213 0.0000000000
124344  -8.066  4.677  60.859 0.0000000000
19969  -7.802  5.551  61.016 0.0000000000
26959  -8.234  3.680  60.594 0.0000000000
124343  -7.902  3.706  61.202 0.0000000000
109671  -7.730  4.634  61.452 0.0000000000
124342  -7.922  2.777  60.815 0.0000000000
124340  -7.585  2.787  61.345 0.0000000000
4737  -7.529  3.676  61.731 0.0000000000
60290  -8.236  2.754  60.213 0.0000000000
124341  -7.786  1.912  60.272 0.0000000000
26958  -7.487  1.919  60.823 0.0000000000
12417  -8.112  1.969  59.692 0.0000000000
96077  -7.600  1.186  59.655 0.0000000000
60288  -7.281  1.125  60.193 0.0000000000
124339  -7.177  1.905  61.340 0.0000000000
82944  -7.272  2.765  61.832 0.0000000000
60287  -6.983  1.119  60.737 0.0000000000
124338  -6.691  1.038  61.230 0.0000000000
124334  -6.712  5.925  65.341 0.0000000000
50681  -6.656  6.769  65.066 0.0000000000
60284  -6.777  5.026  65.588 0.0000000000
124323  -8.386  12.332  55.816 0.0000000000
50673  -8.647  12.236  55.158 0.0000000000
60276  -8.095  12.453  56.465 0.0000000000
124322  -8.432  13.088  55.895 0.0000000000
19953  -8.737  12.953  55.276 0.0000000000
26949  -8.106  13.189  56.571 0.0000000000
124321  -8.408  13.813  56.032 0.0000000000
109643  -8.708  13.730  55.341 0.0000000000
124320  -8.090  13.902  56.676 0.0000000000
124318  -8.378  14.529  56.042 0.0000000000
4731  -8.647  14.414  55.397 0.0000000000
60274  -7.791  13.296  57.240 0.0000000000
124319  -7.754  14.018  57.330 0.0000000000
26948  -8.036  14.619  56.725 0.0000000000
12411  -7.494  13.429  57.856 0.0000000000
96067  -7.396  14.160  58.003 0.0000000000
60272  -7.679  14.759  57.393 0.0000000000
124317  -8.259  15.240  56.058 0.0000000000
82898  -8.539  15.115  55.387 0.0000000000
60271  -7.931  15.355  56.763 0.0000000000
124316  -8.119  15.981  56.068 0.0000000000
26946  -7.756  16.106  56.763 0.0000000000
124314  -7.954  16.688  56.033 0.0000000000
2144  -8.066  17.266  55.305 0.0000000000
124313  -7.647  16.850  56.701 0.0000000000
50666  -7.741  17.412  55.992 0.0000000000
60269  -7.404  16.291  57.480 0.0000000000
124312  -7.299  17.005  57.395 0.0000000000
19946  -7.415  17.615  56.651 0.0000000000
26945  -7.080  16.459  58.187 0.0000000000
124311  -6.955  17.177  58.133 0.0000000000
109630  -7.109  17.718  57.318 0.0000000000
124310  -6.771  16.632  58.925 0.0000000000
124308  -6.653  17.363  58.866 0.0000000000
4729  -6.817  17.911  58.054 0.0000000000
60267  -6.890  15.870  58.868 0.0000000000
124309  -6.634  16.007  59.547 0.0000000000
26944  -6.539  16.770  59.623 0.0000000000
12409  -6.721  15.281  59.516 0.0000000000
96063  -6.550  15.433  60.187 0.0000000000
60265  -6.476  16.151  60.243 0.0000000000
82876  -6.585  18.116  58.765 0.0000000000
124302  -6.767  23.876  55.902 0.0000000000
50658  -6.823  23.689  55.217 0.0000000000
19938  -6.850  24.347  55.170 0.0000000000
119755  -9.163  17.531  49.464 0.0000000000
47410  -9.497  16.926  49.588 0.0000000000
57013  -8.853  18.109  49.393 0.0000000000
119754  -9.021  17.874  48.791 0.0000000000
16690  -9.384  17.292  48.937 0.0000000000
24991  -8.723  18.431  48.778 0.0000000000
119753  -8.831  18.187  48.201 0.0000000000
103770  -9.200  17.605  48.300 0.0000000000
119752  -8.523  18.753  48.156 0.0000000000
119750  -8.623  18.476  47.595 0.0000000000
3643  -8.973  17.888  47.686 0.0000000000
57011  -8.402  19.028  48.715 0.0000000000
119751  -8.242  19.354  48.088 0.0000000000
24990  -8.346  19.078  47.522 0.0000000000
11323  -8.152  19.720  48.644 0.0000000000
94109  -8.065  20.077  48.006 0.0000000000
57009  -8.147  19.723  47.461 0.0000000000
119749  -8.442  18.793  46.955 0.0000000000
73110  -8.784  18.173  47.067 0.0000000000
57008  -8.189  19.438  46.872 0.0000000000
119748  -8.337  19.175  46.358 0.0000000000
24988  -8.110  19.800  46.309 0.0000000000
119746  -8.228  19.527  45.754 0.0000000000
1609  -8.402  19.208  45.214 0.0000000000
119745  -7.999  20.173  45.691 0.0000000000
47403  -8.140  19.899  45.132 0.0000000000
57006  -7.914  20.457  46.297 0.0000000000
119744  -7.799  20.880  45.746 0.0000000000
16683  -7.920  20.587  45.106 0.0000000000
24987  -7.716  21.175  46.334 0.0000000000
119743  -7.568  21.602  45.746 0.0000000000
103757  -7.724  21.250  45.209 0.0000000000
119742  -7.504  21.887  46.303 0.0000000000
119740  -7.323  22.324  45.715 0.0000000000
3641  -7.421  21.980  45.143 0.0000000000
57004  -7.667  21.468  46.883 0.0000000000
119741  -7.521  22.216  46.890 0.0000000000
24986  -7.348  22.632  46.325 0.0000000000
11321  -7.672  21.864  47.438 0.0000000000
94105  -7.535  22.581  47.472 0.0000000000
57002  -7.388  22.968  46.919 0.0000000000
119739  -7.143  23.052  45.734 0.0000000000
73088  -7.161  22.721  45.098 0.0000000000
57001  -7.196  23.367  46.294 0.0000000000
119738  -6.982  23.770  45.609 0.0000000000
119734  -8.534  24.138  39.653 0.0000000000
47395  -8.938  23.476  39.904 0.0000000000
56998  -8.074  24.789  39.398 0.0000000000
119733  -8.566  24.583  39.048 0.0000000000
16675  -8.973  23.901  39.284 0.0000000000
24982  -8.130  25.263  38.777 0.0000000000
119732  -8.593  25.068  38.427 0.0000000000
103743  -8.994  24.371  38.681 0.0000000000
119731  -8.193  25.809  38.175 0.0000000000
119729  -8.549  25.573  37.793 0.0000000000
3638  -9.009  24.897  38.046 0.0000000000
56996  -7.745  26.079  38.579 0.0000000000
119730  -7.826  26.620  37.963 0.0000000000
24981  -8.203  26.341  37.591 0.0000000000
11318  -7.575  26.897  38.469 0.0000000000
94100  -7.810  27.397  37.898 0.0000000000
56994  -8.025  27.100  37.458 0.0000000000
119728  -8.577  26.029  37.245 0.0000000000
73065  -8.951  25.329  37.469 0.0000000000
56993  -8.241  26.811  37.055 0.0000000000
119727  -8.597  26.485  36.727 0.0000000000
24979  -8.350  27.237  36.548 0.0000000000
119725  -8.570  26.940  36.215 0.0000000000
1606  -8.829  26.622  35.855 0.0000000000
119724  -8.419  27.756  35.955 0.0000000000
47388  -8.568  27.472  35.623 0.0000000000
56991  -8.292  28.025  36.391 0.0000000000
119723  -8.463  28.473  35.851 0.0000000000
16668  -8.451  28.257  35.420 0.0000000000
24978  -8.431  28.729  36.327 0.0000000000
119722  -8.499  29.220  35.747 0.0000000000
103730  -8.453  28.976  35.293 0.0000000000
119721  -8.561  29.438  36.230 0.0000000000
119719  -8.603  29.951  35.654 0.0000000000
3636  -8.472  29.725  35.155 0.0000000000
56989  -8.478  28.967  36.840 0.0000000000
119720  -8.731  29.670  36.770 0.0000000000
24977  -8.775  30.139  36.181 0.0000000000
11316  -8.579  29.199  37.378 0.0000000000
94096  -8.906  29.891  37.316 0.0000000000
56987  -8.984  30.417  36.700 0.0000000000
119718  -8.755  30.708  35.583 0.0000000000
73043  -8.585  30.440  35.105 0.0000000000
56986  -8.982  31.003  36.115 0.0000000000
119717  -8.864  31.522  35.497 0.0000000000
24975  -9.113  31.831  35.988 0.0000000000
119715  -8.946  32.339  35.400 0.0000000000
1605  -8.733  32.913  34.861 0.0000000000
119714  -9.181  32.683  35.918 0.0000000000
47381  -8.956  33.240  35.336 0.0000000000
56984  -9.274  32.120  36.548 0.0000000000
119713  -9.295  33.041  36.522 0.0000000000
16661  -9.112  33.599  35.853 0.0000000000
24974  -9.337  32.493  37.160 0.0000000000
119712  -9.251  33.500  37.085 0.0000000000
103717  -9.125  34.040  36.401 0.0000000000
119711  -9.325  32.964  37.752 0.0000000000
119709  -9.181  33.964  37.674 0.0000000000
3634  -9.034  34.454  36.950 0.0000000000
56982  -9.358  31.867  37.833 0.0000000000
119710  -9.346  32.298  38.433 0.0000000000
24973  -9.249  33.394  38.326 0.0000000000
11314  -9.306  31.226  38.507 0.0000000000
94092  -9.298  31.548  39.109 0.0000000000
56980  -9.301  32.661  39.004 0.0000000000
117235  -8.283  7.760  48.636 0.0000000000
45610  -8.384  7.066  48.607 0.0000000000
55213  -8.327  8.427  48.660 0.0000000000
117234  -8.267  8.278  48.055 0.0000000000
14890  -8.336  7.522  48.049 0.0000000000
23911  -8.416  8.949  48.085 0.0000000000
117233  -8.445  8.809  47.454 0.0000000000
100530  -8.365  8.071  47.447 0.0000000000
117232  -8.688  9.434  47.554 0.0000000000
117230  -8.666  9.378  46.860 0.0000000000
3043  -8.530  8.621  46.850 0.0000000000
55211  -8.769  9.503  48.214 0.0000000000
117231  -9.045  9.952  47.715 0.0000000000
23910  -8.992  9.916  47.076 0.0000000000
10723  -9.076  9.996  48.327 0.0000000000
93029  -9.345  10.368  47.866 0.0000000000
55209  -9.353  10.380  47.234 0.0000000000
117229  -9.005  9.816  46.416 0.0000000000
67710  -8.804  9.149  46.295 0.0000000000
55208  -9.304  10.338  46.600 0.0000000000
117228  -9.324  10.191  45.988 0.0000000000
23908  -9.600  10.667  46.119 0.0000000000
117226  -9.633  10.486  45.543 0.0000000000
1122  -9.747  10.200  45.087 0.0000000000
117225  -9.906  10.961  45.646 0.0000000000
45603  -9.955  10.748  45.156 0.0000000000
55206  -9.925  11.141  46.227 0.0000000000
117224  -10.181  11.474  45.785 0.0000000000
14883  -10.183  11.263  45.246 0.0000000000
23907  -10.254  11.616  46.339 0.0000000000
117223  -10.429  11.957  45.914 0.0000000000
100517  -10.413  11.784  45.357 0.0000000000
117222  -10.497  12.059  46.521 0.0000000000
117220  -10.669  12.474  46.027 0.0000000000
3041  -10.625  12.320  45.450 0.0000000000
55204  -10.301  11.704  46.997 0.0000000000
117221  -10.605  12.238  47.142 0.0000000000
23906  -10.766  12.625  46.628 0.0000000000
10721  -10.387  11.782  47.648 0.0000000000
93025  -10.693  12.340  47.789 0.0000000000
55202  -10.858  12.801  47.270 0.0000000000
117219  -10.881  13.033  46.128 0.0000000000
67688  -10.821  12.864  45.559 0.0000000000
55201  -10.957  13.208  46.734 0.0000000000
117218  -11.018  13.609  46.205 0.0000000000
115597  -7.465  28.555  48.652 0.0000000000
44440  -7.514  27.737  48.739 0.0000000000
54043  -7.353  29.360  48.636 0.0000000000
115596  -7.437  29.010  48.056 0.0000000000
13720  -7.448  28.210  48.128 0.0000000000
115595  -7.394  29.449  47.541 0.0000000000
98424  -7.416  28.668  47.563 0.0000000000
115592  -7.445  29.900  47.008 0.0000000000
2653  -7.466  29.090  46.980 0.0000000000
115591  -7.538  30.336  46.484 0.0000000000
64200  -7.549  29.514  46.452 0.0000000000
115590  -7.664  30.795  45.970 0.0000000000
115588  -7.857  31.225  45.418 0.0000000000
732  -8.044  30.778  44.862 0.0000000000
110072  -10.316  5.814  43.814 0.0000000000
110071  -10.315  6.318  43.363 0.0000000000
110032  -11.633  14.194  40.972 0.0000000000
110031  -11.514  14.808  40.946 0.0000000000
110018  -11.251  21.818  36.158 0.0000000000
110017  -11.316  22.243  35.537 0.0000000000
109719  -9.244  -1.420  50.330 0.0000000000
9018  -9.531  -0.762  50.075 0.0000000000
109721  -9.147  -2.007  50.114 0.0000000000
19995  -8.920  -2.083  50.528 0.0000000000
109718  -9.000  -1.469  50.758 0.0000000000
83021  -9.316  -0.826  50.544 0.0000000000
50714  -8.616  -2.129  50.914 0.0000000000
109717  -8.727  -1.508  51.159 0.0000000000
19993  -8.319  -2.137  51.317 0.0000000000
109715  -8.462  -1.519  51.591 0.0000000000
9017  -8.561  -0.937  51.801 0.0000000000
109714  -8.035  -2.121  51.731 0.0000000000
83014  -8.177  -1.549  52.005 0.0000000000
50712  -7.959  -2.729  51.456 0.0000000000
109713  -7.671  -2.761  51.882 0.0000000000
19991  -7.534  -3.402  51.593 0.0000000000
109711  -7.253  -3.472  51.950 0.0000000000
4744  -6.986  -3.551  52.295 0.0000000000
124374  -6.836  -4.153  51.993 0.0000000000
124375  -7.090  -4.091  51.650 0.0000000000
109709  -7.276  -2.165  54.196 0.0000000000
83006  -7.653  -1.445  54.075 0.0000000000
50709  -6.970  -2.844  54.316 0.0000000000
109708  -7.166  -2.297  54.697 0.0000000000
19988  -6.844  -2.996  54.801 0.0000000000
109706  -7.035  -2.421  55.192 0.0000000000
6589  -7.295  -1.858  55.591 0.0000000000
133891  -6.894  -2.532  55.664 0.0000000000
133892  -6.732  -3.131  55.273 0.0000000000
109704  -9.325  2.391  51.173 0.0000000000
82998  -9.461  2.470  50.599 0.0000000000
50706  -9.189  2.337  51.753 0.0000000000
109703  -9.254  3.089  51.324 0.0000000000
19985  -9.166  3.022  51.909 0.0000000000
109701  -9.186  3.749  51.456 0.0000000000
9014  -9.161  4.467  51.045 0.0000000000
109700  -9.175  3.704  52.082 0.0000000000
82991  -9.091  4.439  51.646 0.0000000000
50704  -9.116  2.968  52.495 0.0000000000
109699  -9.166  3.640  52.689 0.0000000000
109695  -8.759  7.192  52.192 0.0000000000
82983  -8.679  7.299  51.590 0.0000000000
50701  -8.800  7.138  52.837 0.0000000000
109694  -8.565  7.748  52.245 0.0000000000
19980  -8.548  7.667  52.899 0.0000000000
109692  -8.415  8.298  52.318 0.0000000000
9012  -8.442  8.956  51.732 0.0000000000
109691  -8.341  8.245  53.006 0.0000000000
82976  -8.359  8.919  52.394 0.0000000000
50699  -8.536  7.652  53.592 0.0000000000
109690  -8.261  8.280  53.712 0.0000000000
19978  -8.514  7.697  54.302 0.0000000000
109688  -8.167  8.332  54.398 0.0000000000
9011  -7.972  8.984  54.441 0.0000000000
109687  -8.379  7.780  54.959 0.0000000000
82969  -8.099  8.378  55.019 0.0000000000
50697  -8.725  7.186  54.922 0.0000000000
109686  -8.618  7.263  55.611 0.0000000000
109682  -7.395  8.924  58.472 0.0000000000
82961  -7.420  9.463  57.835 0.0000000000
50694  -7.469  8.384  59.133 0.0000000000
109681  -7.253  8.994  59.230 0.0000000000
19973  -7.269  8.388  59.901 0.0000000000
109679  -7.079  9.037  60.045 0.0000000000
9009  -6.991  9.753  60.146 0.0000000000
109678  -7.044  8.460  60.701 0.0000000000
82954  -6.906  9.134  60.821 0.0000000000
50692  -7.271  7.796  60.557 0.0000000000
109677  -6.988  7.836  61.332 0.0000000000
19971  -7.283  7.129  61.157 0.0000000000
109675  -6.992  7.141  61.820 0.0000000000
9008  -6.782  7.129  62.483 0.0000000000
109674  -7.232  6.327  61.740 0.0000000000
82947  -6.966  6.323  62.340 0.0000000000
50690  -7.527  6.330  61.109 0.0000000000
109673  -7.486  5.511  61.607 0.0000000000
109669  -6.369  1.615  63.213 0.0000000000
82939  -6.498  2.509  63.712 0.0000000000
50687  -6.166  0.842  62.635 0.0000000000
109668  -6.124  0.689  63.094 0.0000000000
109664  -6.547  9.332  64.043 0.0000000000
82931  -6.533  10.122  63.586 0.0000000000
50684  -6.555  8.523  64.436 0.0000000000
109663  -6.636  9.278  64.499 0.0000000000
19963  -6.672  8.424  64.865 0.0000000000
109650  -9.403  12.095  53.260 0.0000000000
82908  -9.625  12.049  52.615 0.0000000000
50676  -9.166  12.128  53.887 0.0000000000
109649  -9.505  12.759  53.366 0.0000000000
19955  -9.245  12.800  53.991 0.0000000000
109647  -9.475  13.420  53.428 0.0000000000
9002  -9.588  13.996  52.832 0.0000000000
109646  -9.244  13.493  54.076 0.0000000000
82901  -9.372  14.092  53.448 0.0000000000
50674  -8.996  12.861  54.639 0.0000000000
109645  -8.989  13.605  54.708 0.0000000000
109641  -8.589  17.645  53.242 0.0000000000
82893  -8.742  17.547  52.638 0.0000000000
50671  -8.397  17.758  53.871 0.0000000000
109640  -8.337  18.312  53.139 0.0000000000
19950  -8.082  18.473  53.820 0.0000000000
109638  -7.964  19.043  53.090 0.0000000000
9000  -7.906  19.689  52.440 0.0000000000
109637  -7.736  19.228  53.818 0.0000000000
82886  -7.702  19.847  53.154 0.0000000000
50669  -7.787  18.639  54.528 0.0000000000
109636  -7.499  19.426  54.490 0.0000000000
19948  -7.525  18.814  55.184 0.0000000000
109634  -7.247  19.621  55.153 0.0000000000
8999  -7.091  20.359  55.151 0.0000000000
109633  -7.252  18.977  55.879 0.0000000000
82879  -7.035  19.793  55.899 0.0000000000
50667  -7.489  18.182  55.938 0.0000000000
109632  -7.197  18.358  56.605 0.0000000000
109623  -7.226  23.231  53.130 0.0000000000
82863  -7.365  23.087  52.459 0.0000000000
50661  -7.084  23.412  53.799 0.0000000000
109622  -7.220  23.902  53.061 0.0000000000
19940  -7.070  24.040  53.743 0.0000000000
109620  -7.178  24.490  53.024 0.0000000000
8996  -7.318  25.041  52.315 0.0000000000
109619  -7.024  24.625  53.677 0.0000000000
82856  -7.157  25.175  52.982 0.0000000000
50659  -6.938  24.173  54.458 0.0000000000
109618  -6.913  24.809  54.439 0.0000000000
109616  -6.829  24.967  55.148 0.0000000000
103777  -10.475  14.951  49.816 0.0000000000
73120  -10.675  14.249  49.854 0.0000000000
47413  -10.180  15.646  49.779 0.0000000000
103776  -10.467  15.394  49.214 0.0000000000
16692  -10.125  16.040  49.128 0.0000000000
103774  -10.400  15.782  48.583 0.0000000000
7597  -10.594  15.545  48.022 0.0000000000
103773  -10.037  16.402  48.478 0.0000000000
73113  -10.257  16.174  47.929 0.0000000000
47411  -9.756  16.669  49.044 0.0000000000
103772  -9.627  16.994  48.427 0.0000000000
103768  -9.386  17.742  44.810 0.0000000000
73105  -9.801  17.161  44.846 0.0000000000
47408  -8.962  18.339  44.742 0.0000000000
103767  -9.243  18.099  44.161 0.0000000000
16687  -8.875  18.729  44.124 0.0000000000
103765  -9.158  18.518  43.578 0.0000000000
7595  -9.364  18.314  43.039 0.0000000000
103764  -8.888  19.187  43.566 0.0000000000
73098  -9.125  19.019  43.030 0.0000000000
47406  -8.627  19.424  44.093 0.0000000000
103763  -8.718  19.920  43.549 0.0000000000
16685  -8.425  20.117  44.056 0.0000000000
103761  -8.573  20.559  43.496 0.0000000000
7594  -8.677  21.043  42.918 0.0000000000
103760  -8.212  20.787  44.008 0.0000000000
73091  -8.276  21.228  43.441 0.0000000000
47404  -8.143  20.348  44.560 0.0000000000
103759  -7.924  21.028  44.553 0.0000000000
103755  -6.655  24.743  42.916 0.0000000000
73083  -6.784  24.464  42.322 0.0000000000
47401  -6.619  25.040  43.494 0.0000000000
103754  -6.582  25.443  42.795 0.0000000000
103750  -9.724  21.439  40.447 0.0000000000
73075  -9.808  20.792  40.575 0.0000000000
47398  -9.558  22.118  40.271 0.0000000000
103749  -9.814  21.925  39.898 0.0000000000
16677  -9.594  22.575  39.708 0.0000000000
103747  -9.847  22.351  39.364 0.0000000000
7591  -10.069  22.106  39.041 0.0000000000
103746  -9.628  23.010  39.147 0.0000000000
73068  -9.896  22.788  38.818 0.0000000000
47396  -9.321  23.227  39.502 0.0000000000
103745  -9.369  23.669  38.906 0.0000000000
103741  -9.573  24.986  36.029 0.0000000000
73060  -9.888  24.337  36.261 0.0000000000
47393  -9.276  25.647  35.784 0.0000000000
103740  -9.503  25.359  35.510 0.0000000000
16672  -9.188  26.079  35.286 0.0000000000
103738  -9.432  25.849  34.966 0.0000000000
7588  -9.701  25.622  34.605 0.0000000000
103737  -9.082  26.649  34.704 0.0000000000
73053  -9.343  26.417  34.351 0.0000000000
47391  -8.862  26.902  35.003 0.0000000000
103736  -8.761  27.440  34.438 0.0000000000
16670  -8.620  27.700  34.764 0.0000000000
103734  -8.567  28.191  34.238 0.0000000000
7587  -8.567  28.731  33.689 0.0000000000
103733  -8.482  28.466  34.561 0.0000000000
73046  -8.460  28.972  34.035 0.0000000000
47389  -8.508  28.006  35.071 0.0000000000
103732  -8.400  28.752  34.879 0.0000000000
100537  -9.126  5.272  48.536 0.0000000000
67720  -9.353  4.704  48.487 0.0000000000
45613  -8.864  5.847  48.560 0.0000000000
100536  -9.054  5.562  48.067 0.0000000000
14892  -8.767  6.153  48.054 0.0000000000
100534  -8.979  5.907  47.570 0.0000000000
6631  -9.181  5.740  47.120 0.0000000000
100533  -8.717  6.540  47.524 0.0000000000
67713  -8.915  6.299  47.057 0.0000000000
45611  -8.521  6.798  48.038 0.0000000000
100532  -8.469  7.248  47.440 0.0000000000
100528  -9.604  8.823  44.496 0.0000000000
67705  -9.548  8.160  44.499 0.0000000000
45608  -9.722  9.407  44.557 0.0000000000
100527  -9.869  9.188  44.109 0.0000000000
14887  -10.006  9.738  44.178 0.0000000000
100525  -10.131  9.520  43.697 0.0000000000
6628  -10.325  9.333  43.278 0.0000000000
100524  -10.282  10.078  43.760 0.0000000000
67698  -10.456  9.849  43.310 0.0000000000
45606  -10.197  10.278  44.254 0.0000000000
100523  -10.449  10.613  43.830 0.0000000000
14885  -10.356  10.795  44.287 0.0000000000
100521  -10.609  11.111  43.872 0.0000000000
6627  -10.864  11.416  43.423 0.0000000000
100520  -10.508  11.347  44.335 0.0000000000
67691  -10.754  11.666  43.895 0.0000000000
45604  -10.240  11.049  44.742 0.0000000000
100519  -10.445  11.538  44.826 0.0000000000
100400  -6.094  -3.266  58.788 0.0000000000
6587  -5.891  -2.609  59.251 0.0000000000
100402  -6.137  -3.156  58.383 0.0000000000
14818  -6.354  -3.887  58.313 0.0000000000
100399  -6.406  -3.906  58.681 0.0000000000
67489  -6.133  -3.311  59.210 0.0000000000
45537  -6.751  -4.486  58.253 0.0000000000
100398  -6.914  -4.531  58.595 0.0000000000
67473  -6.922  13.788  62.966 0.0000000000
98431  -7.569  25.565  48.981 0.0000000000
64210  -7.585  24.919  49.108 0.0000000000
44443  -7.551  26.226  48.861 0.0000000000
98430  -7.460  25.942  48.318 0.0000000000
13722  -7.475  26.663  48.233 0.0000000000
98428  -7.361  26.355  47.713 0.0000000000
5929  -7.260  26.059  47.186 0.0000000000
98427  -7.402  27.115  47.594 0.0000000000
64203  -7.288  26.762  47.099 0.0000000000
44441  -7.468  27.424  48.183 0.0000000000
98426  -7.402  27.900  47.624 0.0000000000
98422  -7.749  28.723  44.093 0.0000000000
64195  -7.429  27.968  44.029 0.0000000000
44438  -8.016  29.527  44.186 0.0000000000
98421  -8.041  29.093  43.511 0.0000000000
13717  -8.347  29.942  43.597 0.0000000000
98419  -8.366  29.510  42.926 0.0000000000
5926  -8.266  29.168  42.224 0.0000000000
98418  -8.715  30.546  42.978 0.0000000000
64188  -8.699  30.125  42.305 0.0000000000
44436  -8.552  30.991  43.632 0.0000000000
96217  -10.071  0.514  48.098 0.0000000000
60520  -10.042  -0.085  47.980 0.0000000000
43213  -10.022  1.165  48.129 0.0000000000
96216  -10.121  0.939  47.691 0.0000000000
12493  -10.121  0.382  47.603 0.0000000000
12492  -10.032  1.570  47.739 0.0000000000
96214  -10.155  1.343  47.296 0.0000000000
96215  -10.187  0.755  47.202 0.0000000000
124665  -10.180  0.156  47.094 0.0000000000
4812  -10.253  1.162  46.816 0.0000000000
60519  -10.265  0.585  46.725 0.0000000000
96213  -10.037  1.975  47.342 0.0000000000
60513  -10.168  1.737  46.877 0.0000000000
43211  -9.905  2.197  47.770 0.0000000000
96212  -9.869  2.564  47.343 0.0000000000
12491  -10.029  2.316  46.898 0.0000000000
96211  -9.864  2.886  46.903 0.0000000000
124655  -10.020  2.661  46.474 0.0000000000
60512  -9.862  3.223  46.474 0.0000000000
96199  -10.948  9.981  41.320 0.0000000000
96198  -11.155  10.409  41.263 0.0000000000
96194  -10.886  18.191  39.902 0.0000000000
96193  -10.934  18.632  39.476 0.0000000000
96087  -8.997  1.473  55.707 0.0000000000
60303  -9.087  1.617  55.075 0.0000000000
43141  -8.852  1.401  56.372 0.0000000000
96086  -9.148  2.195  56.112 0.0000000000
12420  -9.013  2.116  56.833 0.0000000000
96084  -9.300  2.930  56.528 0.0000000000
4740  -9.491  3.736  56.142 0.0000000000
96083  -9.143  2.882  57.299 0.0000000000
60296  -9.329  3.741  56.912 0.0000000000
43139  -8.831  2.059  57.601 0.0000000000
96082  -8.946  2.865  58.091 0.0000000000
12418  -8.622  2.040  58.335 0.0000000000
96080  -8.751  2.811  58.829 0.0000000000
4738  -8.745  3.688  59.371 0.0000000000
96079  -8.387  2.014  59.033 0.0000000000
60289  -8.507  2.768  59.549 0.0000000000
43137  -8.195  1.279  58.480 0.0000000000
96078  -7.912  1.249  59.099 0.0000000000
96069  -7.256  12.812  58.510 0.0000000000
60273  -7.486  12.678  57.865 0.0000000000
43131  -7.044  12.986  59.168 0.0000000000
96068  -7.218  13.562  58.521 0.0000000000
12410  -6.953  13.725  59.259 0.0000000000
96066  -7.064  14.325  58.725 0.0000000000
4730  -7.317  14.937  58.065 0.0000000000
96065  -6.821  14.465  59.426 0.0000000000
60266  -6.950  15.112  58.825 0.0000000000
43129  -6.744  13.888  60.008 0.0000000000
96064  -6.647  14.639  60.114 0.0000000000
94111  -8.101  20.071  49.244 0.0000000000
57010  -8.240  19.355  49.285 0.0000000000
42043  -7.982  20.822  49.268 0.0000000000
94110  -7.995  20.442  48.628 0.0000000000
11322  -7.886  21.141  48.652 0.0000000000
94108  -7.898  20.773  48.032 0.0000000000
3642  -7.973  20.414  47.422 0.0000000000
94107  -7.792  21.490  48.035 0.0000000000
57003  -7.772  21.118  47.453 0.0000000000
42041  -7.828  21.848  48.659 0.0000000000
94106  -7.700  22.209  48.054 0.0000000000
94102  -7.307  27.185  39.001 0.0000000000
56995  -7.351  26.360  39.044 0.0000000000
42038  -7.598  27.810  39.028 0.0000000000
94101  -7.646  27.648  38.454 0.0000000000
11317  -7.973  28.248  38.525 0.0000000000
94099  -8.015  28.063  37.951 0.0000000000
3637  -8.038  27.813  37.414 0.0000000000
94098  -8.369  28.772  37.972 0.0000000000
56988  -8.297  28.533  37.428 0.0000000000
42036  -8.413  28.934  38.525 0.0000000000
94097  -8.708  29.426  37.939 0.0000000000
11315  -8.806  29.578  38.522 0.0000000000
94095  -9.017  30.100  37.911 0.0000000000
3635  -9.139  30.653  37.257 0.0000000000
94094  -9.125  30.330  38.509 0.0000000000
56981  -9.281  30.905  37.873 0.0000000000
42034  -8.839  29.749  39.124 0.0000000000
94093  -9.141  30.563  39.130 0.0000000000
93031  -9.124  10.123  48.906 0.0000000000
55210  -8.835  9.580  48.840 0.0000000000
41443  -9.540  10.551  49.123 0.0000000000
93030  -9.409  10.454  48.470 0.0000000000
10722  -9.834  10.894  48.672 0.0000000000
93028  -9.723  10.817  48.012 0.0000000000
3042  -9.689  10.806  47.363 0.0000000000
93027  -10.112  11.319  48.160 0.0000000000
55203  -10.031  11.265  47.494 0.0000000000
41441  -10.290  11.422  48.869 0.0000000000
93026  -10.476  11.878  48.316 0.0000000000
93013  -10.962  26.768  31.950 0.0000000000
93012  -10.557  27.599  31.679 0.0000000000
83612  -10.300  6.847  42.914 0.0000000000
83545  -11.357  15.400  40.921 0.0000000000
83544  -11.203  15.995  40.900 0.0000000000
83522  -11.434  22.652  34.971 0.0000000000
83521  -11.583  23.076  34.428 0.0000000000
83025  -9.750  -0.109  49.793 0.0000000000
83023  -9.572  -0.181  50.253 0.0000000000
83018  -8.642  -0.375  52.014 0.0000000000
83016  -8.288  -0.990  52.250 0.0000000000
83011  -6.803  -3.662  52.702 0.0000000000
124370  -6.502  -4.369  52.752 0.0000000000
124371  -6.644  -4.243  52.359 0.0000000000
83008  -8.027  -0.773  53.917 0.0000000000
83003  -7.631  -1.277  55.958 0.0000000000
133887  -7.422  -1.337  56.455 0.0000000000
133888  -7.139  -1.945  56.081 0.0000000000
83000  -9.586  2.530  50.083 0.0000000000
82995  -9.060  5.090  50.607 0.0000000000
82993  -9.030  5.074  51.217 0.0000000000
82985  -8.582  7.379  51.009 0.0000000000
82980  -8.701  9.596  51.169 0.0000000000
82978  -8.571  9.582  51.812 0.0000000000
82973  -7.925  9.614  54.580 0.0000000000
82971  -7.849  9.045  55.149 0.0000000000
82963  -7.498  9.985  57.244 0.0000000000
82958  -6.937  10.473  60.234 0.0000000000
82956  -6.811  9.846  60.910 0.0000000000
82951  -6.638  7.085  63.103 0.0000000000
82949  -6.755  6.303  62.930 0.0000000000
82941  -6.566  3.430  64.070 0.0000000000
82933  -6.549  10.863  63.015 0.0000000000
82910  -9.838  11.964  52.004 0.0000000000
82905  -9.641  14.653  52.172 0.0000000000
82903  -9.432  14.746  52.758 0.0000000000
82895  -8.887  17.419  51.974 0.0000000000
82890  -7.892  20.267  51.825 0.0000000000
82888  -7.711  20.440  52.520 0.0000000000
82883  -6.980  21.088  55.223 0.0000000000
82881  -6.930  20.539  55.872 0.0000000000
82865  -7.513  22.944  51.784 0.0000000000
82860  -7.445  25.584  51.567 0.0000000000
82858  -7.297  25.735  52.234 0.0000000000
73122  -10.755  13.551  49.897 0.0000000000
73117  -10.725  15.377  47.397 0.0000000000
73115  -10.440  15.960  47.362 0.0000000000
73107  -10.150  16.589  44.928 0.0000000000
73102  -9.653  18.073  42.635 0.0000000000
73100  -9.416  18.761  42.556 0.0000000000
73095  -8.745  21.551  42.366 0.0000000000
73093  -8.363  21.726  42.894 0.0000000000
73085  -7.078  24.225  41.757 0.0000000000
73077  -9.945  20.098  40.632 0.0000000000
73072  -10.243  21.927  38.645 0.0000000000
73070  -10.076  22.609  38.466 0.0000000000
73062  -10.142  23.693  36.491 0.0000000000
73057  -10.042  25.352  34.238 0.0000000000
73055  -9.640  26.175  33.949 0.0000000000
73050  -8.651  29.276  33.114 0.0000000000
73048  -8.458  29.477  33.502 0.0000000000
67722  -9.516  4.109  48.446 0.0000000000
67717  -9.361  5.523  46.592 0.0000000000
67715  -9.154  6.133  46.577 0.0000000000
67707  -9.600  7.471  44.548 0.0000000000
67702  -10.430  9.137  42.871 0.0000000000
67700  -10.587  9.645  42.887 0.0000000000
67695  -11.113  11.685  42.978 0.0000000000
67693  -10.983  11.970  43.431 0.0000000000
67685  -11.194  14.039  43.021 0.0000000000
67498  -6.587  -1.554  57.883 0.0000000000
67500  -6.878  -1.505  57.414 0.0000000000
6588  -6.580  -2.175  57.451 0.0000000000
67496  -6.317  -2.245  57.941 0.0000000000
100403  -6.218  -3.033  57.986 0.0000000000
100404  -6.337  -2.908  57.562 0.0000000000
67493  -5.761  -1.938  59.791 0.0000000000
67491  -5.883  -2.704  59.751 0.0000000000
67483  -5.989  -2.248  61.637 0.0000000000
67475  -6.745  13.751  62.495 0.0000000000
64212  -7.580  24.260  49.182 0.0000000000
64207  -7.119  25.779  46.612 0.0000000000
64205  -7.144  26.457  46.520 0.0000000000
64197  -7.109  27.284  43.985 0.0000000000
64192  -8.148  28.896  41.564 0.0000000000
64190  -8.681  29.741  41.668 0.0000000000
60521  -10.102  -0.247  47.493 0.0000000000
60517  -10.341  1.023  46.355 0.0000000000
60515  -10.273  1.569  46.415 0.0000000000
60516  -10.435  1.369  45.954 0.0000000000
27093  -10.283  1.931  46.015 0.0000000000
124658  -10.478  1.746  45.570 0.0000000000
60514  -10.140  2.113  46.459 0.0000000000
124656  -10.157  2.488  46.044 0.0000000000
60511  -9.891  3.592  46.048 0.0000000000
27092  -10.039  3.029  46.061 0.0000000000
124653  -10.078  3.485  45.617 0.0000000000
60490  -11.331  10.900  41.198 0.0000000000
60489  -11.469  11.423  41.160 0.0000000000
60482  -10.977  19.067  39.057 0.0000000000
60481  -11.030  19.507  38.647 0.0000000000
60305  -9.117  1.784  54.494 0.0000000000
60300  -9.545  4.522  55.712 0.0000000000
60298  -9.436  4.522  56.441 0.0000000000
60293  -8.612  4.678  59.526 0.0000000000
60291  -8.517  3.663  59.984 0.0000000000
60283  -6.869  4.049  65.812 0.0000000000
60275  -7.788  12.568  57.132 0.0000000000
60270  -7.564  15.532  57.430 0.0000000000
60268  -7.199  15.719  58.153 0.0000000000
60264  -6.440  16.881  60.252 0.0000000000
57012  -8.551  18.690  49.345 0.0000000000
57007  -8.059  20.070  46.878 0.0000000000
57005  -7.853  20.751  46.884 0.0000000000
56997  -7.653  25.520  39.185 0.0000000000
56992  -8.158  27.534  36.949 0.0000000000
56990  -8.277  28.278  36.889 0.0000000000
56985  -9.152  31.242  36.627 0.0000000000
56983  -9.291  31.523  37.201 0.0000000000
55212  -8.516  9.036  48.733 0.0000000000
55207  -9.642  10.765  46.735 0.0000000000
55205  -9.985  11.221  46.838 0.0000000000
55180  -10.245  28.435  31.424 0.0000000000
55179  -10.022  29.241  31.276 0.0000000000
50912  -10.176  4.933  44.751 0.0000000000
50911  -10.266  5.398  44.264 0.0000000000
50890  -11.736  13.044  41.040 0.0000000000
50889  -11.707  13.605  40.991 0.0000000000
50882  -11.203  20.882  37.206 0.0000000000
50881  -11.234  21.334  36.692 0.0000000000
50713  -8.233  -2.715  51.076 0.0000000000
50715  -8.511  -2.693  50.686 0.0000000000
2150  -8.094  -3.245  50.854 0.0000000000
50711  -7.820  -3.328  51.228 0.0000000000
124376  -7.404  -4.001  51.318 0.0000000000
124377  -7.703  -3.894  50.981 0.0000000000
50708  -6.637  -3.557  54.374 0.0000000000
133893  -6.566  -3.715  54.839 0.0000000000
50705  -9.065  2.283  52.321 0.0000000000
50700  -8.812  7.111  53.506 0.0000000000
50698  -8.820  7.132  54.227 0.0000000000
50693  -7.539  7.762  59.800 0.0000000000
50691  -7.560  7.102  60.457 0.0000000000
50683  -6.606  7.681  64.789 0.0000000000
50675  -8.906  12.161  54.519 0.0000000000
50670  -8.143  17.904  54.537 0.0000000000
50668  -7.813  17.988  55.266 0.0000000000
50660  -6.934  23.548  54.502 0.0000000000
47412  -9.833  16.295  49.675 0.0000000000
47407  -8.597  18.964  44.666 0.0000000000
47405  -8.356  19.657  44.615 0.0000000000
47397  -9.294  22.812  40.081 0.0000000000
47392  -9.025  26.312  35.548 0.0000000000
47390  -8.717  27.177  35.283 0.0000000000
45612  -8.597  6.428  48.574 0.0000000000
45607  -9.884  9.957  44.634 0.0000000000
45605  -10.069  10.500  44.703 0.0000000000
45538  -6.618  -4.453  57.872 0.0000000000
44442  -7.558  26.958  48.812 0.0000000000
44437  -8.223  30.356  44.258 0.0000000000
44435  -8.332  31.436  44.278 0.0000000000
43212  -9.928  1.795  48.189 0.0000000000
43207  -10.432  8.549  41.406 0.0000000000
43205  -10.568  9.081  41.345 0.0000000000
43204  -10.745  9.561  41.310 0.0000000000
96200  -10.917  9.890  40.925 0.0000000000
43201  -10.840  17.750  40.368 0.0000000000
12482  -11.035  17.064  40.400 0.0000000000
96195  -11.040  17.491  39.945 0.0000000000
43140  -8.634  1.338  57.050 0.0000000000
43138  -8.423  1.302  57.765 0.0000000000
43130  -6.836  13.196  59.898 0.0000000000
42042  -7.896  21.543  49.299 0.0000000000
42037  -7.978  28.396  39.095 0.0000000000
42035  -8.438  29.061  39.143 0.0000000000
41442  -9.956  11.024  49.332 0.0000000000
41437  -12.132  24.405  32.722 0.0000000000
41438  -12.469  23.753  32.868 0.0000000000
10719  -12.356  23.292  33.424 0.0000000000
93022  -12.778  23.049  33.026 0.0000000000
10717  -12.637  24.108  32.324 0.0000000000
41435  -11.810  25.168  32.447 0.0000000000
41436  -12.333  24.886  32.084 0.0000000000
10715  -12.004  25.678  31.823 0.0000000000
93017  -12.515  25.392  31.458 0.0000000000
41434  -11.405  25.954  32.196 0.0000000000
93014  -11.601  26.480  31.583 0.0000000000
67501  -7.171  -1.414  56.926 0.0000000000
124657  -10.343  2.313  45.636 0.0000000000
124654  -10.224  2.919  45.626 0.0000000000
117187  -9.854  30.045  31.082 0.0000000000
109722  -8.997  -2.515  49.863 0.0000000000
50716  -8.784  -2.638  50.280 0.0000000000
45539  -6.313  -3.803  57.980 0.0000000000
96196  -11.258  16.833  39.974 0.0000000000
153499  -11.242  16.401  40.423 0.0000000000
93023  -12.644  22.603  33.581 0.0000000000
153472  -12.170  22.835  33.994 0.0000000000
93015  -12.172  26.200  31.214 0.0000000000
67502  -6.777  -2.092  56.964 0.0000000000
100405  -6.504  -2.788  57.097 0.0000000000
50717  -8.366  -3.220  50.465 0.0000000000
124378  -7.981  -3.797  50.636 0.0000000000
45540  -6.517  -4.423  57.458 0.0000000000
14820  -6.327  -3.706  57.556 0.0000000000
45541  -6.466  -4.352  57.031 0.0000000000
100407  -6.404  -4.204  56.645 0.0000000000
100406  -6.363  -3.574  57.137 0.0000000000
19997  -8.631  -3.171  50.080 0.0000000000
152884  -8.253  -3.773  50.226 0.0000000000
110019  -11.552  21.066  36.273 0.0000000000
20162  -11.483  20.619  36.783 0.0000000000
153480  -11.390  20.176  37.293 0.0000000000
110033  -11.792  13.964  40.551 0.0000000000
20170  -11.849  13.388  40.530 0.0000000000
153507  -11.845  12.832  40.615 0.0000000000
110073  -10.425  5.252  43.854 0.0000000000
20192  -10.367  4.805  44.330 0.0000000000
153588  -10.289  4.368  44.778 0.0000000000
117188  -10.382  29.776  30.669 0.0000000000
23893  -10.585  28.953  30.877 0.0000000000
117190  -10.837  28.128  31.083 0.0000000000
124611  -11.257  19.252  38.237 0.0000000000
27074  -11.203  18.795  38.688 0.0000000000
124613  -11.155  18.363  39.090 0.0000000000
124622  -11.623  11.768  40.683 0.0000000000
27079  -11.461  11.264  40.744 0.0000000000
124624  -11.312  10.770  40.788 0.0000000000
30734  -6.909  -2.002  56.474 0.0000000000
133889  -6.634  -2.681  56.607 0.0000000000
37503  -11.982  22.390  34.540 0.0000000000
153474  -11.772  21.960  35.090 0.0000000000
37512  -11.391  15.782  40.465 0.0000000000
153501  -11.570  15.166  40.468 0.0000000000
153582  -10.430  6.223  42.956 0.0000000000
10714  -11.173  27.281  31.343 0.0000000000
55195  -13.048  22.296  33.161 0.0000000000
3039  -12.907  21.875  33.703 0.0000000000
153473  -12.473  22.156  34.127 0.0000000000
12481  -11.095  17.924  39.516 0.0000000000
60483  -11.270  17.246  39.549 0.0000000000
4802  -11.474  16.605  39.551 0.0000000000
153500  -11.431  16.186  40.007 0.0000000000
12484  -11.121  10.311  40.879 0.0000000000
60491  -11.033  10.231  40.508 0.0000000000
14821  -6.412  -3.393  56.719 0.0000000000
67503  -6.365  -4.066  56.244 0.0000000000
20161  -11.600  21.514  35.667 0.0000000000
110020  -11.783  20.364  36.307 0.0000000000
83523  -11.866  20.808  35.769 0.0000000000
9087  -12.137  20.124  35.831 0.0000000000
153481  -11.677  19.921  36.832 0.0000000000
153482  -12.004  19.649  36.355 0.0000000000
20169  -11.707  14.554  40.506 0.0000000000
110034  -11.941  13.741  40.058 0.0000000000
83546  -11.868  14.345  40.076 0.0000000000
9090  -12.006  14.122  39.608 0.0000000000
153508  -11.950  13.159  40.088 0.0000000000
153509  -12.086  13.518  39.571 0.0000000000
20191  -10.435  5.729  43.392 0.0000000000
110074  -10.531  4.691  43.890 0.0000000000
83613  -10.535  5.181  43.439 0.0000000000
9099  -10.674  4.571  43.458 0.0000000000
153589  -10.484  4.248  44.343 0.0000000000
153590  -10.645  4.109  43.908 0.0000000000
27073  -11.321  19.718  37.762 0.0000000000
124612  -11.414  18.538  38.290 0.0000000000
83528  -11.494  19.004  37.844 0.0000000000
4801  -11.644  18.317  37.856 0.0000000000
124614  -11.362  18.086  38.714 0.0000000000
124615  -11.555  17.838  38.289 0.0000000000
60484  -11.302  17.649  39.136 0.0000000000
27075  -11.493  17.402  38.708 0.0000000000
124616  -11.665  17.203  38.260 0.0000000000
110021  -11.774  17.652  37.836 0.0000000000
20163  -11.881  17.021  37.804 0.0000000000
60486  -11.600  16.767  38.681 0.0000000000
124617  -11.778  16.556  38.264 0.0000000000
27076  -11.734  16.170  38.697 0.0000000000
124618  -11.915  15.928  38.267 0.0000000000
50883  -11.974  16.377  37.808 0.0000000000
2175  -12.115  15.733  37.796 0.0000000000
153505  -11.924  15.549  38.697 0.0000000000
153506  -12.089  15.326  38.238 0.0000000000
27078  -11.752  12.289  40.645 0.0000000000
124623  -11.622  11.605  40.278 0.0000000000
83551  -11.835  12.104  40.173 0.0000000000
4804  -11.793  11.933  39.772 0.0000000000
124625  -11.442  11.135  40.339 0.0000000000
124626  -11.606  11.452  39.866 0.0000000000
60492  -11.254  10.683  40.418 0.0000000000
27080  -11.388  11.045  39.967 0.0000000000
124627  -11.540  11.343  39.467 0.0000000000
110035  -11.755  11.776  39.365 0.0000000000
20171  -11.701  11.652  38.977 0.0000000000
60494  -11.294  10.937  39.580 0.0000000000
124628  -11.462  11.262  39.106 0.0000000000
50891  -11.614  11.585  38.643 0.0000000000
27091  -10.156  3.936  45.195 0.0000000000
83618  -10.315  3.364  45.187 0.0000000000
4811  -10.454  2.779  45.184 0.0000000000
110075  -10.569  2.200  45.169 0.0000000000
133890  -6.762  -2.595  56.133 0.0000000000
67504  -6.507  -3.317  56.204 0.0000000000
30735  -6.613  -3.233  55.725 0.0000000000
67506  -6.481  -3.857  55.303 0.0000000000
153475  -12.281  21.679  34.681 0.0000000000
153476  -12.750  21.473  34.246 0.0000000000
83524  -12.059  21.225  35.242 0.0000000000
37504  -12.540  20.982  34.785 0.0000000000
153477  -12.973  20.761  34.338 0.0000000000
55199  -13.135  21.144  33.787 0.0000000000
23903  -13.319  20.430  33.837 0.0000000000
83526  -12.778  20.276  34.851 0.0000000000
153478  -13.165  19.996  34.376 0.0000000000
37505  -12.999  19.576  34.861 0.0000000000
153479  -13.313  19.265  34.382 0.0000000000
117215  -13.456  19.715  33.829 0.0000000000
83529  -11.576  19.484  37.367 0.0000000000
37506  -11.876  19.199  36.902 0.0000000000
153484  -12.202  18.942  36.387 0.0000000000
153485  -12.394  19.391  35.828 0.0000000000
37507  -12.556  18.703  35.887 0.0000000000
83532  -12.342  18.280  36.412 0.0000000000
153483  -12.024  18.523  36.914 0.0000000000
153486  -12.804  19.163  35.364 0.0000000000
83527  -12.588  19.851  35.336 0.0000000000
83534  -12.952  18.427  35.441 0.0000000000
153487  -13.140  18.858  34.909 0.0000000000
37508  -13.191  18.176  34.924 0.0000000000
153488  -13.405  18.573  34.393 0.0000000000
153502  -11.588  15.558  40.017 0.0000000000
153503  -11.599  15.959  39.557 0.0000000000
83547  -11.767  14.948  40.013 0.0000000000
37513  -11.770  15.360  39.567 0.0000000000
153504  -11.747  15.781  39.124 0.0000000000
60487  -11.593  16.382  39.116 0.0000000000
83549  -11.947  15.147  39.142 0.0000000000
37514  -12.070  14.916  38.699 0.0000000000
153514  -12.221  14.686  38.233 0.0000000000
153515  -12.252  15.095  37.755 0.0000000000
83552  -11.894  12.625  40.159 0.0000000000
37515  -12.002  12.960  39.672 0.0000000000
153511  -12.120  13.341  39.170 0.0000000000
153512  -12.131  13.913  39.138 0.0000000000
37516  -12.155  13.734  38.705 0.0000000000
83555  -12.109  13.164  38.736 0.0000000000
153510  -12.022  12.780  39.233 0.0000000000
153513  -12.156  14.297  38.708 0.0000000000
83550  -12.032  14.507  39.159 0.0000000000
83557  -12.238  14.097  38.240 0.0000000000
37517  -12.348  14.468  37.721 0.0000000000
153516  -12.433  14.867  37.286 0.0000000000
50887  -12.349  15.491  37.316 0.0000000000
20167  -12.508  15.255  36.839 0.0000000000
83559  -12.406  14.280  37.300 0.0000000000
153517  -12.514  14.646  36.826 0.0000000000
37518  -12.453  14.102  36.838 0.0000000000
153518  -12.551  14.453  36.361 0.0000000000
110029  -12.593  15.009  36.352 0.0000000000
83614  -10.541  5.619  43.003 0.0000000000
83619  -10.427  3.829  44.764 0.0000000000
37542  -10.596  3.679  44.332 0.0000000000
153592  -10.724  3.531  43.882 0.0000000000
153593  -10.769  3.964  43.442 0.0000000000
153591  -10.696  3.098  44.310 0.0000000000
110076  -10.652  2.649  44.728 0.0000000000
83620  -10.561  3.225  44.749 0.0000000000
20172  -12.017  12.624  38.786 0.0000000000
110036  -11.921  12.258  39.279 0.0000000000
83553  -11.923  12.438  39.713 0.0000000000
20164  -12.156  17.869  36.886 0.0000000000
110022  -11.902  18.093  37.407 0.0000000000
83530  -11.758  18.792  37.416 0.0000000000
110037  -11.878  12.115  38.869 0.0000000000
110023  -12.014  17.457  37.354 0.0000000000
83558  -12.328  13.879  37.778 0.0000000000
83560  -12.327  13.712  37.344 0.0000000000
9091  -12.234  13.322  37.840 0.0000000000
83556  -12.204  13.521  38.270 0.0000000000
83554  -12.128  12.971  38.306 0.0000000000
110038  -11.987  12.480  38.337 0.0000000000
110039  -12.099  12.831  37.886 0.0000000000
83548  -11.911  14.746  39.592 0.0000000000
83533  -12.665  18.027  35.922 0.0000000000
83535  -12.976  17.787  35.424 0.0000000000
9088  -12.721  17.376  35.905 0.0000000000
83531  -12.446  17.628  36.396 0.0000000000
110024  -12.272  17.229  36.838 0.0000000000
110025  -12.491  16.966  36.349 0.0000000000
83525  -12.336  20.533  35.308 0.0000000000
67505  -6.385  -3.989  55.766 0.0000000000
60493  -11.150  10.603  40.056 0.0000000000
60485  -11.461  16.996  39.122 0.0000000000
55197  -13.259  21.544  33.256 0.0000000000
55198  -13.418  20.839  33.282 0.0000000000
55196  -13.360  21.959  32.653 0.0000000000
50892  -11.815  12.004  38.483 0.0000000000
50885  -12.206  16.146  37.313 0.0000000000
50886  -12.440  15.891  36.831 0.0000000000
110028  -12.585  15.636  36.386 0.0000000000
20165  -12.330  16.544  36.808 0.0000000000
110027  -12.522  16.313  36.331 0.0000000000
50884  -12.107  16.804  37.322 0.0000000000
110040  -12.225  13.173  37.418 0.0000000000
83537  -12.964  17.116  35.392 0.0000000000
110026  -12.725  16.709  35.845 0.0000000000
153519  -12.326  13.580  36.916 0.0000000000
20166  -12.738  16.052  35.866 0.0000000000
20174  -12.131  13.076  37.043 0.0000000000
