#!ascii label /projectnb/somerslab/tom/projects/spacetime_network/data/ROIs/probabilistic_tgPCS_lh_thresh5.label , from subject  vox2ras=TkReg
955
362  -47.466  -10.437  43.566 7.0000000000
363  -49.824  -0.326  44.043 6.0000000000
842  -44.262  -12.124  45.334 5.0000000000
843  -49.597  -8.512  48.281 6.0000000000
1802  -49.850  -8.351  41.337 7.0000000000
1803  -53.840  -4.159  42.779 9.0000000000
1804  -52.188  -5.910  46.068 10.0000000000
1805  -49.162  -1.106  46.701 5.0000000000
3962  -48.693  -9.225  42.666 9.0000000000
3963  -51.633  -7.504  43.994 10.0000000000
3964  -50.438  -8.639  45.426 11.0000000000
4003  -43.697  -12.466  41.678 5.0000000000
4435  -52.224  -2.311  43.903 9.0000000000
4436  -52.258  -2.527  41.798 5.0000000000
6122  -46.029  -11.569  44.381 6.0000000000
6123  -49.116  -9.873  46.387 9.0000000000
6124  -47.459  -10.746  47.229 6.0000000000
8043  -53.965  -5.704  40.952 8.0000000000
8044  -52.774  -6.584  42.432 8.0000000000
8045  -53.035  -4.826  44.398 9.0000000000
8046  -51.831  -2.730  45.518 10.0000000000
8047  -51.067  -7.171  47.498 7.0000000000
8048  -51.107  -3.549  46.933 8.0000000000
8049  -49.896  -0.078  45.608 8.0000000000
8050  -47.490  1.743  45.890 6.0000000000
8641  -54.434  -3.559  40.867 5.0000000000
11642  -48.104  -9.813  43.165 9.0000000000
11643  -49.690  -8.983  44.095 11.0000000000
11644  -49.118  -9.574  44.599 9.0000000000
11683  -45.574  -11.445  42.629 5.0000000000
11685  -46.253  -10.759  42.211 7.0000000000
11686  -46.904  -10.158  41.830 6.0000000000
12115  -51.096  -1.348  44.070 8.0000000000
12116  -50.952  -1.530  43.028 6.0000000000
14042  -45.151  -11.937  44.834 5.0000000000
14043  -46.875  -11.085  45.855 6.0000000000
14044  -45.945  -11.495  46.260 5.0000000000
14086  -44.088  -12.428  43.488 5.0000000000
17642  -50.475  -7.954  40.606 5.0000000000
17643  -52.106  -7.116  41.187 7.0000000000
17644  -51.470  -7.552  41.912 7.0000000000
17645  -52.117  -6.796  45.186 11.0000000000
17646  -52.570  -6.302  44.408 9.0000000000
17647  -52.619  -5.309  45.245 11.0000000000
17648  -52.553  -3.929  45.073 9.0000000000
17649  -52.215  -4.349  45.897 10.0000000000
17650  -49.531  -9.290  47.531 8.0000000000
17651  -50.366  -8.688  47.086 9.0000000000
17652  -50.403  -7.873  47.932 6.0000000000
17654  -50.580  -4.302  47.415 5.0000000000
17655  -50.225  -2.293  46.894 5.0000000000
17656  -50.647  -1.801  46.383 8.0000000000
17657  -49.626  -0.423  46.270 6.0000000000
17658  -48.666  0.935  45.654 6.0000000000
17659  -48.503  0.684  46.325 5.0000000000
17773  -48.091  -9.205  40.732 6.0000000000
19060  -54.078  -5.036  41.974 9.0000000000
19061  -54.615  -4.508  41.086 5.0000000000
19062  -54.218  -3.804  41.852 6.0000000000
23403  -44.969  -11.680  46.757 5.0000000000
25562  -49.320  -8.714  42.077 8.0000000000
25563  -50.831  -7.955  42.708 8.0000000000
25564  -50.272  -8.433  43.451 11.0000000000
25565  -51.070  -8.047  44.755 11.0000000000
25566  -51.610  -7.399  45.900 11.0000000000
25568  -50.070  -6.864  48.139 5.0000000000
25642  -47.513  -9.600  41.360 7.0000000000
26413  -53.151  -3.210  43.448 9.0000000000
26414  -53.443  -3.058  42.482 6.0000000000
26415  -52.301  -2.346  42.858 7.0000000000
26416  -50.745  -1.933  42.019 6.0000000000
26417  -48.869  -1.472  41.101 5.0000000000
29642  -46.772  -11.034  43.992 6.0000000000
29643  -48.401  -10.227  44.982 6.0000000000
29644  -47.717  -10.660  45.453 8.0000000000
29645  -48.311  -10.310  46.768 8.0000000000
29646  -48.758  -9.730  47.906 7.0000000000
29649  -48.813  -9.017  48.593 5.0000000000
29704  -44.903  -11.995  43.024 5.0000000000
30304  -48.514  0.662  43.938 5.0000000000
30305  -48.102  0.199  42.923 5.0000000000
34444  -52.681  -6.724  40.459 5.0000000000
34445  -53.365  -6.161  41.689 9.0000000000
34446  -53.562  -5.402  42.732 9.0000000000
34447  -52.140  -7.052  43.251 8.0000000000
34448  -53.064  -5.831  43.529 8.0000000000
34449  -53.399  -4.439  43.589 9.0000000000
34450  -52.866  -3.493  44.229 9.0000000000
34451  -52.068  -2.437  44.689 9.0000000000
34452  -51.069  -1.300  44.883 9.0000000000
34453  -49.862  -9.277  45.917 9.0000000000
34454  -51.026  -8.039  46.533 9.0000000000
34455  -51.688  -6.536  46.806 10.0000000000
34456  -50.686  -6.180  47.803 5.0000000000
34457  -51.286  -5.447  47.315 8.0000000000
34458  -51.816  -4.818  46.705 10.0000000000
34459  -51.510  -3.091  46.301 9.0000000000
34460  -50.952  -1.433  45.632 9.0000000000
34461  -49.929  -0.123  44.841 7.0000000000
34462  -48.672  0.980  44.865 5.0000000000
34463  -47.359  1.770  44.957 5.0000000000
34464  -46.161  2.407  45.135 5.0000000000
36178  -53.531  -3.034  41.418 5.0000000000
42362  -47.783  -10.124  43.373 7.0000000000
42363  -48.623  -9.721  43.847 9.0000000000
42364  -48.292  -10.040  44.098 9.0000000000
42403  -46.542  -10.910  43.081 5.0000000000
42404  -45.899  -11.117  42.422 5.0000000000
42405  -46.838  -10.596  42.871 7.0000000000
42406  -47.162  -10.291  42.677 7.0000000000
42835  -50.527  -0.838  44.104 7.0000000000
42836  -50.423  -0.991  43.563 5.0000000000
44762  -44.699  -12.046  45.084 5.0000000000
44763  -45.559  -11.695  45.628 5.0000000000
44764  -45.078  -11.823  45.853 5.0000000000
44803  -43.333  -12.378  45.009 5.0000000000
44805  -43.779  -12.372  44.711 5.0000000000
44806  -44.219  -12.322  44.437 6.0000000000
48362  -50.146  -8.168  40.949 7.0000000000
48363  -50.973  -7.765  41.262 7.0000000000
48364  -50.652  -7.963  41.649 7.0000000000
48365  -52.215  -6.356  45.662 11.0000000000
48366  -52.440  -6.095  45.276 10.0000000000
48367  -52.415  -5.607  45.651 11.0000000000
48368  -52.442  -4.870  45.610 11.0000000000
48369  -52.237  -5.137  46.031 11.0000000000
48370  -49.701  -8.843  47.984 6.0000000000
48371  -50.039  -8.589  47.783 7.0000000000
48372  -50.004  -8.175  48.109 5.0000000000
48373  -49.481  -2.091  46.969 5.0000000000
48374  -49.992  -2.662  47.128 5.0000000000
48375  -49.703  -1.667  46.823 5.0000000000
48376  -49.902  -1.309  46.651 6.0000000000
48377  -49.427  -0.655  46.493 5.0000000000
48378  -49.024  0.138  46.342 6.0000000000
48493  -48.999  -8.743  41.050 7.0000000000
48494  -48.394  -9.023  40.404 5.0000000000
48495  -49.308  -8.563  40.699 6.0000000000
49780  -53.996  -4.585  42.411 9.0000000000
49781  -54.241  -4.384  41.957 9.0000000000
49782  -54.024  -3.973  42.326 9.0000000000
57962  -48.998  -8.951  42.387 8.0000000000
57963  -49.779  -8.571  42.776 9.0000000000
57964  -49.476  -8.829  43.085 9.0000000000
57965  -50.103  -8.860  44.796 11.0000000000
57966  -50.421  -8.568  44.496 11.0000000000
57967  -50.758  -8.334  45.115 11.0000000000
57968  -51.357  -7.832  45.344 11.0000000000
57969  -51.062  -8.106  45.658 11.0000000000
58093  -47.771  -9.698  42.297 9.0000000000
58094  -47.211  -9.871  41.614 7.0000000000
58095  -48.072  -9.445  42.057 7.0000000000
58096  -48.370  -9.166  41.765 7.0000000000
59380  -52.734  -2.751  43.671 9.0000000000
59381  -52.808  -2.674  43.182 9.0000000000
59382  -52.296  -2.322  43.395 8.0000000000
59383  -50.124  -1.305  42.511 5.0000000000
59384  -50.855  -1.718  42.516 6.0000000000
59385  -49.961  -1.514  42.018 6.0000000000
59386  -49.823  -1.723  41.575 6.0000000000
59387  -49.044  -1.287  41.568 5.0000000000
65162  -46.421  -11.305  44.207 7.0000000000
65163  -47.217  -10.886  44.766 8.0000000000
65164  -46.795  -11.152  44.942 7.0000000000
65165  -47.247  -10.890  46.531 6.0000000000
65166  -47.653  -10.719  46.329 7.0000000000
65167  -47.879  -10.543  47.034 7.0000000000
65168  -48.613  -10.044  47.408 7.0000000000
65169  -48.189  -10.269  47.591 7.0000000000
65171  -45.812  -11.364  47.188 5.0000000000
65176  -48.380  -9.630  48.503 5.0000000000
65178  -48.618  -8.609  48.733 5.0000000000
65293  -45.052  -11.998  43.948 6.0000000000
65294  -44.468  -12.256  43.266 6.0000000000
65295  -45.455  -11.762  43.728 7.0000000000
65296  -45.826  -11.521  43.513 6.0000000000
75965  -52.477  -6.888  41.817 7.0000000000
75966  -52.806  -6.638  41.454 7.0000000000
75967  -53.076  -6.365  42.045 8.0000000000
75968  -53.512  -5.799  42.253 9.0000000000
75969  -53.239  -6.042  42.609 8.0000000000
75970  -51.264  -7.766  43.382 10.0000000000
75971  -51.543  -7.580  43.006 7.0000000000
75972  -51.872  -7.278  43.622 10.0000000000
75973  -52.848  -5.617  44.467 8.0000000000
75974  -52.806  -6.057  43.993 8.0000000000
75975  -53.059  -5.381  44.007 8.0000000000
75976  -53.283  -5.185  43.576 9.0000000000
75977  -53.199  -4.631  44.008 9.0000000000
75978  -53.202  -3.959  43.956 9.0000000000
75979  -53.012  -4.153  44.367 9.0000000000
75980  -52.207  -3.284  45.301 10.0000000000
75981  -52.360  -3.149  44.898 9.0000000000
75982  -51.954  -2.564  45.102 9.0000000000
75983  -51.595  -1.866  44.798 9.0000000000
75984  -51.489  -1.928  45.237 10.0000000000
75985  -48.812  -10.017  45.691 9.0000000000
75986  -49.184  -9.718  45.491 9.0000000000
75987  -49.512  -9.576  46.153 9.0000000000
75988  -50.799  -7.931  47.312 8.0000000000
75989  -50.709  -8.361  46.819 8.0000000000
75990  -51.154  -7.589  47.050 9.0000000000
75991  -51.411  -7.310  46.776 10.0000000000
75992  -51.384  -6.849  47.179 9.0000000000
75994  -50.406  -6.545  47.998 5.0000000000
75996  -50.851  -3.931  47.193 6.0000000000
75997  -50.995  -4.809  47.386 7.0000000000
75998  -51.251  -4.547  47.170 8.0000000000
75999  -51.590  -5.106  47.030 11.0000000000
76000  -51.476  -4.315  46.896 10.0000000000
76001  -51.693  -4.010  46.559 10.0000000000
76002  -51.321  -3.294  46.662 9.0000000000
76003  -50.271  -0.928  45.995 8.0000000000
76004  -50.831  -1.592  46.015 9.0000000000
76005  -50.402  -0.792  45.626 8.0000000000
76006  -50.512  -0.706  45.290 9.0000000000
76007  -49.897  -0.066  45.234 7.0000000000
76008  -49.370  0.453  44.855 6.0000000000
76009  -49.358  0.484  45.234 6.0000000000
76010  -48.093  1.353  45.750 6.0000000000
76011  -48.137  1.403  45.361 6.0000000000
76012  -47.481  1.806  45.462 6.0000000000
76013  -46.760  2.106  45.111 5.0000000000
76014  -46.816  2.090  45.583 5.0000000000
80215  -53.776  -5.979  40.357 5.0000000000
80217  -54.352  -5.438  40.538 5.0000000000
80218  -54.680  -3.992  40.990 5.0000000000
80219  -54.879  -4.246  40.602 5.0000000000
80223  -52.959  -2.713  42.188 5.0000000000
80224  -53.540  -3.028  41.973 6.0000000000
80225  -52.945  -2.751  41.648 5.0000000000
94682  -48.418  -9.532  42.919 10.0000000000
94683  -49.212  -9.125  43.387 11.0000000000
94684  -48.925  -9.422  43.627 11.0000000000
94685  -49.404  -9.289  44.366 11.0000000000
94686  -49.791  -9.153  45.057 10.0000000000
94755  -44.642  -11.993  42.090 5.0000000000
94757  -44.992  -11.671  41.878 5.0000000000
94758  -45.329  -11.321  41.704 6.0000000000
94759  -45.664  -10.969  41.515 5.0000000000
94760  -45.984  -10.655  41.306 6.0000000000
94761  -46.619  -10.401  42.015 7.0000000000
94762  -47.469  -9.986  42.493 8.0000000000
95533  -51.687  -1.817  43.983 8.0000000000
95534  -51.687  -1.859  43.478 8.0000000000
95535  -51.070  -1.435  43.581 7.0000000000
95536  -50.287  -1.132  43.056 5.0000000000
99002  -45.590  -11.782  44.601 5.0000000000
99003  -46.388  -11.372  45.151 6.0000000000
99004  -45.981  -11.555  45.376 5.0000000000
99005  -46.409  -11.306  46.051 5.0000000000
99006  -46.800  -11.077  46.776 6.0000000000
99081  -43.674  -12.543  43.745 5.0000000000
99082  -44.622  -12.213  44.168 5.0000000000
105484  -51.309  -7.557  40.900 7.0000000000
105485  -51.778  -7.338  41.551 7.0000000000
105486  -52.172  -7.127  42.208 7.0000000000
105487  -51.888  -7.236  44.591 11.0000000000
105488  -52.123  -6.978  44.229 10.0000000000
105489  -52.342  -6.560  44.809 10.0000000000
105490  -52.637  -5.868  44.888 10.0000000000
105491  -52.836  -5.050  44.818 9.0000000000
105492  -52.831  -4.358  44.772 9.0000000000
105493  -52.649  -4.610  45.182 10.0000000000
105494  -52.382  -4.143  45.498 10.0000000000
105495  -52.034  -3.489  45.746 10.0000000000
105496  -49.408  -9.517  46.972 9.0000000000
105497  -49.741  -9.270  46.779 9.0000000000
105498  -49.914  -8.996  47.325 8.0000000000
105499  -50.411  -8.284  47.562 8.0000000000
105500  -50.765  -7.554  47.748 8.0000000000
105503  -50.171  -3.677  47.350 5.0000000000
105504  -50.409  -3.288  47.184 5.0000000000
105505  -50.656  -2.966  46.958 6.0000000000
105506  -50.907  -2.691  46.684 8.0000000000
105507  -50.446  -1.997  46.654 7.0000000000
105508  -50.104  -1.089  46.363 8.0000000000
105509  -49.768  -0.225  45.968 8.0000000000
105510  -49.308  0.463  45.608 7.0000000000
105511  -49.211  0.341  46.012 6.0000000000
105512  -48.632  0.842  46.032 6.0000000000
105513  -48.039  1.227  46.095 5.0000000000
105717  -47.205  -9.665  40.359 5.0000000000
105718  -46.649  -9.941  39.676 5.0000000000
105719  -47.500  -9.463  40.099 5.0000000000
108034  -54.049  -5.414  41.515 9.0000000000
108035  -54.457  -5.113  41.023 7.0000000000
108036  -54.336  -4.793  41.550 7.0000000000
108037  -54.450  -4.194  41.479 6.0000000000
108038  -54.360  -3.686  41.359 6.0000000000
108039  -51.415  -2.380  41.425 5.0000000000
108040  -52.153  -2.634  41.240 5.0000000000
116042  -43.798  -12.160  45.629 5.0000000000
116043  -44.593  -11.917  46.092 5.0000000000
116044  -44.112  -11.957  46.364 5.0000000000
121082  -49.576  -8.528  41.721 7.0000000000
121083  -50.357  -8.149  42.050 7.0000000000
121084  -50.071  -8.346  42.428 8.0000000000
121085  -50.552  -8.157  43.113 9.0000000000
121086  -50.980  -8.001  43.752 11.0000000000
121087  -49.980  -8.706  43.782 11.0000000000
121088  -50.693  -8.271  44.115 11.0000000000
121089  -51.379  -7.761  44.367 11.0000000000
121090  -51.655  -7.506  44.952 11.0000000000
121091  -51.868  -7.083  45.556 11.0000000000
121092  -51.945  -6.667  46.054 11.0000000000
121093  -49.444  -8.091  48.390 5.0000000000
121094  -49.857  -7.722  48.255 5.0000000000
121266  -46.299  -10.363  41.092 5.0000000000
121267  -46.612  -10.076  40.865 6.0000000000
121268  -46.910  -9.860  40.620 5.0000000000
121269  -47.785  -9.385  41.059 6.0000000000
121270  -48.674  -8.933  41.426 7.0000000000
123067  -53.544  -3.671  43.165 9.0000000000
123068  -53.717  -3.536  42.688 9.0000000000
123069  -53.311  -3.113  42.982 9.0000000000
123070  -52.902  -2.688  42.692 8.0000000000
123071  -52.295  -2.418  42.343 6.0000000000
123072  -51.648  -1.933  42.983 6.0000000000
123073  -51.574  -2.111  42.503 6.0000000000
123074  -51.520  -2.254  41.976 6.0000000000
123075  -50.622  -2.095  41.506 6.0000000000
123076  -49.730  -1.897  41.060 5.0000000000
123077  -48.690  -1.661  40.586 5.0000000000
130922  -47.114  -10.745  43.769 5.0000000000
130923  -47.971  -10.313  44.298 8.0000000000
130924  -47.615  -10.592  44.521 7.0000000000
130925  -48.094  -10.430  45.223 8.0000000000
130926  -48.414  -10.320  45.893 8.0000000000
130927  -47.305  -10.897  45.673 8.0000000000
130928  -48.029  -10.541  46.126 8.0000000000
130929  -48.715  -10.102  46.574 8.0000000000
130930  -49.022  -9.787  47.202 8.0000000000
130931  -49.173  -9.530  47.712 7.0000000000
130932  -49.226  -9.115  48.168 6.0000000000
130933  -45.476  -11.621  46.490 5.0000000000
130935  -47.030  -10.920  47.417 5.0000000000
130938  -47.724  -10.452  47.791 6.0000000000
130939  -48.307  -9.933  48.073 7.0000000000
130940  -48.754  -9.397  48.332 5.0000000000
130941  -49.200  -8.818  48.432 5.0000000000
130942  -49.002  -8.418  48.527 5.0000000000
131087  -43.305  -12.700  41.889 5.0000000000
131090  -44.296  -12.265  42.321 5.0000000000
131091  -45.290  -11.713  42.808 5.0000000000
131092  -46.207  -11.224  43.301 6.0000000000
132718  -49.181  0.185  43.993 6.0000000000
132719  -49.036  -0.002  43.504 5.0000000000
132720  -48.326  0.472  43.454 5.0000000000
132721  -47.349  0.627  42.928 5.0000000000
132722  -46.308  0.707  42.495 5.0000000000
132724  -45.479  1.122  42.631 5.0000000000
144365  -53.026  -6.492  40.148 5.0000000000
144366  -53.396  -6.196  40.727 6.0000000000
144367  -52.420  -6.902  40.818 7.0000000000
144368  -53.087  -6.417  41.095 7.0000000000
144369  -53.632  -5.928  41.333 9.0000000000
144370  -53.780  -5.601  41.891 9.0000000000
144371  -53.836  -5.195  42.332 9.0000000000
144372  -53.763  -4.779  42.806 9.0000000000
144373  -51.143  -7.754  42.307 7.0000000000
144374  -51.860  -7.354  42.605 7.0000000000
144375  -52.449  -6.844  42.845 8.0000000000
144376  -52.387  -6.713  43.837 8.0000000000
144377  -52.662  -6.446  43.420 8.0000000000
144378  -52.950  -6.211  43.000 8.0000000000
144379  -53.299  -5.608  43.128 8.0000000000
144380  -53.527  -4.986  43.197 9.0000000000
144381  -53.618  -4.280  43.173 9.0000000000
144382  -53.386  -3.766  43.539 9.0000000000
144383  -53.026  -3.332  43.835 9.0000000000
144384  -52.625  -2.881  44.111 9.0000000000
144385  -52.718  -3.713  44.645 9.0000000000
144386  -52.491  -3.018  44.527 9.0000000000
144387  -52.150  -2.352  44.295 9.0000000000
144388  -51.639  -1.802  44.376 9.0000000000
144389  -51.104  -1.327  44.495 8.0000000000
144390  -50.539  -0.748  44.503 8.0000000000
144391  -48.787  -9.885  44.805 9.0000000000
144392  -49.491  -9.474  45.269 9.0000000000
144393  -50.154  -8.972  45.678 9.0000000000
144394  -50.088  -9.027  46.541 8.0000000000
144395  -50.491  -8.731  46.212 9.0000000000
144396  -50.786  -8.385  45.951 10.0000000000
144397  -51.336  -7.742  46.245 10.0000000000
144398  -51.670  -6.989  46.434 10.0000000000
144399  -51.952  -6.217  46.451 11.0000000000
144400  -50.265  -7.372  48.110 5.0000000000
144401  -50.608  -7.008  47.933 6.0000000000
144402  -50.916  -6.711  47.724 7.0000000000
144403  -50.711  -5.172  47.558 5.0000000000
144404  -50.972  -5.807  47.575 8.0000000000
144405  -51.191  -6.429  47.490 8.0000000000
144406  -51.553  -6.048  47.177 10.0000000000
144407  -51.828  -5.738  46.844 11.0000000000
144408  -52.053  -5.441  46.471 11.0000000000
144409  -52.027  -4.570  46.304 11.0000000000
144410  -51.867  -3.757  46.191 10.0000000000
144411  -51.684  -2.895  45.916 10.0000000000
144412  -51.110  -2.432  46.338 9.0000000000
144413  -51.258  -2.209  45.971 9.0000000000
144414  -51.373  -2.024  45.632 10.0000000000
144415  -51.021  -1.329  45.268 9.0000000000
144416  -50.542  -0.690  44.909 9.0000000000
144417  -49.911  -0.174  44.415 7.0000000000
144418  -49.293  0.322  44.448 6.0000000000
144419  -48.610  0.817  44.383 5.0000000000
144420  -47.920  1.290  44.371 5.0000000000
144421  -48.679  0.978  45.280 5.0000000000
144422  -48.017  1.376  44.899 5.0000000000
144423  -47.223  1.678  44.492 5.0000000000
149500  -54.752  -4.830  40.583 5.0000000000
149506  -53.877  -3.442  42.188 6.0000000000
149507  -53.979  -3.369  41.692 6.0000000000
149508  -54.061  -3.311  41.115 5.0000000000
149509  -52.877  -2.785  41.069 5.0000000000
149510  -53.464  -3.009  40.872 5.0000000000
149530  -48.073  -1.096  41.063 5.0000000000
149531  -47.903  -1.346  40.599 5.0000000000
2023  -48.528  -1.885  40.030 0.0000000000
4005  -45.098  -11.186  40.846 0.0000000000
4006  -46.329  -10.159  39.891 0.0000000000
4437  -49.213  -1.137  42.002 0.0000000000
6406  -47.047  1.541  43.965 0.0000000000
6407  -46.053  0.410  42.071 0.0000000000
11684  -44.441  -11.852  41.232 0.0000000000
12117  -49.597  -0.722  43.025 0.0000000000
14083  -42.328  -12.511  44.737 0.0000000000
14085  -43.243  -12.606  44.027 0.0000000000
17653  -49.752  -3.118  47.234 0.0000000000
17774  -46.948  -9.745  39.427 0.0000000000
17775  -48.692  -8.825  40.076 0.0000000000
19063  -50.527  -2.232  41.014 0.0000000000
19064  -52.107  -2.700  40.729 0.0000000000
23402  -43.318  -12.158  45.951 0.0000000000
25567  -49.276  -7.562  48.394 0.0000000000
25641  -45.695  -10.640  40.405 0.0000000000
29647  -46.583  -11.045  47.604 0.0000000000
29648  -47.887  -10.103  48.251 0.0000000000
29650  -48.495  -8.116  48.700 0.0000000000
29703  -42.929  -12.883  42.100 0.0000000000
30306  -46.543  1.006  42.947 0.0000000000
30307  -44.456  1.183  42.265 0.0000000000
34443  -53.419  -6.252  39.814 0.0000000000
36175  -54.685  -5.168  40.147 0.0000000000
36176  -55.034  -4.027  40.156 0.0000000000
36179  -53.347  -2.948  40.315 0.0000000000
36185  -47.214  -0.712  41.092 0.0000000000
36186  -46.846  -1.243  40.117 0.0000000000
42837  -49.731  -0.505  43.556 0.0000000000
44804  -42.782  -12.583  44.412 0.0000000000
48379  -48.850  -0.157  46.548 0.0000000000
48496  -49.600  -8.389  40.337 0.0000000000
49783  -49.566  -2.048  40.527 0.0000000000
54363  -43.715  -11.934  46.656 0.0000000000
58083  -42.805  -12.868  41.183 0.0000000000
58085  -43.170  -12.639  40.983 0.0000000000
58086  -44.770  -11.525  41.049 0.0000000000
58092  -45.381  -10.901  40.641 0.0000000000
65170  -45.304  -11.472  47.441 0.0000000000
65172  -46.082  -11.122  47.828 0.0000000000
65175  -47.953  -9.760  48.704 0.0000000000
65177  -48.379  -9.203  48.773 0.0000000000
65179  -48.204  -8.798  48.925 0.0000000000
66580  -47.817  1.108  43.885 0.0000000000
66581  -47.585  0.886  43.407 0.0000000000
66584  -44.734  1.495  42.703 0.0000000000
75963  -52.307  -6.934  39.812 0.0000000000
75964  -51.950  -7.151  40.159 0.0000000000
75993  -50.127  -5.920  47.930 0.0000000000
75995  -50.411  -5.548  47.729 0.0000000000
76355  -45.792  -10.436  39.227 0.0000000000
80216  -54.163  -5.727  39.975 0.0000000000
80220  -54.794  -3.784  40.524 0.0000000000
80222  -54.451  -3.375  40.354 0.0000000000
80227  -52.796  -2.807  40.499 0.0000000000
80238  -47.117  0.365  42.492 0.0000000000
80239  -47.870  -0.055  42.467 0.0000000000
80244  -47.019  -0.970  40.616 0.0000000000
94756  -44.086  -12.200  41.419 0.0000000000
95537  -49.409  -0.955  42.537 0.0000000000
99079  -42.639  -12.828  43.385 0.0000000000
99080  -43.097  -12.780  43.058 0.0000000000
99853  -46.422  1.886  44.079 0.0000000000
105482  -50.786  -7.786  40.227 0.0000000000
105483  -51.607  -7.351  40.514 0.0000000000
105501  -49.920  -4.093  47.487 0.0000000000
105502  -50.335  -4.608  47.588 0.0000000000
105720  -47.798  -9.253  39.784 0.0000000000
105724  -49.887  -8.213  39.982 0.0000000000
108041  -51.306  -2.465  40.886 0.0000000000
116045  -44.490  -11.716  47.053 0.0000000000
116104  -42.877  -12.334  45.348 0.0000000000
121095  -49.696  -7.209  48.254 0.0000000000
121096  -49.788  -6.344  48.076 0.0000000000
121102  -49.213  -2.489  47.092 0.0000000000
121103  -48.925  -1.549  46.850 0.0000000000
121104  -48.654  -0.573  46.687 0.0000000000
121265  -46.024  -10.393  40.144 0.0000000000
130934  -46.305  -11.231  46.968 0.0000000000
130937  -47.287  -10.603  47.986 0.0000000000
130943  -48.883  -7.846  48.571 0.0000000000
131086  -42.427  -13.050  41.432 0.0000000000
131088  -43.510  -12.661  42.797 0.0000000000
131089  -43.908  -12.489  42.556 0.0000000000
132723  -45.805  1.416  43.081 0.0000000000
132725  -45.225  0.776  42.158 0.0000000000
144364  -52.655  -6.699  39.471 0.0000000000
144424  -46.612  2.047  44.573 0.0000000000
144425  -46.025  2.300  44.693 0.0000000000
144426  -45.439  2.552  44.747 0.0000000000
144427  -48.334  0.338  46.509 0.0000000000
144428  -47.972  1.043  46.364 0.0000000000
144429  -47.448  1.607  46.253 0.0000000000
144432  -46.856  2.073  46.026 0.0000000000
144433  -46.252  2.401  45.601 0.0000000000
144434  -45.570  2.611  45.194 0.0000000000
144837  -46.127  -10.215  39.021 0.0000000000
149501  -54.981  -4.579  40.166 0.0000000000
149511  -54.015  -3.217  40.598 0.0000000000
149524  -48.870  -0.252  43.021 0.0000000000
149529  -48.249  -0.888  41.549 0.0000000000
149532  -47.706  -1.521  40.064 0.0000000000
1000  -44.667  2.620  44.425 0.0000000000
2763  -45.570  -11.171  48.100 0.0000000000
3966  -50.067  -5.088  47.697 0.0000000000
6125  -47.882  -9.368  48.931 0.0000000000
6148  -42.173  -12.992  42.680 0.0000000000
8042  -51.120  -7.586  39.846 0.0000000000
14515  -45.816  2.184  44.273 0.0000000000
14516  -45.078  1.745  43.180 0.0000000000
17776  -49.308  -8.412  39.390 0.0000000000
23404  -44.020  -11.744  47.363 0.0000000000
25569  -49.520  -5.885  47.888 0.0000000000
25571  -48.681  -1.967  46.928 0.0000000000
25572  -48.133  -0.021  46.680 0.0000000000
25635  -41.889  -13.220  40.829 0.0000000000
25637  -42.660  -12.816  40.320 0.0000000000
34442  -51.803  -7.104  39.186 0.0000000000
34465  -47.329  1.467  46.500 0.0000000000
34466  -46.345  2.338  46.090 0.0000000000
34467  -45.151  2.797  45.388 0.0000000000
34602  -45.320  -10.651  38.620 0.0000000000
36177  -54.389  -3.126  39.816 0.0000000000
36184  -47.706  -0.273  42.029 0.0000000000
45235  -45.207  2.443  44.299 0.0000000000
49784  -50.372  -2.342  40.453 0.0000000000
49785  -49.407  -2.193  39.991 0.0000000000
49787  -48.392  -2.042  39.512 0.0000000000
54362  -42.855  -12.114  46.258 0.0000000000
54364  -43.292  -11.892  46.933 0.0000000000
54406  -42.415  -12.290  45.666 0.0000000000
57970  -49.131  -7.128  48.256 0.0000000000
57971  -49.472  -6.751  48.175 0.0000000000
57976  -48.970  -2.873  47.122 0.0000000000
58084  -42.252  -13.075  40.548 0.0000000000
58087  -43.895  -12.089  40.571 0.0000000000
58088  -44.205  -11.759  40.368 0.0000000000
58090  -44.527  -11.461  40.143 0.0000000000
58091  -44.867  -11.182  39.903 0.0000000000
65173  -47.492  -9.892  48.943 0.0000000000
65174  -47.449  -10.246  48.458 0.0000000000
65286  -41.753  -12.959  43.016 0.0000000000
65291  -42.055  -13.151  41.736 0.0000000000
65292  -42.538  -12.981  42.398 0.0000000000
66582  -46.818  1.310  43.444 0.0000000000
66583  -44.042  1.771  42.791 0.0000000000
66585  -43.724  1.526  42.347 0.0000000000
66586  -43.460  1.232  41.885 0.0000000000
75962  -51.488  -7.331  39.483 0.0000000000
76016  -47.771  0.754  46.577 0.0000000000
76021  -45.722  2.581  45.704 0.0000000000
76353  -45.492  -10.660  39.472 0.0000000000
76354  -45.016  -10.886  38.862 0.0000000000
76356  -47.236  -9.557  39.129 0.0000000000
76357  -46.436  -10.005  38.748 0.0000000000
76363  -50.191  -8.021  39.624 0.0000000000
80221  -54.800  -3.563  40.026 0.0000000000
80226  -51.924  -2.720  40.182 0.0000000000
80228  -52.598  -2.787  39.981 0.0000000000
80229  -53.189  -2.843  39.744 0.0000000000
80240  -46.865  0.070  42.022 0.0000000000
80242  -46.385  -0.438  41.103 0.0000000000
80243  -46.187  -0.681  40.667 0.0000000000
80245  -45.967  -0.952  40.153 0.0000000000
99008  -46.361  -10.778  48.448 0.0000000000
99012  -47.803  -8.966  49.114 0.0000000000
99075  -41.359  -12.597  44.419 0.0000000000
99077  -41.814  -12.684  44.035 0.0000000000
99078  -42.229  -12.766  43.698 0.0000000000
99854  -46.111  1.659  43.553 0.0000000000
99855  -45.417  2.016  43.712 0.0000000000
105721  -48.123  -9.036  39.460 0.0000000000
105723  -48.997  -8.617  39.755 0.0000000000
108042  -51.193  -2.559  40.374 0.0000000000
108048  -45.025  0.465  41.725 0.0000000000
108049  -45.845  0.096  41.631 0.0000000000
116046  -44.844  -11.460  47.714 0.0000000000
116103  -41.881  -12.444  45.032 0.0000000000
121097  -49.793  -5.518  47.800 0.0000000000
121100  -49.723  -4.498  47.511 0.0000000000
121101  -49.518  -3.541  47.313 0.0000000000
121105  -48.419  -0.932  46.713 0.0000000000
121256  -43.532  -12.383  40.798 0.0000000000
121264  -45.197  -10.899  39.707 0.0000000000
130936  -46.837  -10.705  48.192 0.0000000000
130944  -48.659  -7.553  48.371 0.0000000000
130945  -48.026  -8.400  48.853 0.0000000000
130946  -48.206  -7.866  48.519 0.0000000000
131085  -41.510  -13.297  41.148 0.0000000000
132726  -44.208  0.860  41.826 0.0000000000
144362  -52.123  -6.866  38.861 0.0000000000
144363  -53.003  -6.436  39.126 0.0000000000
144431  -46.829  1.908  46.322 0.0000000000
144435  -44.927  2.717  44.877 0.0000000000
144838  -45.612  -10.446  38.368 0.0000000000
149497  -53.884  -5.984  39.380 0.0000000000
149498  -54.534  -5.452  39.582 0.0000000000
149499  -55.006  -4.892  39.706 0.0000000000
149502  -55.151  -4.336  39.721 0.0000000000
149503  -55.095  -3.796  39.674 0.0000000000
149512  -53.901  -3.060  40.053 0.0000000000
149525  -48.716  -0.539  42.556 0.0000000000
149526  -48.489  -0.717  42.048 0.0000000000
149528  -47.485  -0.504  41.560 0.0000000000
149539  -45.795  -1.233  39.681 0.0000000000
149540  -46.660  -1.502  39.607 0.0000000000
149541  -47.532  -1.762  39.575 0.0000000000
12  -52.451  -6.617  38.510 0.0000000000
2614  -55.230  -4.595  39.283 0.0000000000
2762  -42.431  -12.055  46.566 0.0000000000
2776  -40.483  -12.725  44.095 0.0000000000
3965  -48.824  -6.814  47.965 0.0000000000
6408  -43.128  1.762  42.439 0.0000000000
8098  -47.560  -9.300  38.808 0.0000000000
8642  -51.706  -2.705  39.623 0.0000000000
8644  -45.175  -0.670  40.279 0.0000000000
10294  -54.238  -5.690  38.981 0.0000000000
14046  -46.908  -10.340  48.733 0.0000000000
14048  -47.608  -8.546  49.031 0.0000000000
14084  -41.304  -12.854  43.428 0.0000000000
19065  -50.195  -2.443  39.889 0.0000000000
19067  -48.231  -2.177  38.996 0.0000000000
19068  -43.996  0.528  41.366 0.0000000000
19069  -45.620  -0.177  41.168 0.0000000000
23136  -55.109  -3.441  39.208 0.0000000000
23428  -41.441  -12.395  45.320 0.0000000000
25570  -49.286  -3.988  47.331 0.0000000000
25638  -43.333  -12.284  39.927 0.0000000000
25639  -44.042  -11.688  39.501 0.0000000000
25640  -44.681  -11.161  39.064 0.0000000000
29651  -47.945  -7.530  48.109 0.0000000000
29702  -41.096  -13.372  41.455 0.0000000000
30308  -42.513  1.279  41.466 0.0000000000
34603  -45.918  -10.252  38.114 0.0000000000
36180  -52.981  -2.685  39.207 0.0000000000
36188  -44.795  -1.247  39.307 0.0000000000
36189  -46.515  -1.752  39.121 0.0000000000
41014  -53.404  -6.158  38.724 0.0000000000
41023  -51.521  -7.050  38.232 0.0000000000
45236  -44.847  2.284  43.810 0.0000000000
45237  -44.270  2.432  43.880 0.0000000000
49786  -49.212  -2.329  39.415 0.0000000000
53919  -55.280  -4.033  39.267 0.0000000000
54405  -41.966  -12.248  45.969 0.0000000000
57972  -49.194  -6.329  47.913 0.0000000000
57975  -48.749  -3.405  47.090 0.0000000000
57977  -48.508  -2.386  46.825 0.0000000000
57978  -48.191  -1.368  46.718 0.0000000000
58089  -43.693  -11.985  39.747 0.0000000000
65181  -47.733  -8.098  48.634 0.0000000000
65287  -40.834  -13.038  42.773 0.0000000000
65288  -41.229  -13.160  42.377 0.0000000000
65290  -41.657  -13.188  42.047 0.0000000000
66587  -42.801  1.537  41.909 0.0000000000
76015  -47.595  0.387  46.689 0.0000000000
76017  -47.198  1.121  46.642 0.0000000000
76019  -46.335  2.159  46.385 0.0000000000
76020  -45.824  2.473  46.123 0.0000000000
76022  -45.246  2.701  45.902 0.0000000000
76023  -44.680  2.845  45.612 0.0000000000
76358  -46.741  -9.781  38.464 0.0000000000
76364  -49.610  -8.202  39.002 0.0000000000
76365  -50.512  -7.795  39.252 0.0000000000
76366  -50.830  -7.561  38.887 0.0000000000
80230  -52.418  -2.714  39.395 0.0000000000
80241  -45.399  -0.432  40.716 0.0000000000
80252  -45.660  -1.517  39.205 0.0000000000
92256  -54.870  -5.170  39.155 0.0000000000
92523  -42.848  -11.832  47.212 0.0000000000
99007  -45.832  -10.862  48.739 0.0000000000
99009  -46.440  -10.408  49.019 0.0000000000
99010  -47.049  -9.997  49.207 0.0000000000
99011  -47.451  -9.440  49.213 0.0000000000
99013  -47.346  -9.066  49.326 0.0000000000
99076  -40.906  -12.777  43.748 0.0000000000
99856  -44.406  2.018  43.295 0.0000000000
99857  -43.518  1.988  42.949 0.0000000000
105722  -48.462  -8.813  39.127 0.0000000000
108043  -50.988  -2.645  39.798 0.0000000000
108050  -44.845  0.127  41.258 0.0000000000
116047  -43.583  -11.692  47.636 0.0000000000
116048  -44.391  -11.445  47.997 0.0000000000
116049  -45.088  -11.192  48.408 0.0000000000
116102  -40.906  -12.544  44.752 0.0000000000
116704  -44.262  2.808  44.614 0.0000000000
116705  -43.808  2.592  44.001 0.0000000000
121098  -49.233  -5.574  47.514 0.0000000000
121099  -49.502  -5.011  47.529 0.0000000000
121106  -47.876  -0.422  46.714 0.0000000000
121251  -40.984  -13.514  40.524 0.0000000000
121253  -41.415  -13.378  40.213 0.0000000000
121254  -41.788  -13.202  39.927 0.0000000000
121255  -42.147  -13.005  39.683 0.0000000000
121257  -42.987  -12.572  40.114 0.0000000000
121263  -44.368  -11.420  39.277 0.0000000000
130947  -48.443  -7.181  48.018 0.0000000000
131084  -40.607  -13.550  40.817 0.0000000000
132727  -43.255  0.915  41.423 0.0000000000
144430  -46.782  1.676  46.566 0.0000000000
144436  -44.480  2.851  45.121 0.0000000000
144834  -44.151  -11.404  38.471 0.0000000000
144835  -44.458  -11.130  38.253 0.0000000000
144836  -44.788  -10.873  38.010 0.0000000000
144839  -45.105  -10.625  37.796 0.0000000000
144846  -48.760  -8.578  38.773 0.0000000000
144850  -51.136  -7.326  38.547 0.0000000000
149504  -54.761  -3.302  39.517 0.0000000000
149505  -54.232  -2.849  39.293 0.0000000000
149513  -53.764  -2.866  39.528 0.0000000000
149527  -46.628  -0.205  41.540 0.0000000000
149538  -44.968  -0.970  39.790 0.0000000000
149542  -47.428  -1.995  39.066 0.0000000000
694  -54.084  -2.610  38.744 0.0000000000
856  -40.113  -13.703  40.215 0.0000000000
3967  -48.282  -2.918  46.753 0.0000000000
3968  -47.033  0.724  46.691 0.0000000000
4004  -41.654  -13.163  39.112 0.0000000000
8051  -45.301  2.552  46.252 0.0000000000
8097  -44.289  -11.072  37.429 0.0000000000
10303  -50.567  -7.494  37.989 0.0000000000
10443  -43.156  -11.607  47.955 0.0000000000
11646  -48.797  -5.003  47.210 0.0000000000
14045  -46.041  -10.465  49.286 0.0000000000
14047  -47.052  -9.519  49.456 0.0000000000
14517  -43.884  2.202  43.397 0.0000000000
17661  -46.248  1.900  46.611 0.0000000000
17772  -43.614  -11.639  37.891 0.0000000000
23405  -44.695  -11.146  48.692 0.0000000000
23686  -43.753  2.899  44.789 0.0000000000
23687  -42.853  2.556  43.664 0.0000000000
25573  -47.657  -0.926  46.663 0.0000000000
25636  -40.882  -13.546  39.606 0.0000000000
29701  -40.307  -13.242  42.169 0.0000000000
34468  -44.195  2.894  45.808 0.0000000000
34605  -48.189  -8.824  38.118 0.0000000000
34606  -49.909  -7.976  38.632 0.0000000000
41012  -52.791  -6.364  38.180 0.0000000000
41013  -53.735  -5.925  38.395 0.0000000000
41024  -50.981  -7.184  37.618 0.0000000000
41025  -51.943  -6.729  37.838 0.0000000000
44766  -46.654  -10.057  49.454 0.0000000000
44768  -46.959  -9.129  49.532 0.0000000000
48492  -43.283  -11.934  38.101 0.0000000000
49788  -43.076  0.630  40.974 0.0000000000
49789  -43.799  0.198  40.857 0.0000000000
53915  -55.108  -4.928  38.801 0.0000000000
53917  -55.381  -4.314  38.923 0.0000000000
53918  -55.387  -3.718  38.906 0.0000000000
54366  -43.919  -11.436  48.298 0.0000000000
54403  -41.527  -12.200  46.276 0.0000000000
54404  -40.993  -12.348  45.699 0.0000000000
57973  -48.523  -3.985  47.023 0.0000000000
57974  -49.033  -4.444  47.272 0.0000000000
57979  -47.965  -1.766  46.719 0.0000000000
65180  -47.258  -8.273  48.746 0.0000000000
65182  -47.437  -7.791  48.232 0.0000000000
65183  -47.617  -7.271  47.611 0.0000000000
65283  -39.551  -12.852  43.884 0.0000000000
65285  -39.991  -12.890  43.458 0.0000000000
65289  -40.721  -13.317  41.808 0.0000000000
76018  -45.850  2.275  46.499 0.0000000000
76024  -44.820  2.711  46.071 0.0000000000
76331  -41.288  -13.367  39.340 0.0000000000
76352  -44.593  -10.830  37.185 0.0000000000
76359  -46.228  -9.992  37.865 0.0000000000
76360  -47.027  -9.549  38.182 0.0000000000
76362  -47.889  -9.052  38.474 0.0000000000
80231  -52.144  -2.624  38.785 0.0000000000
80232  -51.515  -2.654  39.045 0.0000000000
80250  -43.856  -1.201  38.927 0.0000000000
80251  -44.703  -1.537  38.831 0.0000000000
80253  -45.520  -1.799  38.733 0.0000000000
80254  -46.401  -1.982  38.618 0.0000000000
92255  -54.555  -5.423  38.662 0.0000000000
92522  -41.993  -11.993  46.899 0.0000000000
92524  -42.427  -11.740  47.590 0.0000000000
94687  -48.508  -6.423  47.580 0.0000000000
94688  -48.877  -6.045  47.551 0.0000000000
99014  -47.171  -8.682  49.229 0.0000000000
105515  -46.679  1.380  46.709 0.0000000000
105716  -43.972  -11.335  37.662 0.0000000000
108044  -50.776  -2.689  39.207 0.0000000000
108045  -50.010  -2.552  39.333 0.0000000000
108046  -49.016  -2.448  38.846 0.0000000000
108047  -48.117  -2.303  38.430 0.0000000000
108051  -44.623  -0.152  40.796 0.0000000000
108052  -44.369  -0.421  40.341 0.0000000000
115421  -55.104  -3.151  38.804 0.0000000000
115422  -54.701  -2.997  39.022 0.0000000000
116050  -45.439  -10.862  49.010 0.0000000000
116099  -40.059  -12.689  44.447 0.0000000000
116101  -40.472  -12.506  45.113 0.0000000000
116706  -43.343  2.754  44.204 0.0000000000
121107  -47.329  -0.050  46.746 0.0000000000
121252  -40.509  -13.654  39.891 0.0000000000
121258  -42.488  -12.777  39.500 0.0000000000
121259  -42.837  -12.504  39.309 0.0000000000
121260  -43.164  -12.230  39.105 0.0000000000
121261  -43.508  -11.924  38.903 0.0000000000
121262  -43.825  -11.684  38.691 0.0000000000
130948  -48.102  -6.846  47.595 0.0000000000
131075  -39.719  -13.695  40.552 0.0000000000
131079  -40.422  -12.948  43.122 0.0000000000
131080  -39.904  -13.163  42.531 0.0000000000
131083  -40.235  -13.524  41.154 0.0000000000
132728  -42.273  1.005  41.017 0.0000000000
132729  -43.396  2.376  43.496 0.0000000000
132730  -42.948  2.181  43.013 0.0000000000
132731  -42.581  1.951  42.585 0.0000000000
132734  -42.184  1.765  42.082 0.0000000000
132735  -41.888  1.570  41.632 0.0000000000
132736  -41.634  1.361  41.155 0.0000000000
144437  -44.010  2.931  45.340 0.0000000000
144840  -45.407  -10.399  37.548 0.0000000000
144847  -49.065  -8.360  38.397 0.0000000000
144849  -50.225  -7.742  38.307 0.0000000000
149514  -53.586  -2.645  38.997 0.0000000000
149515  -52.771  -2.527  38.597 0.0000000000
149535  -44.169  -0.648  39.877 0.0000000000
149537  -43.958  -0.906  39.394 0.0000000000
149543  -47.302  -2.139  38.532 0.0000000000
1001  -42.136  0.720  40.581 0.0000000000
1822  -42.983  -12.183  38.312 0.0000000000
6126  -46.950  -7.948  48.304 0.0000000000
8643  -47.960  -2.394  37.827 0.0000000000
8645  -44.613  -1.809  38.321 0.0000000000
10292  -53.128  -6.111  37.840 0.0000000000
10293  -54.807  -5.165  38.332 0.0000000000
10305  -51.382  -6.860  37.221 0.0000000000
10442  -41.525  -11.925  47.286 0.0000000000
10456  -40.552  -12.301  46.110 0.0000000000
11645  -48.140  -6.086  47.083 0.0000000000
13595  -55.104  -2.872  38.397 0.0000000000
13599  -52.594  -2.331  38.006 0.0000000000
14049  -46.635  -8.793  49.481 0.0000000000
17766  -42.312  -12.706  38.704 0.0000000000
19066  -49.830  -2.601  38.744 0.0000000000
19070  -43.612  -0.079  40.381 0.0000000000
19072  -43.030  -1.092  38.612 0.0000000000
23135  -55.518  -4.032  38.559 0.0000000000
23426  -38.648  -13.033  43.626 0.0000000000
23427  -39.619  -12.676  44.807 0.0000000000
29652  -47.231  -6.933  47.022 0.0000000000
29699  -39.313  -13.632  40.922 0.0000000000
29700  -39.503  -13.051  42.876 0.0000000000
30309  -41.989  2.155  42.664 0.0000000000
30310  -41.281  1.813  41.797 0.0000000000
30311  -40.780  1.476  40.827 0.0000000000
34601  -44.903  -10.572  36.924 0.0000000000
34604  -46.531  -9.734  37.601 0.0000000000
36181  -51.302  -2.627  38.415 0.0000000000
36187  -43.219  -0.578  39.500 0.0000000000
36190  -46.219  -2.164  38.038 0.0000000000
41026  -52.272  -6.463  37.504 0.0000000000
41163  -41.989  -11.672  48.005 0.0000000000
44315  -54.624  -2.743  38.609 0.0000000000
44317  -53.985  -2.423  38.290 0.0000000000
44319  -53.408  -2.425  38.446 0.0000000000
44765  -46.250  -10.069  49.684 0.0000000000
44767  -46.642  -9.575  49.676 0.0000000000
44769  -46.563  -9.165  49.797 0.0000000000
48483  -39.240  -13.900  39.942 0.0000000000
48485  -39.619  -13.899  39.558 0.0000000000
48486  -42.669  -12.435  38.517 0.0000000000
48490  -42.429  -12.357  37.762 0.0000000000
48491  -42.765  -12.055  37.543 0.0000000000
49790  -42.896  0.329  40.491 0.0000000000
53916  -55.290  -4.645  38.498 0.0000000000
54365  -43.511  -11.354  48.589 0.0000000000
54367  -44.275  -11.100  49.011 0.0000000000
54368  -45.056  -10.827  49.308 0.0000000000
54835  -43.240  2.974  45.116 0.0000000000
54836  -42.869  2.859  44.522 0.0000000000
65184  -47.127  -7.533  47.682 0.0000000000
65284  -39.064  -13.016  43.242 0.0000000000
66588  -41.882  2.567  43.394 0.0000000000
66589  -42.425  2.344  43.159 0.0000000000
66594  -40.994  1.639  41.320 0.0000000000
76332  -40.400  -13.678  38.980 0.0000000000
76333  -40.782  -13.504  38.721 0.0000000000
76348  -43.405  -11.536  37.067 0.0000000000
76350  -43.729  -11.267  36.830 0.0000000000
76351  -44.056  -10.992  36.567 0.0000000000
76361  -47.343  -9.300  37.882 0.0000000000
80233  -48.875  -2.521  38.312 0.0000000000
80249  -43.816  -1.462  38.458 0.0000000000
80255  -45.420  -2.021  38.229 0.0000000000
92254  -54.058  -5.665  38.070 0.0000000000
92271  -49.694  -7.907  37.734 0.0000000000
92273  -50.072  -7.609  37.360 0.0000000000
92274  -50.444  -7.337  36.970 0.0000000000
92525  -42.768  -11.498  48.326 0.0000000000
92548  -41.072  -12.136  46.682 0.0000000000
94689  -48.540  -5.556  47.103 0.0000000000
94690  -48.343  -4.504  46.827 0.0000000000
94691  -48.087  -3.469  46.635 0.0000000000
94692  -47.753  -2.312  46.563 0.0000000000
99015  -46.842  -8.374  48.905 0.0000000000
105514  -46.400  0.950  46.694 0.0000000000
105516  -46.063  1.559  46.788 0.0000000000
105517  -45.741  1.914  46.670 0.0000000000
105518  -45.353  2.266  46.638 0.0000000000
105519  -44.882  2.542  46.460 0.0000000000
105704  -41.995  -12.950  38.897 0.0000000000
105705  -41.157  -13.309  38.523 0.0000000000
105715  -43.095  -11.776  37.314 0.0000000000
115420  -55.457  -3.434  38.527 0.0000000000
116051  -45.697  -10.469  49.565 0.0000000000
116098  -39.136  -12.876  44.248 0.0000000000
116100  -40.047  -12.484  45.498 0.0000000000
116707  -42.408  2.738  43.924 0.0000000000
121108  -47.425  -1.398  46.543 0.0000000000
121109  -47.057  -0.526  46.662 0.0000000000
121110  -46.737  0.325  46.732 0.0000000000
130949  -47.718  -6.547  47.042 0.0000000000
131074  -38.861  -13.864  40.326 0.0000000000
131078  -38.988  -13.291  42.239 0.0000000000
131081  -39.392  -13.340  41.920 0.0000000000
131082  -39.819  -13.434  41.549 0.0000000000
132733  -41.618  1.982  42.262 0.0000000000
132737  -41.417  1.119  40.680 0.0000000000
144438  -43.514  3.002  45.626 0.0000000000
144439  -44.317  2.775  46.270 0.0000000000
144440  -43.689  2.916  46.057 0.0000000000
144807  -39.996  -13.825  39.255 0.0000000000
144841  -45.706  -10.174  37.259 0.0000000000
144844  -47.655  -9.046  37.559 0.0000000000
144845  -48.491  -8.590  37.769 0.0000000000
144848  -49.383  -8.138  38.027 0.0000000000
149516  -51.916  -2.497  38.161 0.0000000000
149518  -50.527  -2.660  38.552 0.0000000000
149534  -43.392  -0.320  39.919 0.0000000000
149536  -43.115  -0.827  39.093 0.0000000000
149544  -47.160  -2.240  37.962 0.0000000000
