#!ascii label /projectnb/somerslab/tom/projects/spacetime_network/data/ROIs/probabilistic_CO_rh_thresh5.label , from subject  vox2ras=TkReg
1027
511  61.943  -5.563  11.639 6.0000000000
1122  59.836  -0.901  16.819 5.0000000000
2174  58.413  -10.451  12.550 5.0000000000
2175  57.576  0.362  13.053 5.0000000000
2176  60.255  -5.643  10.226 6.0000000000
2177  62.615  -10.036  12.654 5.0000000000
3040  59.890  4.925  21.283 5.0000000000
3041  60.133  2.382  18.547 7.0000000000
4803  60.934  -2.568  12.391 7.0000000000
4804  60.208  -2.432  11.609 6.0000000000
4805  61.559  -5.356  10.589 7.0000000000
4806  61.650  -8.185  10.668 8.0000000000
4807  62.958  -7.986  11.496 6.0000000000
4808  63.973  -9.722  13.830 7.0000000000
4809  63.430  -7.969  13.284 5.0000000000
6628  60.541  -3.187  13.761 6.0000000000
6629  61.246  -6.388  13.171 7.0000000000
9088  56.308  0.440  12.041 5.0000000000
9093  59.653  -8.387  10.834 6.0000000000
9094  60.659  -10.229  12.322 6.0000000000
9096  62.918  -11.235  15.411 5.0000000000
10721  59.986  3.310  20.796 6.0000000000
12479  57.070  -7.346  11.002 5.0000000000
12483  61.422  -4.080  11.802 7.0000000000
12484  61.304  -3.889  11.210 8.0000000000
12485  61.887  -5.382  11.039 7.0000000000
12486  62.236  -6.764  10.777 7.0000000000
12487  62.585  -6.817  11.431 7.0000000000
12488  63.312  -7.928  12.271 6.0000000000
12489  62.616  -6.974  12.157 5.0000000000
14883  60.135  0.766  17.812 7.0000000000
14884  60.218  1.082  17.098 6.0000000000
14885  60.244  -0.526  16.220 5.0000000000
14886  60.467  -1.732  14.655 5.0000000000
14887  60.023  -2.002  15.279 5.0000000000
14888  59.924  -3.572  14.330 6.0000000000
20159  58.683  -11.146  13.647 5.0000000000
20165  56.804  0.343  12.714 5.0000000000
20166  56.389  -1.318  12.449 5.0000000000
20167  57.138  -1.304  12.647 5.0000000000
20171  60.266  -3.991  10.648 5.0000000000
20172  59.567  -2.514  11.598 5.0000000000
20173  59.510  -4.150  10.765 5.0000000000
20174  58.628  -4.305  10.995 5.0000000000
20175  59.336  -5.808  10.376 5.0000000000
20176  59.017  -7.235  10.558 5.0000000000
20177  60.013  -7.114  10.368 5.0000000000
20178  62.172  -9.160  11.489 7.0000000000
20179  61.291  -9.281  11.371 6.0000000000
20180  61.708  -10.110  12.402 5.0000000000
20181  60.919  -10.839  13.573 6.0000000000
20182  61.969  -10.774  13.659 5.0000000000
20184  62.884  -10.681  13.985 5.0000000000
20185  64.278  -9.502  14.853 6.0000000000
20186  64.143  -10.508  15.287 5.0000000000
20187  64.458  -10.266  16.302 5.0000000000
20188  64.458  -11.091  17.623 5.0000000000
20191  62.118  -7.598  14.121 6.0000000000
23905  60.029  4.109  19.042 5.0000000000
23906  60.019  3.708  19.877 6.0000000000
23907  60.103  2.037  19.388 7.0000000000
23908  59.927  0.417  18.619 5.0000000000
23910  59.573  0.139  19.461 5.0000000000
27071  58.022  -9.579  11.763 5.0000000000
27077  60.494  -1.226  13.344 7.0000000000
27078  60.114  -1.090  12.889 5.0000000000
27079  60.684  -2.439  11.841 7.0000000000
27080  60.906  -3.864  10.836 6.0000000000
27081  61.016  -5.425  10.317 7.0000000000
27082  60.992  -6.946  10.242 7.0000000000
27083  61.719  -6.800  10.381 7.0000000000
27084  62.425  -8.053  10.909 7.0000000000
27085  62.954  -9.059  11.883 7.0000000000
27086  63.389  -9.918  13.125 6.0000000000
27087  63.585  -8.931  12.563 6.0000000000
27088  63.983  -8.771  13.448 6.0000000000
27089  64.028  -8.571  14.491 5.0000000000
30821  60.119  2.785  17.788 5.0000000000
30823  60.351  0.065  14.874 5.0000000000
30824  60.643  -1.483  13.918 6.0000000000
30825  60.920  -2.881  13.037 7.0000000000
30826  61.260  -4.385  12.454 7.0000000000
30827  61.679  -5.905  12.391 6.0000000000
30828  60.766  -4.711  13.118 7.0000000000
30829  60.092  -5.234  13.651 6.0000000000
37508  55.941  0.372  11.340 5.0000000000
37521  58.036  -7.304  10.806 5.0000000000
37522  58.587  -8.475  11.037 5.0000000000
37523  59.114  -9.494  11.591 5.0000000000
37524  60.735  -8.298  10.656 8.0000000000
37525  60.197  -9.391  11.457 6.0000000000
37526  59.524  -10.376  12.469 5.0000000000
37527  59.765  -11.004  13.647 5.0000000000
37533  63.634  -10.673  14.522 6.0000000000
37539  62.451  -7.217  13.117 6.0000000000
41441  59.933  3.665  21.961 5.0000000000
43199  56.803  -6.687  11.058 5.0000000000
43203  61.671  -4.822  11.638 6.0000000000
43204  61.649  -4.706  11.316 7.0000000000
43205  61.951  -5.459  11.320 6.0000000000
43206  62.235  -6.139  11.107 7.0000000000
43207  62.274  -6.201  11.494 6.0000000000
43208  62.628  -6.869  11.803 5.0000000000
43209  62.226  -6.325  11.834 6.0000000000
45603  60.040  -0.059  17.327 6.0000000000
45604  60.189  0.106  16.977 6.0000000000
45606  60.134  -1.242  15.766 5.0000000000
50877  58.017  -10.909  13.082 5.0000000000
50878  58.116  -11.202  13.688 5.0000000000
50879  58.558  -10.832  13.074 5.0000000000
50885  57.170  0.335  12.895 5.0000000000
50886  56.882  -0.478  12.776 5.0000000000
50887  57.270  -0.453  12.920 5.0000000000
50891  60.274  -4.831  10.383 6.0000000000
50892  59.906  -4.078  10.693 5.0000000000
50893  59.884  -4.969  10.410 5.0000000000
50894  59.441  -5.022  10.515 5.0000000000
50895  59.802  -5.738  10.309 5.0000000000
50896  59.652  -6.481  10.325 5.0000000000
50897  60.145  -6.393  10.233 5.0000000000
50898  62.371  -9.621  12.047 6.0000000000
50899  61.933  -9.663  11.928 6.0000000000
50900  62.144  -10.069  12.504 5.0000000000
50901  61.856  -10.489  13.007 5.0000000000
50902  62.336  -10.440  13.125 5.0000000000
50903  62.447  -10.733  13.768 5.0000000000
50904  62.781  -10.369  13.291 5.0000000000
50906  64.384  -9.881  15.583 5.0000000000
55201  59.972  4.500  20.103 5.0000000000
55202  59.995  4.302  20.540 5.0000000000
55203  60.013  2.444  20.492 5.0000000000
55204  60.027  2.659  20.073 6.0000000000
55205  60.060  1.819  19.783 5.0000000000
55206  60.077  1.195  19.023 6.0000000000
55207  59.999  0.994  19.458 5.0000000000
55208  59.766  0.272  19.057 5.0000000000
60488  60.716  -1.929  12.822 6.0000000000
60489  60.593  -1.837  12.514 7.0000000000
60490  60.833  -2.482  12.105 7.0000000000
60491  61.437  -4.619  10.814 7.0000000000
60492  61.141  -3.843  11.007 8.0000000000
60493  61.231  -4.615  10.643 7.0000000000
60494  60.985  -4.654  10.499 7.0000000000
60495  61.318  -5.384  10.398 7.0000000000
60496  61.372  -6.126  10.319 7.0000000000
60497  61.687  -6.139  10.436 7.0000000000
60498  62.610  -7.397  11.081 6.0000000000
60499  62.364  -7.415  10.824 7.0000000000
60500  62.706  -7.993  11.150 6.0000000000
60501  62.701  -8.574  11.347 6.0000000000
60502  63.000  -8.548  11.645 6.0000000000
60503  63.270  -9.000  12.190 6.0000000000
60504  63.279  -8.521  12.002 6.0000000000
60505  63.430  -7.934  12.769 5.0000000000
60506  63.673  -8.392  12.820 6.0000000000
60507  63.745  -8.317  13.327 5.0000000000
60508  64.017  -8.662  13.955 5.0000000000
60509  63.761  -8.259  13.839 5.0000000000
67688  60.077  3.238  18.808 5.0000000000
67689  60.065  3.487  18.428 5.0000000000
67690  60.141  2.591  18.152 7.0000000000
67691  60.319  0.474  16.364 5.0000000000
67695  60.420  -0.027  15.224 5.0000000000
67696  60.487  -0.719  14.400 6.0000000000
67697  60.479  -0.833  14.740 6.0000000000
67698  60.511  -2.451  14.159 6.0000000000
67699  60.688  -2.341  13.812 6.0000000000
67700  60.777  -3.025  13.392 7.0000000000
67701  61.094  -3.604  12.686 7.0000000000
67702  60.888  -3.756  13.055 7.0000000000
67703  61.015  -4.545  12.818 7.0000000000
67704  60.613  -3.931  13.416 6.0000000000
67706  59.946  -4.381  13.979 7.0000000000
83531  56.736  1.186  12.015 5.0000000000
83533  56.561  1.118  11.659 5.0000000000
83535  56.138  0.404  11.686 5.0000000000
83537  56.011  -0.398  12.034 5.0000000000
83538  56.696  -2.172  12.358 6.0000000000
83539  56.280  -2.177  12.295 5.0000000000
83551  60.163  -1.718  12.167 5.0000000000
83552  59.840  -1.108  12.783 5.0000000000
83553  59.875  -1.753  12.144 5.0000000000
83568  59.336  -7.826  10.654 6.0000000000
83569  58.831  -7.880  10.743 6.0000000000
83570  59.107  -8.419  10.925 5.0000000000
83571  58.835  -8.966  11.265 6.0000000000
83572  59.388  -8.939  11.201 5.0000000000
83573  61.356  -7.613  10.413 8.0000000000
83574  60.890  -7.676  10.438 7.0000000000
83575  61.219  -8.252  10.651 8.0000000000
83576  61.006  -9.755  11.812 5.0000000000
83577  60.765  -9.349  11.370 5.0000000000
83578  60.441  -9.829  11.850 6.0000000000
83579  59.873  -9.919  11.934 5.0000000000
83580  60.099  -10.340  12.393 6.0000000000
83581  59.687  -10.737  13.017 5.0000000000
83582  60.240  -10.668  12.952 6.0000000000
83583  61.013  -11.028  14.241 5.0000000000
83584  60.470  -11.065  14.259 5.0000000000
83595  63.741  -9.827  13.388 6.0000000000
83596  63.532  -10.291  13.782 6.0000000000
83597  63.846  -10.169  14.094 6.0000000000
83598  64.182  -10.900  16.045 5.0000000000
83599  63.938  -10.930  15.617 5.0000000000
83605  64.507  -10.991  18.157 5.0000000000
83610  61.488  -6.145  12.829 6.0000000000
83611  62.036  -6.647  12.687 6.0000000000
83612  61.833  -6.973  13.115 6.0000000000
83613  62.546  -7.877  14.737 5.0000000000
83614  62.759  -7.760  14.183 5.0000000000
93024  59.905  4.744  21.788 5.0000000000
93025  59.972  4.150  21.042 5.0000000000
93026  59.967  3.932  21.537 6.0000000000
93027  59.972  3.093  21.235 5.0000000000
96197  61.172  -3.316  12.085 7.0000000000
96198  61.102  -3.183  11.779 8.0000000000
96199  61.401  -3.973  11.471 8.0000000000
96200  61.585  -4.642  11.061 7.0000000000
96201  61.742  -5.350  10.798 7.0000000000
96202  61.903  -6.089  10.641 7.0000000000
96203  62.085  -6.073  10.855 7.0000000000
96204  62.445  -6.776  11.061 7.0000000000
96205  62.822  -7.444  11.415 6.0000000000
96206  63.160  -7.945  11.817 6.0000000000
96207  62.945  -7.411  11.816 6.0000000000
96208  63.034  -7.474  12.226 5.0000000000
96209  63.030  -7.525  12.665 5.0000000000
100517  60.147  1.543  18.219 7.0000000000
100518  60.182  1.718  17.825 7.0000000000
100519  60.166  0.919  17.454 8.0000000000
100520  60.265  0.266  16.674 6.0000000000
100522  60.449  -0.970  15.084 6.0000000000
100523  60.321  -1.096  15.451 5.0000000000
100524  60.268  -1.845  15.003 6.0000000000
100525  60.256  -2.610  14.515 7.0000000000
100526  60.269  -3.364  14.049 7.0000000000
100527  59.966  -2.790  14.757 6.0000000000
100528  59.622  -2.964  15.003 5.0000000000
110014  58.186  -11.393  14.343 5.0000000000
110015  58.719  -11.330  14.360 5.0000000000
110025  56.537  0.380  12.386 6.0000000000
110026  56.213  -0.451  12.373 6.0000000000
110027  56.513  -0.474  12.623 5.0000000000
110028  56.707  -1.300  12.644 5.0000000000
110029  57.094  -2.134  12.389 6.0000000000
110035  60.242  -3.186  11.098 5.0000000000
110036  59.906  -2.454  11.555 6.0000000000
110037  59.914  -3.206  11.083 5.0000000000
110038  59.570  -3.279  11.117 5.0000000000
110039  59.164  -3.407  11.205 5.0000000000
110041  59.065  -4.244  10.848 5.0000000000
110042  58.957  -5.035  10.631 5.0000000000
110043  58.851  -5.831  10.522 5.0000000000
110045  59.190  -6.545  10.425 5.0000000000
110046  59.504  -7.207  10.455 5.0000000000
110047  59.853  -7.788  10.548 6.0000000000
110048  61.934  -8.685  11.025 8.0000000000
110049  61.512  -8.772  10.947 8.0000000000
110050  61.734  -9.226  11.379 7.0000000000
110051  61.516  -9.707  11.872 5.0000000000
110052  61.185  -10.172  12.361 5.0000000000
110053  60.792  -10.606  12.934 6.0000000000
110054  61.333  -10.543  12.949 5.0000000000
110055  61.458  -10.825  13.549 5.0000000000
110056  61.535  -11.017  14.271 5.0000000000
110058  62.025  -10.995  14.344 5.0000000000
110059  62.494  -10.995  14.483 5.0000000000
110060  62.928  -10.967  14.689 5.0000000000
110061  64.167  -9.613  14.294 7.0000000000
110062  64.080  -10.076  14.518 6.0000000000
110063  64.280  -10.023  15.064 5.0000000000
110064  64.339  -10.423  15.808 5.0000000000
110065  64.372  -10.796  16.510 5.0000000000
110067  64.486  -10.669  16.964 5.0000000000
110069  64.577  -10.390  18.022 5.0000000000
110070  60.947  -6.643  13.519 5.0000000000
110071  61.648  -7.111  13.566 7.0000000000
110072  61.377  -7.353  14.004 6.0000000000
117219  60.021  3.902  19.453 5.0000000000
117220  60.070  3.047  19.227 7.0000000000
117221  60.000  3.503  20.309 6.0000000000
117222  60.059  2.846  19.693 6.0000000000
117223  60.111  2.195  18.961 7.0000000000
117224  60.127  1.370  18.613 7.0000000000
117225  60.090  0.639  18.222 6.0000000000
117226  59.897  -0.172  17.741 5.0000000000
117227  59.566  -0.929  17.218 5.0000000000
117228  59.666  -0.293  18.150 5.0000000000
124607  58.232  -10.030  12.095 5.0000000000
124619  60.283  -0.516  13.848 7.0000000000
124620  60.078  -0.432  13.616 5.0000000000
124621  60.346  -1.158  13.085 7.0000000000
124622  60.407  -1.775  12.331 7.0000000000
124623  60.464  -2.407  11.691 7.0000000000
124624  61.001  -3.110  11.502 8.0000000000
124625  60.808  -3.113  11.302 7.0000000000
124626  60.540  -3.153  11.187 7.0000000000
124627  60.613  -3.919  10.737 6.0000000000
124628  60.659  -4.719  10.400 6.0000000000
124629  60.654  -5.512  10.225 6.0000000000
124630  60.624  -6.288  10.182 6.0000000000
124631  61.030  -6.176  10.233 7.0000000000
124632  61.377  -6.860  10.299 7.0000000000
124633  61.724  -7.517  10.482 7.0000000000
124634  62.022  -6.805  10.590 7.0000000000
124635  62.106  -7.474  10.585 7.0000000000
124636  62.051  -8.112  10.761 7.0000000000
124637  62.372  -8.623  11.124 7.0000000000
124638  62.606  -9.116  11.647 7.0000000000
124639  62.839  -9.592  12.285 7.0000000000
124640  63.032  -9.998  12.907 6.0000000000
124641  63.189  -9.527  12.520 7.0000000000
124642  63.513  -9.430  12.771 7.0000000000
124643  63.812  -9.353  13.181 7.0000000000
124644  63.497  -8.425  12.378 6.0000000000
124645  63.798  -8.860  12.989 6.0000000000
124646  64.037  -9.264  13.628 7.0000000000
124647  64.167  -9.148  14.153 6.0000000000
124648  64.215  -9.014  14.667 5.0000000000
134124  60.039  3.665  18.022 5.0000000000
134125  60.096  2.941  17.397 5.0000000000
134126  60.180  1.851  17.435 6.0000000000
134127  60.165  2.043  17.067 5.0000000000
134132  60.405  -0.618  14.100 6.0000000000
134133  60.602  -1.349  13.606 5.0000000000
134134  60.792  -2.050  13.132 6.0000000000
134135  60.587  -1.625  14.277 6.0000000000
134136  60.809  -2.228  13.450 6.0000000000
134137  60.971  -2.733  12.728 7.0000000000
134138  61.167  -3.458  12.402 7.0000000000
134139  61.415  -4.251  12.080 7.0000000000
134140  61.618  -4.950  11.953 7.0000000000
134141  61.856  -5.712  12.008 6.0000000000
134142  61.426  -5.131  12.353 7.0000000000
134143  61.217  -5.321  12.736 7.0000000000
134144  60.992  -5.515  13.004 7.0000000000
134145  60.295  -4.162  13.695 8.0000000000
134146  60.454  -4.969  13.421 7.0000000000
134147  60.673  -5.797  13.350 6.0000000000
134148  60.302  -6.100  13.673 6.0000000000
134151  59.266  -1.648  16.681 5.0000000000
153492  56.053  -1.282  12.258 5.0000000000
153506  57.948  0.345  13.189 5.0000000000
153507  59.819  -0.350  13.426 5.0000000000
153508  59.553  -0.392  13.251 5.0000000000
153510  59.561  -1.789  12.140 5.0000000000
153515  57.745  -0.472  12.940 5.0000000000
153516  57.581  -1.323  12.656 5.0000000000
153517  57.520  -2.129  12.356 5.0000000000
153525  57.274  -6.665  10.925 5.0000000000
153526  57.547  -7.320  10.923 5.0000000000
153528  58.518  -7.252  10.677 5.0000000000
153529  58.327  -7.936  10.888 5.0000000000
153531  58.345  -9.041  11.383 5.0000000000
153532  58.588  -9.541  11.659 5.0000000000
153533  58.783  -10.004  12.012 5.0000000000
153534  60.523  -7.036  10.287 7.0000000000
153535  60.386  -7.727  10.483 7.0000000000
153536  60.201  -8.329  10.727 6.0000000000
153537  61.035  -8.820  10.950 8.0000000000
153538  60.506  -8.854  11.004 7.0000000000
153539  59.939  -8.893  11.104 5.0000000000
153540  59.650  -9.442  11.540 5.0000000000
153541  59.329  -9.956  11.993 5.0000000000
153542  58.977  -10.420  12.483 5.0000000000
153543  59.124  -10.779  13.049 5.0000000000
153544  59.213  -11.061  13.676 5.0000000000
153546  60.348  -10.906  13.585 6.0000000000
153561  63.187  -10.333  13.507 6.0000000000
153562  63.269  -10.666  14.227 6.0000000000
153563  63.317  -10.978  14.948 5.0000000000
153564  63.906  -10.562  14.853 5.0000000000
153565  63.679  -10.974  15.250 5.0000000000
153579  62.161  -6.459  12.225 6.0000000000
153580  62.548  -7.098  12.592 6.0000000000
153581  62.977  -7.596  13.175 5.0000000000
153582  62.332  -7.437  13.615 6.0000000000
153583  62.886  -7.655  13.618 5.0000000000
153584  63.394  -7.939  13.771 5.0000000000
510  56.510  -5.988  11.198 0.0000000000
1121  60.098  0.195  14.298 0.0000000000
3042  59.983  1.617  20.217 0.0000000000
6626  60.067  3.098  17.023 0.0000000000
6627  60.414  -0.173  15.556 0.0000000000
9086  58.797  -11.414  15.034 0.0000000000
9089  57.072  -2.987  12.127 0.0000000000
9091  58.805  -2.742  11.695 0.0000000000
9092  58.373  -5.874  10.639 0.0000000000
9095  61.060  -11.189  14.926 0.0000000000
9097  64.158  -11.280  16.773 0.0000000000
9098  64.534  -10.828  18.674 0.0000000000
9099  62.912  -8.050  15.460 0.0000000000
10720  59.953  4.488  22.250 0.0000000000
10722  59.862  2.863  21.667 0.0000000000
14882  59.912  4.434  18.240 0.0000000000
14889  59.404  -2.296  15.805 0.0000000000
20157  57.596  -11.265  13.680 0.0000000000
20158  57.708  -11.561  15.019 0.0000000000
20164  57.242  1.877  11.968 0.0000000000
20170  59.612  0.374  13.852 0.0000000000
20183  62.064  -11.180  15.055 0.0000000000
20189  64.560  -9.959  17.349 0.0000000000
20190  60.624  -6.912  13.983 0.0000000000
23904  59.795  5.210  20.355 0.0000000000
23909  59.283  -1.003  17.581 0.0000000000
30822  60.223  1.370  16.319 0.0000000000
37507  56.909  1.764  11.266 0.0000000000
37509  55.719  -1.221  12.089 0.0000000000
37510  56.160  -2.962  12.053 0.0000000000
37514  58.323  0.324  13.271 0.0000000000
37515  59.542  -1.115  12.708 0.0000000000
37517  58.033  -1.350  12.625 0.0000000000
37518  57.941  -2.919  11.943 0.0000000000
37520  57.434  -5.952  10.910 0.0000000000
37528  59.957  -11.234  14.934 0.0000000000
37534  63.629  -11.278  16.007 0.0000000000
37540  63.333  -7.956  14.242 0.0000000000
41440  59.854  4.288  22.761 0.0000000000
41442  59.827  3.432  22.446 0.0000000000
43197  56.367  -6.709  11.188 0.0000000000
43198  56.612  -7.351  11.150 0.0000000000
45605  60.052  -0.724  16.495 0.0000000000
45607  59.888  -1.439  16.041 0.0000000000
45608  59.740  -2.172  15.537 0.0000000000
45609  59.606  -1.551  16.370 0.0000000000
50875  57.883  -10.493  12.572 0.0000000000
50876  57.490  -10.944  13.098 0.0000000000
50883  57.537  1.139  12.951 0.0000000000
50884  57.252  1.147  12.665 0.0000000000
50890  59.877  0.298  14.053 0.0000000000
50905  64.346  -9.352  15.388 0.0000000000
50907  64.455  -9.708  16.102 0.0000000000
50908  64.539  -10.101  16.824 0.0000000000
50911  61.035  -7.561  14.483 0.0000000000
55200  59.886  5.035  20.791 0.0000000000
55209  59.846  0.853  19.893 0.0000000000
60478  57.490  -9.596  11.857 0.0000000000
60479  57.791  -9.078  11.508 0.0000000000
67692  60.230  1.218  16.706 0.0000000000
67693  60.331  0.625  15.997 0.0000000000
67694  60.287  0.770  15.630 0.0000000000
67705  59.521  -3.718  14.609 0.0000000000
67707  59.584  -4.576  14.257 0.0000000000
67708  59.705  -5.451  14.059 0.0000000000
67711  58.934  -1.718  17.000 0.0000000000
83515  58.237  -11.500  15.024 0.0000000000
83532  57.040  1.820  11.611 0.0000000000
83534  56.406  1.069  11.276 0.0000000000
83536  55.747  -0.362  11.758 0.0000000000
83540  56.602  -3.000  12.099 0.0000000000
83554  59.203  -2.630  11.641 0.0000000000
83555  59.212  -1.881  12.133 0.0000000000
83559  57.973  -2.103  12.281 0.0000000000
83561  58.495  -5.086  10.753 0.0000000000
83562  58.177  -4.385  11.115 0.0000000000
83566  57.747  -6.649  10.803 0.0000000000
83567  58.215  -6.623  10.673 0.0000000000
83585  60.518  -11.184  14.915 0.0000000000
83590  62.495  -11.219  15.203 0.0000000000
83592  62.441  -11.429  15.935 0.0000000000
83594  62.843  -11.522  16.171 0.0000000000
83600  63.917  -11.270  16.382 0.0000000000
83606  64.351  -11.577  18.357 0.0000000000
83607  64.395  -11.447  18.790 0.0000000000
83615  63.153  -8.008  14.849 0.0000000000
93028  59.940  2.241  20.912 0.0000000000
96190  56.859  -7.958  11.219 0.0000000000
96191  57.313  -7.947  11.091 0.0000000000
100516  59.985  3.805  17.613 0.0000000000
100521  60.381  -0.367  15.867 0.0000000000
100529  59.243  -3.055  15.309 0.0000000000
110013  57.666  -11.471  14.337 0.0000000000
110024  56.963  1.181  12.371 0.0000000000
110034  59.337  0.361  13.661 0.0000000000
110040  58.759  -3.506  11.292 0.0000000000
110044  58.706  -6.580  10.527 0.0000000000
110057  61.568  -11.172  14.983 0.0000000000
110066  64.329  -11.184  17.179 0.0000000000
110068  64.565  -10.553  17.504 0.0000000000
110073  61.829  -7.741  14.645 0.0000000000
110074  62.247  -8.000  15.332 0.0000000000
117217  59.905  4.889  19.269 0.0000000000
117218  59.960  4.711  19.684 0.0000000000
117229  59.412  -0.384  18.520 0.0000000000
117230  59.168  -0.481  18.879 0.0000000000
117231  59.699  0.695  20.296 0.0000000000
117232  59.319  -0.001  19.780 0.0000000000
124606  57.699  -10.059  12.175 0.0000000000
124618  57.915  1.191  13.148 0.0000000000
124649  64.243  -8.875  15.214 0.0000000000
134123  59.995  4.326  18.648 0.0000000000
134128  60.163  2.200  16.719 0.0000000000
134130  60.215  0.866  15.303 0.0000000000
134131  60.255  0.113  14.557 0.0000000000
134149  59.903  -6.320  14.078 0.0000000000
134152  59.029  -2.388  16.117 0.0000000000
140888  59.660  5.535  21.539 0.0000000000
140891  59.754  5.440  22.027 0.0000000000
140892  59.784  5.221  22.537 0.0000000000
153487  56.256  1.037  10.881 0.0000000000
153488  55.746  0.349  10.986 0.0000000000
153489  55.530  -0.405  11.457 0.0000000000
153493  55.912  -2.098  12.158 0.0000000000
153505  58.250  1.178  13.337 0.0000000000
153509  59.211  -0.428  13.159 0.0000000000
153511  59.187  -1.156  12.663 0.0000000000
153514  58.120  -0.504  13.005 0.0000000000
153518  57.491  -2.944  12.032 0.0000000000
153519  58.303  -3.599  11.445 0.0000000000
153524  56.999  -6.003  11.002 0.0000000000
153527  57.812  -7.943  11.003 0.0000000000
153530  58.057  -8.534  11.169 0.0000000000
153545  59.284  -11.249  14.341 0.0000000000
153547  59.880  -11.152  14.274 0.0000000000
153566  63.321  -11.281  15.677 0.0000000000
153573  64.243  -11.632  17.872 0.0000000000
153585  63.750  -8.211  14.378 0.0000000000
153586  64.011  -8.522  15.046 0.0000000000
153598  64.572  -9.778  17.897 0.0000000000
153599  64.561  -10.188  18.575 0.0000000000
111  59.773  4.073  23.247 0.0000000000
1119  55.665  0.271  10.596 0.0000000000
1120  59.628  5.491  19.492 0.0000000000
2178  64.393  -9.194  15.983 0.0000000000
3043  58.707  -1.129  18.302 0.0000000000
4799  57.551  -8.531  11.282 0.0000000000
6630  59.142  -3.861  14.891 0.0000000000
9090  59.029  0.323  13.538 0.0000000000
10723  59.715  1.245  21.042 0.0000000000
12477  56.177  -7.359  11.281 0.0000000000
12478  56.631  -8.568  11.489 0.0000000000
14879  55.185  -1.206  11.563 0.0000000000
20155  57.369  -10.527  12.588 0.0000000000
20163  57.716  1.953  12.653 0.0000000000
20192  61.497  -7.975  15.119 0.0000000000
23911  59.066  -0.175  20.125 0.0000000000
27070  57.007  -9.597  11.915 0.0000000000
27076  58.282  2.002  13.262 0.0000000000
30820  60.105  1.724  15.694 0.0000000000
30830  59.256  -5.655  14.409 0.0000000000
30831  58.634  -2.481  16.418 0.0000000000
33240  59.268  5.980  21.828 0.0000000000
33241  59.479  5.859  22.844 0.0000000000
37505  56.664  1.668  10.417 0.0000000000
37516  58.812  -1.261  12.622 0.0000000000
37519  57.719  -4.435  11.271 0.0000000000
37531  61.927  -11.637  16.558 0.0000000000
37532  62.752  -11.870  16.935 0.0000000000
37536  63.950  -12.087  18.138 0.0000000000
37537  64.190  -12.042  18.938 0.0000000000
37541  63.902  -8.450  15.711 0.0000000000
37545  64.522  -9.607  18.528 0.0000000000
41443  59.757  2.641  22.147 0.0000000000
41444  59.746  3.216  22.979 0.0000000000
43195  56.062  -5.959  11.315 0.0000000000
43196  55.917  -6.678  11.302 0.0000000000
45599  55.363  -0.450  11.115 0.0000000000
45601  59.704  5.085  18.466 0.0000000000
45602  59.828  5.033  18.870 0.0000000000
50888  59.925  1.003  14.699 0.0000000000
50889  59.717  1.077  14.427 0.0000000000
50909  64.491  -9.554  16.668 0.0000000000
50910  60.248  -7.154  14.393 0.0000000000
50912  60.696  -7.777  14.947 0.0000000000
55211  59.488  0.520  20.644 0.0000000000
60475  57.092  -8.537  11.376 0.0000000000
60477  57.298  -9.099  11.599 0.0000000000
67683  59.937  3.916  17.214 0.0000000000
67685  59.978  3.212  16.640 0.0000000000
67687  60.094  2.383  16.361 0.0000000000
67709  59.156  -4.750  14.530 0.0000000000
67710  58.997  -1.065  17.919 0.0000000000
67712  58.578  -1.803  17.290 0.0000000000
73123  59.561  5.762  23.368 0.0000000000
83516  57.742  -11.631  15.738 0.0000000000
83517  58.301  -11.548  15.750 0.0000000000
83519  58.862  -11.472  15.729 0.0000000000
83541  56.439  -3.771  11.819 0.0000000000
83542  56.926  -3.738  11.793 0.0000000000
83546  59.198  1.133  14.000 0.0000000000
83549  58.561  1.175  13.562 0.0000000000
83550  58.689  0.303  13.388 0.0000000000
83556  58.816  -1.997  12.144 0.0000000000
83557  58.436  -1.294  12.614 0.0000000000
83558  58.411  -2.096  12.201 0.0000000000
83560  58.385  -2.820  11.815 0.0000000000
83563  58.034  -5.155  10.887 0.0000000000
83564  57.531  -5.156  11.012 0.0000000000
83565  57.901  -5.942  10.763 0.0000000000
83586  59.990  -11.297  15.637 0.0000000000
83587  60.525  -11.296  15.655 0.0000000000
83589  61.042  -11.304  15.711 0.0000000000
83591  62.002  -11.373  15.808 0.0000000000
83593  62.355  -11.747  16.719 0.0000000000
83601  63.548  -11.616  16.742 0.0000000000
83602  63.842  -11.657  17.072 0.0000000000
83604  64.076  -11.661  17.457 0.0000000000
83608  64.241  -11.918  19.356 0.0000000000
83609  64.416  -11.307  19.261 0.0000000000
83616  63.657  -8.222  14.985 0.0000000000
83617  63.504  -8.221  15.620 0.0000000000
83626  64.434  -9.215  17.831 0.0000000000
93029  59.881  1.421  20.646 0.0000000000
93030  59.809  2.033  21.380 0.0000000000
96189  56.414  -7.971  11.314 0.0000000000
100515  59.841  4.508  17.817 0.0000000000
110009  56.978  -10.954  13.112 0.0000000000
110010  57.105  -11.298  13.657 0.0000000000
110011  57.172  -11.501  14.304 0.0000000000
110012  57.209  -11.628  14.998 0.0000000000
110022  57.787  2.593  11.988 0.0000000000
110023  57.483  1.938  12.326 0.0000000000
110033  59.474  1.133  14.191 0.0000000000
117216  59.743  5.405  19.920 0.0000000000
117233  58.868  -0.626  19.213 0.0000000000
124605  57.199  -10.082  12.194 0.0000000000
124617  57.999  1.951  12.959 0.0000000000
134111  56.197  -5.272  11.418 0.0000000000
134122  60.102  0.933  14.975 0.0000000000
134129  60.188  1.572  16.010 0.0000000000
134150  59.510  -6.557  14.510 0.0000000000
134153  58.822  -3.152  15.597 0.0000000000
140886  59.463  5.735  20.614 0.0000000000
140887  59.590  5.640  21.071 0.0000000000
140890  59.395  5.970  22.332 0.0000000000
140893  59.788  5.081  23.083 0.0000000000
140894  59.735  4.891  23.569 0.0000000000
153465  57.224  -11.708  15.734 0.0000000000
153479  56.150  0.993  10.442 0.0000000000
153483  57.589  2.548  11.612 0.0000000000
153484  57.450  2.486  11.250 0.0000000000
153485  57.319  2.422  10.885 0.0000000000
153486  56.775  1.716  10.867 0.0000000000
153490  55.462  -1.213  11.827 0.0000000000
153491  55.539  -2.068  12.046 0.0000000000
153494  55.768  -2.941  12.073 0.0000000000
153495  56.038  -3.743  11.875 0.0000000000
153497  56.658  -5.289  11.281 0.0000000000
153504  58.575  2.019  13.516 0.0000000000
153512  58.886  -0.475  13.085 0.0000000000
153513  58.503  -0.495  13.047 0.0000000000
153520  57.849  -3.683  11.600 0.0000000000
153521  57.413  -3.688  11.767 0.0000000000
153523  57.101  -5.224  11.153 0.0000000000
153548  59.397  -11.325  14.991 0.0000000000
153549  59.436  -11.381  15.666 0.0000000000
153555  61.543  -11.334  15.736 0.0000000000
153567  63.216  -11.575  16.447 0.0000000000
153574  64.119  -12.111  18.536 0.0000000000
153587  64.186  -8.763  15.822 0.0000000000
153589  61.940  -8.173  15.891 0.0000000000
153590  62.633  -8.171  16.045 0.0000000000
153593  63.232  -8.201  16.176 0.0000000000
153597  64.461  -9.405  17.231 0.0000000000
153601  64.516  -10.049  19.199 0.0000000000
153602  64.499  -10.673  19.210 0.0000000000
1123  59.898  -7.370  14.841 0.0000000000
4801  58.219  3.327  12.125 0.0000000000
6623  55.366  -2.891  11.953 0.0000000000
9085  56.745  -11.716  14.987 0.0000000000
9087  57.719  3.043  10.553 0.0000000000
10724  59.651  2.436  22.616 0.0000000000
12475  55.622  -5.932  11.371 0.0000000000
14880  59.368  5.591  18.701 0.0000000000
14881  59.754  4.621  17.399 0.0000000000
20156  56.585  -11.305  13.706 0.0000000000
20168  59.793  1.866  15.013 0.0000000000
20169  59.364  1.950  14.437 0.0000000000
30815  55.916  -4.524  11.685 0.0000000000
30819  59.855  3.294  16.192 0.0000000000
33239  58.951  6.055  20.882 0.0000000000
33242  59.564  5.588  23.861 0.0000000000
37500  56.716  -11.889  16.507 0.0000000000
37501  57.771  -11.721  16.491 0.0000000000
37502  58.901  -11.544  16.433 0.0000000000
37506  57.939  3.206  11.340 0.0000000000
37511  56.780  -4.502  11.505 0.0000000000
37513  58.883  2.041  13.844 0.0000000000
37529  59.961  -11.438  16.386 0.0000000000
37530  60.998  -11.501  16.479 0.0000000000
37535  63.473  -12.002  17.420 0.0000000000
37538  64.247  -11.825  19.811 0.0000000000
37542  62.376  -8.264  16.624 0.0000000000
37543  63.527  -8.342  16.900 0.0000000000
37544  64.246  -8.929  17.139 0.0000000000
37546  64.445  -10.508  19.787 0.0000000000
45595  55.552  0.243  10.171 0.0000000000
45597  55.187  -0.422  10.729 0.0000000000
45598  54.961  -1.140  11.212 0.0000000000
45600  59.491  5.548  19.080 0.0000000000
55210  59.574  1.017  21.420 0.0000000000
55212  59.250  0.345  21.002 0.0000000000
55213  58.779  -0.281  20.480 0.0000000000
60476  56.823  -9.098  11.687 0.0000000000
60486  58.422  2.737  13.079 0.0000000000
60487  58.653  2.785  13.407 0.0000000000
67679  55.621  -3.728  11.875 0.0000000000
67684  59.856  4.034  16.777 0.0000000000
67686  59.972  2.505  15.990 0.0000000000
73118  59.112  6.010  21.354 0.0000000000
73119  58.769  6.251  22.101 0.0000000000
73121  59.060  6.318  23.154 0.0000000000
73122  59.183  6.253  23.684 0.0000000000
73124  59.266  6.139  24.160 0.0000000000
83508  56.670  -11.565  14.312 0.0000000000
83514  56.726  -11.795  15.746 0.0000000000
83518  58.342  -11.638  16.482 0.0000000000
83526  57.158  2.301  9.983 0.0000000000
83527  57.219  2.357  10.445 0.0000000000
83530  58.076  3.283  11.749 0.0000000000
83547  59.112  1.992  14.194 0.0000000000
83548  58.920  1.168  13.781 0.0000000000
83588  60.474  -11.457  16.415 0.0000000000
83603  63.729  -12.069  17.757 0.0000000000
83619  61.639  -8.340  16.458 0.0000000000
83625  64.154  -8.777  17.783 0.0000000000
83627  64.358  -9.037  18.469 0.0000000000
83629  64.429  -9.860  19.749 0.0000000000
93031  59.678  1.835  21.823 0.0000000000
96185  55.446  -6.666  11.390 0.0000000000
96186  55.720  -7.340  11.382 0.0000000000
96187  55.986  -7.978  11.423 0.0000000000
96188  56.190  -8.577  11.576 0.0000000000
100510  54.881  -1.938  11.585 0.0000000000
100511  55.177  -2.027  11.882 0.0000000000
100514  59.611  5.158  18.072 0.0000000000
100530  58.383  -1.238  18.632 0.0000000000
100531  58.265  -1.865  17.633 0.0000000000
110007  56.849  -10.527  12.653 0.0000000000
110008  56.471  -10.957  13.169 0.0000000000
110021  57.969  2.648  12.356 0.0000000000
110032  59.590  1.912  14.736 0.0000000000
117215  56.079  0.948  10.047 0.0000000000
117234  58.557  -0.763  19.540 0.0000000000
124602  56.353  -9.126  11.786 0.0000000000
124603  56.530  -9.608  12.010 0.0000000000
124604  56.702  -10.077  12.289 0.0000000000
124616  58.168  2.675  12.714 0.0000000000
124651  60.361  -8.037  15.414 0.0000000000
134110  55.772  -5.247  11.502 0.0000000000
134121  59.964  1.799  15.324 0.0000000000
134154  58.265  -2.563  16.704 0.0000000000
134155  58.381  -3.328  15.854 0.0000000000
134156  58.710  -4.041  15.147 0.0000000000
134157  58.704  -4.939  14.881 0.0000000000
134158  58.819  -5.902  14.800 0.0000000000
134159  59.100  -6.931  14.909 0.0000000000
140876  59.181  5.866  19.716 0.0000000000
140885  59.332  5.804  20.134 0.0000000000
140889  58.889  6.281  22.629 0.0000000000
152738  59.610  5.257  24.260 0.0000000000
152739  59.676  4.513  23.981 0.0000000000
152820  59.662  3.589  23.668 0.0000000000
152821  59.579  2.758  23.291 0.0000000000
153466  57.223  -11.799  16.491 0.0000000000
153478  56.604  1.617  9.981 0.0000000000
153482  57.822  3.129  10.958 0.0000000000
153496  56.338  -4.526  11.594 0.0000000000
153503  58.884  2.852  13.732 0.0000000000
153522  57.237  -4.447  11.416 0.0000000000
153550  59.435  -11.480  16.377 0.0000000000
153556  61.487  -11.534  16.519 0.0000000000
153557  61.379  -11.890  17.243 0.0000000000
153558  61.837  -12.000  17.310 0.0000000000
153559  62.262  -12.168  17.484 0.0000000000
153560  62.660  -12.298  17.670 0.0000000000
153568  63.137  -11.946  17.149 0.0000000000
153571  63.576  -12.538  18.425 0.0000000000
153572  63.790  -12.608  18.751 0.0000000000
153575  63.918  -12.663  19.178 0.0000000000
153576  63.996  -12.561  19.505 0.0000000000
153577  64.037  -12.463  19.920 0.0000000000
153588  61.170  -8.155  15.664 0.0000000000
153592  63.000  -8.241  16.763 0.0000000000
153594  63.757  -8.377  16.357 0.0000000000
153595  64.093  -8.660  16.445 0.0000000000
153596  64.331  -9.066  16.550 0.0000000000
153600  64.438  -9.454  19.136 0.0000000000
153603  64.386  -11.188  19.784 0.0000000000
1502  62.500  -12.924  18.345 0.0000000000
3044  59.332  0.878  21.839 0.0000000000
3464  63.622  -13.190  19.271 0.0000000000
4797  55.751  -8.548  11.616 0.0000000000
4798  56.353  -10.520  12.697 0.0000000000
4802  58.935  3.526  13.655 0.0000000000
7346  60.786  -12.230  17.952 0.0000000000
7597  58.105  6.288  22.478 0.0000000000
7598  58.836  6.551  24.486 0.0000000000
9100  64.032  -8.655  18.389 0.0000000000
11144  63.800  -13.108  20.012 0.0000000000
12476  55.277  -7.324  11.452 0.0000000000
14875  55.415  0.175  9.763 0.0000000000
14877  54.776  -1.137  10.808 0.0000000000
14878  54.580  -2.687  11.591 0.0000000000
14890  58.017  -1.372  18.941 0.0000000000
14891  57.869  -2.660  16.989 0.0000000000
16154  61.720  -12.536  18.078 0.0000000000
16693  58.485  6.552  23.466 0.0000000000
20196  64.335  -9.249  19.656 0.0000000000
23903  56.539  1.557  9.570 0.0000000000
23912  58.452  -0.417  20.824 0.0000000000
24668  63.172  -13.047  18.703 0.0000000000
27069  56.052  -9.618  12.107 0.0000000000
27075  58.582  3.489  12.910 0.0000000000
27091  60.822  -8.369  16.143 0.0000000000
30832  58.230  -4.241  15.391 0.0000000000
30833  58.449  -6.128  15.197 0.0000000000
33236  58.573  5.975  20.026 0.0000000000
37257  59.532  4.725  24.626 0.0000000000
37284  59.497  3.047  23.964 0.0000000000
37504  57.598  2.915  9.657 0.0000000000
41864  63.828  -13.000  20.437 0.0000000000
45596  55.056  -0.461  10.307 0.0000000000
46874  62.133  -12.715  18.184 0.0000000000
55214  58.947  0.184  21.410 0.0000000000
56474  63.433  -13.115  18.963 0.0000000000
60468  55.518  -7.957  11.508 0.0000000000
60474  55.873  -9.112  11.831 0.0000000000
60485  58.749  3.499  13.295 0.0000000000
67675  54.955  -2.793  11.814 0.0000000000
67677  55.180  -3.686  11.847 0.0000000000
67678  55.490  -4.497  11.699 0.0000000000
67714  57.978  -3.435  16.135 0.0000000000
67716  58.263  -5.104  15.188 0.0000000000
73116  58.331  6.120  21.171 0.0000000000
73117  58.525  6.176  21.656 0.0000000000
73120  58.672  6.573  23.993 0.0000000000
82911  59.414  5.407  24.933 0.0000000000
82981  59.371  2.256  23.555 0.0000000000
83507  55.973  -10.934  13.213 0.0000000000
83509  56.161  -11.623  14.319 0.0000000000
83510  56.249  -11.785  14.992 0.0000000000
83512  56.264  -11.890  15.724 0.0000000000
83513  56.192  -11.967  16.484 0.0000000000
83523  58.037  3.705  10.320 0.0000000000
83525  57.647  2.987  10.091 0.0000000000
83528  58.409  3.980  11.979 0.0000000000
83529  58.319  3.944  11.584 0.0000000000
83618  61.281  -8.550  16.917 0.0000000000
83620  62.060  -8.461  17.191 0.0000000000
83622  63.337  -8.335  17.455 0.0000000000
83623  63.804  -8.489  17.637 0.0000000000
83624  63.964  -8.557  17.080 0.0000000000
83628  64.340  -9.656  20.207 0.0000000000
83630  64.356  -10.271  20.336 0.0000000000
83631  64.318  -11.010  20.297 0.0000000000
93032  59.538  1.655  22.236 0.0000000000
93788  63.727  -13.191  19.632 0.0000000000
96183  55.172  -5.923  11.443 0.0000000000
96184  55.026  -6.644  11.436 0.0000000000
100509  54.601  -1.868  11.256 0.0000000000
100512  59.194  5.583  18.319 0.0000000000
100513  59.484  5.224  17.638 0.0000000000
100532  57.878  -1.947  17.916 0.0000000000
102806  61.252  -12.403  17.970 0.0000000000
103775  58.305  6.412  22.966 0.0000000000
110020  58.104  3.780  10.748 0.0000000000
110030  59.707  2.728  15.234 0.0000000000
110031  59.520  2.778  14.908 0.0000000000
110080  64.221  -8.905  19.056 0.0000000000
117214  55.984  0.875  9.645 0.0000000000
117235  58.238  -0.873  19.903 0.0000000000
124601  56.223  -10.084  12.400 0.0000000000
124612  58.539  4.037  12.380 0.0000000000
124615  58.380  3.407  12.484 0.0000000000
124650  59.497  -7.674  15.307 0.0000000000
124652  59.956  -8.198  15.907 0.0000000000
134109  55.323  -5.235  11.532 0.0000000000
134117  59.638  4.696  16.967 0.0000000000
134118  59.726  4.059  16.360 0.0000000000
134119  59.765  3.458  15.773 0.0000000000
134120  59.853  2.643  15.587 0.0000000000
134160  58.725  -7.079  15.397 0.0000000000
140874  58.811  5.808  18.971 0.0000000000
140875  58.985  5.819  19.345 0.0000000000
140884  58.782  6.004  20.412 0.0000000000
152736  59.026  6.344  24.880 0.0000000000
152737  59.381  5.866  24.552 0.0000000000
152819  59.555  3.900  24.314 0.0000000000
152822  59.446  1.977  22.893 0.0000000000
153456  56.089  -11.325  13.751 0.0000000000
153463  56.172  -12.072  17.197 0.0000000000
153464  56.707  -12.018  17.219 0.0000000000
153467  57.238  -11.956  17.225 0.0000000000
153468  57.808  -11.866  17.256 0.0000000000
153469  58.336  -11.831  17.227 0.0000000000
153470  58.847  -11.768  17.198 0.0000000000
153477  57.087  2.216  9.580 0.0000000000
153481  58.236  3.862  11.157 0.0000000000
153500  59.101  3.517  14.109 0.0000000000
153501  59.300  2.772  14.546 0.0000000000
153502  59.094  2.802  14.152 0.0000000000
153551  59.386  -11.685  17.143 0.0000000000
153552  59.894  -11.709  17.158 0.0000000000
153553  60.397  -11.715  17.186 0.0000000000
153554  60.908  -11.804  17.223 0.0000000000
153569  63.013  -12.420  17.863 0.0000000000
153570  63.312  -12.491  18.134 0.0000000000
153578  64.032  -12.353  20.347 0.0000000000
153591  62.780  -8.302  17.329 0.0000000000
153604  64.215  -11.699  20.295 0.0000000000
74  58.780  -12.115  17.915 0.0000000000
194  63.787  -12.854  20.858 0.0000000000
2864  56.688  -12.244  17.894 0.0000000000
4795  54.758  -5.889  11.461 0.0000000000
4811  61.718  -8.641  17.634 0.0000000000
6624  59.048  5.589  17.857 0.0000000000
6625  59.628  3.503  15.369 0.0000000000
9101  64.270  -10.072  20.843 0.0000000000
10544  57.790  -12.184  17.939 0.0000000000
20161  58.149  4.334  10.208 0.0000000000
20162  58.251  4.474  11.082 0.0000000000
20194  63.118  -8.377  18.004 0.0000000000
23588  55.665  -12.391  17.862 0.0000000000
27073  58.416  4.620  11.894 0.0000000000
27074  58.614  4.673  12.745 0.0000000000
27090  59.085  -7.849  15.783 0.0000000000
30814  55.034  -4.433  11.662 0.0000000000
30818  59.536  4.691  16.541 0.0000000000
32558  59.801  -12.104  17.915 0.0000000000
33235  58.169  5.787  19.187 0.0000000000
33238  57.655  6.005  21.528 0.0000000000
37256  59.145  6.041  25.275 0.0000000000
37285  59.175  1.515  23.142 0.0000000000
37497  55.594  -11.321  13.776 0.0000000000
37498  55.769  -11.864  14.948 0.0000000000
37499  55.725  -12.067  16.451 0.0000000000
37512  59.271  3.533  14.541 0.0000000000
37547  64.121  -11.516  20.773 0.0000000000
41264  58.294  -12.141  17.936 0.0000000000
41865  63.632  -13.627  20.574 0.0000000000
41866  63.613  -13.525  20.981 0.0000000000
45610  57.671  -1.463  19.295 0.0000000000
45611  57.484  -2.054  18.272 0.0000000000
46875  61.691  -13.294  18.660 0.0000000000
46876  62.079  -13.484  18.788 0.0000000000
54674  56.169  -12.308  17.870 0.0000000000
55198  56.462  1.475  9.162 0.0000000000
55199  57.006  2.111  9.170 0.0000000000
56475  63.110  -13.699  19.223 0.0000000000
56476  63.314  -13.794  19.500 0.0000000000
60467  54.625  -6.623  11.465 0.0000000000
60469  55.068  -7.961  11.564 0.0000000000
60470  55.278  -8.514  11.693 0.0000000000
60472  55.425  -9.056  11.883 0.0000000000
60473  55.546  -9.571  12.126 0.0000000000
60483  58.933  4.169  13.638 0.0000000000
60484  58.807  4.190  13.218 0.0000000000
60511  59.551  -8.380  16.393 0.0000000000
67676  54.770  -3.568  11.694 0.0000000000
67682  59.313  5.194  17.154 0.0000000000
67713  57.542  -3.521  16.435 0.0000000000
67715  57.842  -4.348  15.739 0.0000000000
67717  57.867  -5.292  15.561 0.0000000000
67718  58.038  -6.307  15.592 0.0000000000
71504  60.295  -12.150  17.947 0.0000000000
71506  60.339  -12.818  18.580 0.0000000000
73108  58.363  5.872  19.623 0.0000000000
73109  57.929  5.854  20.293 0.0000000000
73113  57.457  6.188  22.827 0.0000000000
73115  57.880  6.162  21.989 0.0000000000
82910  59.183  5.586  25.656 0.0000000000
82912  59.356  4.902  25.305 0.0000000000
82979  59.404  3.328  24.628 0.0000000000
82980  59.310  2.503  24.264 0.0000000000
82982  59.167  1.769  23.787 0.0000000000
83505  55.842  -10.500  12.768 0.0000000000
83506  55.492  -10.926  13.244 0.0000000000
83511  55.832  -11.991  15.705 0.0000000000
83524  58.006  3.633  9.859 0.0000000000
83545  59.461  3.521  14.951 0.0000000000
83621  63.626  -8.435  18.214 0.0000000000
83632  64.230  -10.752  20.855 0.0000000000
92708  57.231  -12.227  17.910 0.0000000000
93789  63.468  -13.826  19.825 0.0000000000
93790  63.584  -13.739  20.160 0.0000000000
96196  59.072  4.150  14.089 0.0000000000
100503  55.338  0.102  9.372 0.0000000000
100505  54.898  -0.553  9.906 0.0000000000
100506  54.567  -1.174  10.410 0.0000000000
100507  54.378  -1.854  10.872 0.0000000000
100508  54.308  -2.617  11.260 0.0000000000
100533  57.405  -2.712  17.280 0.0000000000
102807  60.805  -12.969  18.608 0.0000000000
102808  61.259  -13.118  18.614 0.0000000000
103774  57.692  6.389  23.321 0.0000000000
103776  57.875  6.600  23.835 0.0000000000
103777  58.060  6.745  24.342 0.0000000000
103778  58.250  6.848  24.853 0.0000000000
110019  58.239  4.453  10.635 0.0000000000
110076  62.465  -8.479  17.825 0.0000000000
110079  63.856  -8.563  18.979 0.0000000000
110081  64.063  -8.769  19.641 0.0000000000
110082  64.201  -9.109  20.229 0.0000000000
110083  64.230  -9.474  20.811 0.0000000000
117213  55.890  0.811  9.222 0.0000000000
117236  57.917  -0.972  20.257 0.0000000000
119000  62.837  -13.014  18.549 0.0000000000
119001  62.419  -13.617  18.914 0.0000000000
119002  62.756  -13.654  19.076 0.0000000000
124592  54.875  -7.304  11.485 0.0000000000
124600  55.705  -10.050  12.432 0.0000000000
124611  58.483  4.621  12.317 0.0000000000
124614  58.668  4.144  12.798 0.0000000000
124653  60.443  -8.552  16.615 0.0000000000
124654  60.928  -8.774  17.377 0.0000000000
134106  54.375  -3.446  11.514 0.0000000000
134108  54.886  -5.148  11.522 0.0000000000
134116  59.627  4.117  15.915 0.0000000000
134161  58.308  -7.224  15.863 0.0000000000
138914  59.295  -12.071  17.911 0.0000000000
140873  58.628  5.757  18.543 0.0000000000
140883  58.149  6.005  20.726 0.0000000000
152733  58.533  6.730  25.238 0.0000000000
152735  58.730  6.513  25.627 0.0000000000
152818  59.426  4.139  24.957 0.0000000000
152823  59.270  1.208  22.506 0.0000000000
152826  58.954  0.458  22.118 0.0000000000
152827  58.466  -0.156  21.545 0.0000000000
152828  57.980  -0.722  20.979 0.0000000000
153457  55.686  -11.634  14.326 0.0000000000
153462  55.663  -12.189  17.175 0.0000000000
153475  57.880  3.494  9.457 0.0000000000
153476  57.557  2.772  9.224 0.0000000000
153480  58.350  4.536  11.505 0.0000000000
153499  59.212  4.187  14.540 0.0000000000
153605  63.959  -12.185  20.794 0.0000000000
