#!ascii label /projectnb/somerslab/tom/projects/spacetime_network/data/ROIs/probabilistic_cmSFG_rh_thresh4.label , from subject  vox2ras=TkReg
762
704  6.874  5.408  64.900 4.0000000000
706  8.721  12.746  58.245 4.0000000000
1553  7.047  -0.637  64.584 4.0000000000
1554  7.164  1.288  60.748 4.0000000000
3543  9.571  0.391  67.022 4.0000000000
3545  7.800  1.265  66.587 4.0000000000
3546  6.980  6.307  62.439 4.0000000000
3547  6.635  3.199  63.008 5.0000000000
3548  7.288  4.226  60.401 4.0000000000
5872  8.103  4.368  66.327 4.0000000000
5875  7.434  9.456  61.376 4.0000000000
5876  8.053  9.821  58.946 4.0000000000
7460  6.531  2.136  65.191 4.0000000000
7461  6.716  0.079  62.801 4.0000000000
7470  8.682  10.104  56.660 4.0000000000
7471  9.597  10.774  54.421 4.0000000000
11224  8.657  0.880  66.899 4.0000000000
11225  8.806  2.139  66.686 4.0000000000
11227  7.024  5.199  61.465 4.0000000000
11228  7.368  5.591  60.021 4.0000000000
11229  7.542  4.690  59.001 4.0000000000
13629  7.210  9.159  62.733 4.0000000000
16386  7.398  -0.886  65.321 4.0000000000
16388  7.467  -1.759  64.042 4.0000000000
16389  7.825  -2.708  62.732 4.0000000000
16390  7.240  -1.546  63.308 4.0000000000
16391  7.318  4.895  65.805 4.0000000000
16392  7.136  3.295  66.028 4.0000000000
16394  6.864  2.211  61.949 4.0000000000
16415  8.717  11.430  57.520 4.0000000000
24809  8.564  -0.416  66.796 4.0000000000
24810  7.777  -0.019  66.349 4.0000000000
24811  7.172  0.342  65.752 4.0000000000
24812  6.781  5.838  63.756 4.0000000000
24813  6.592  4.264  64.078 4.0000000000
24814  6.743  4.712  62.785 5.0000000000
24815  6.954  3.713  61.738 4.0000000000
24816  7.280  2.860  60.712 4.0000000000
24817  7.513  1.983  59.694 4.0000000000
24818  7.604  3.445  59.424 4.0000000000
24825  8.843  14.561  57.913 4.0000000000
24826  9.153  13.137  57.219 4.0000000000
29056  9.034  3.655  66.338 4.0000000000
29059  7.482  6.564  65.555 4.0000000000
29067  7.734  9.618  60.147 4.0000000000
29072  8.512  14.141  59.037 4.0000000000
32858  7.857  2.759  66.449 5.0000000000
32859  7.026  1.738  66.011 4.0000000000
32860  6.695  0.670  64.906 4.0000000000
32861  6.415  2.608  64.145 4.0000000000
32862  6.481  1.025  63.976 4.0000000000
32890  9.081  10.410  55.536 4.0000000000
41944  9.266  1.879  66.736 4.0000000000
41945  9.377  2.570  66.513 4.0000000000
41947  7.311  6.118  60.531 4.0000000000
41949  7.498  5.785  59.276 4.0000000000
47106  7.207  -0.755  64.973 4.0000000000
47107  7.397  -1.297  64.740 4.0000000000
47108  7.228  -1.185  64.349 4.0000000000
47109  7.352  -1.668  63.679 4.0000000000
47110  7.075  -1.118  63.878 4.0000000000
47112  6.891  4.341  65.569 4.0000000000
47114  7.016  1.756  61.344 4.0000000000
47120  7.265  0.838  60.220 4.0000000000
47135  8.707  12.093  57.902 4.0000000000
56703  9.490  -0.253  67.153 4.0000000000
56704  9.047  -0.660  66.983 4.0000000000
56705  9.049  -0.000  66.977 4.0000000000
56706  8.242  1.082  66.765 4.0000000000
56707  8.124  0.408  66.751 4.0000000000
56708  7.760  0.623  66.532 4.0000000000
56709  7.447  0.175  66.101 4.0000000000
56710  7.418  0.809  66.218 4.0000000000
56711  6.863  6.084  63.103 4.0000000000
56712  6.730  5.283  63.277 4.0000000000
56713  6.848  5.499  62.622 4.0000000000
56714  7.146  4.666  60.876 4.0000000000
56715  6.987  4.425  61.594 4.0000000000
56716  7.136  3.950  61.084 4.0000000000
56717  7.112  3.282  61.203 4.0000000000
56718  7.321  3.544  60.582 4.0000000000
56719  7.463  3.155  60.095 4.0000000000
56720  7.485  3.814  59.910 4.0000000000
56733  8.675  15.434  57.773 4.0000000000
56734  9.002  14.801  57.372 4.0000000000
63921  7.300  9.360  62.004 4.0000000000
63922  7.258  8.487  62.376 4.0000000000
63923  7.411  8.635  61.707 4.0000000000
63925  7.534  8.750  61.003 4.0000000000
63926  7.636  8.860  60.354 4.0000000000
63927  7.576  9.529  60.771 4.0000000000
72206  8.528  4.034  66.362 5.0000000000
72207  8.447  3.267  66.487 4.0000000000
72208  7.997  3.594  66.420 4.0000000000
72209  6.736  2.724  65.699 4.0000000000
72210  7.024  2.516  66.038 4.0000000000
72211  6.747  1.950  65.642 4.0000000000
72212  6.812  1.232  65.565 4.0000000000
72213  6.579  1.424  65.123 4.0000000000
72214  6.549  3.730  63.530 5.0000000000
72215  6.477  3.464  64.119 5.0000000000
72216  6.521  2.887  63.582 5.0000000000
72218  6.450  1.250  63.489 4.0000000000
72222  6.896  -0.860  63.102 4.0000000000
72273  7.919  9.096  59.108 4.0000000000
72275  8.051  9.177  58.524 4.0000000000
72286  9.336  10.589  54.965 4.0000000000
93927  9.691  1.000  66.885 4.0000000000
93928  9.107  0.653  66.970 4.0000000000
93929  9.236  1.234  66.897 4.0000000000
93930  8.723  1.474  66.865 4.0000000000
93931  8.252  1.714  66.738 4.0000000000
93935  7.208  5.409  60.769 4.0000000000
93936  7.313  4.918  60.209 4.0000000000
93937  7.438  4.478  59.706 4.0000000000
93938  7.445  5.143  59.485 4.0000000000
103222  7.594  -1.446  65.051 4.0000000000
103223  7.634  -1.872  64.431 4.0000000000
103224  7.771  -2.340  63.730 4.0000000000
103226  7.655  -2.196  63.459 4.0000000000
103227  7.557  -2.129  63.057 4.0000000000
103228  7.439  -2.042  62.651 4.0000000000
103229  7.657  4.645  66.139 4.0000000000
103230  7.578  3.842  66.218 4.0000000000
103231  7.207  4.081  65.945 4.0000000000
103232  6.833  3.518  65.675 4.0000000000
103234  6.726  2.682  62.527 4.0000000000
103235  6.558  2.376  63.080 4.0000000000
103270  8.204  9.889  58.360 4.0000000000
119324  8.592  0.233  66.847 4.0000000000
119325  8.105  -0.213  66.549 4.0000000000
119328  7.270  -0.293  65.601 4.0000000000
119329  7.043  -0.142  65.220 4.0000000000
119330  6.807  5.654  64.363 4.0000000000
119331  6.679  4.821  64.518 4.0000000000
119332  6.678  5.064  63.899 4.0000000000
119333  6.632  4.465  63.471 4.0000000000
119334  6.684  3.977  62.885 5.0000000000
119335  6.885  4.962  62.099 4.0000000000
119336  6.835  4.193  62.258 4.0000000000
119337  6.791  3.488  62.374 4.0000000000
119338  6.956  3.022  61.894 4.0000000000
119339  7.073  2.542  61.391 4.0000000000
119340  7.204  2.163  60.781 4.0000000000
119341  7.333  1.655  60.244 4.0000000000
119342  7.412  2.460  60.191 4.0000000000
119343  7.559  2.758  59.569 4.0000000000
119345  7.572  4.061  59.221 4.0000000000
119361  8.825  13.642  58.114 4.0000000000
119362  8.894  12.925  57.740 4.0000000000
119363  9.028  13.874  57.598 4.0000000000
119364  9.265  14.108  57.097 4.0000000000
129334  8.195  5.123  66.170 4.0000000000
129335  7.778  5.474  65.985 4.0000000000
129336  7.440  5.733  65.720 4.0000000000
129337  7.171  5.986  65.300 4.0000000000
129345  7.204  6.830  65.166 4.0000000000
129346  6.972  6.254  64.738 4.0000000000
129347  6.891  6.461  64.154 4.0000000000
129348  6.937  6.685  63.589 4.0000000000
129351  7.140  7.703  62.637 4.0000000000
129358  7.776  8.983  59.719 4.0000000000
129359  7.894  9.743  59.549 4.0000000000
129374  8.666  13.432  58.617 4.0000000000
129375  8.660  14.342  58.499 4.0000000000
129376  8.584  15.208  58.331 4.0000000000
139772  8.969  2.962  66.482 4.0000000000
139773  8.277  2.483  66.595 4.0000000000
139774  7.791  1.977  66.521 5.0000000000
139775  7.471  3.009  66.288 4.0000000000
139776  7.342  2.246  66.283 5.0000000000
139777  7.389  1.523  66.318 5.0000000000
139778  7.077  1.009  65.903 5.0000000000
139779  6.907  0.488  65.366 4.0000000000
139780  6.859  0.022  64.778 4.0000000000
139781  6.596  4.026  64.695 4.0000000000
139784  6.439  2.070  63.575 4.0000000000
139785  6.385  1.798  64.095 4.0000000000
139786  6.438  1.582  64.649 4.0000000000
139787  6.563  0.866  64.457 4.0000000000
139789  6.877  -0.485  64.167 4.0000000000
139790  6.986  -0.964  63.535 4.0000000000
139791  7.148  -1.442  62.908 4.0000000000
139792  7.350  -1.924  62.261 4.0000000000
139863  8.944  12.237  57.367 4.0000000000
139868  8.872  10.268  56.123 4.0000000000
223  9.951  2.903  66.210 0.0000000000
3553  8.357  16.185  57.583 0.0000000000
7458  8.125  -2.995  63.388 0.0000000000
7459  7.652  -2.537  62.017 0.0000000000
11223  9.743  1.578  66.674 0.0000000000
11226  7.296  6.676  61.042 0.0000000000
11230  7.571  5.958  58.622 0.0000000000
16387  7.841  -2.034  64.732 0.0000000000
16393  6.674  3.766  65.222 0.0000000000
16395  6.531  1.538  62.962 0.0000000000
16400  7.431  0.425  59.731 0.0000000000
16414  8.328  9.931  57.811 0.0000000000
24807  9.445  -0.938  67.168 0.0000000000
24827  9.132  15.012  56.832 0.0000000000
29058  8.312  5.929  65.995 0.0000000000
29062  7.027  7.047  64.557 0.0000000000
29063  7.035  7.511  63.289 0.0000000000
29064  7.273  7.839  61.980 0.0000000000
29065  7.545  8.134  60.574 0.0000000000
29066  7.765  8.379  59.311 0.0000000000
29073  8.252  15.778  58.801 0.0000000000
32863  6.718  -0.351  63.802 0.0000000000
32864  7.055  -1.304  62.475 0.0000000000
32886  7.992  8.588  58.122 0.0000000000
41943  9.820  2.211  66.487 0.0000000000
41946  7.417  6.847  60.334 0.0000000000
41948  7.440  6.276  59.806 0.0000000000
41950  7.551  6.437  59.096 0.0000000000
47111  7.062  5.168  65.399 0.0000000000
47113  6.743  4.565  65.090 0.0000000000
47115  6.834  1.410  61.874 0.0000000000
47116  6.976  0.969  61.291 0.0000000000
47118  7.118  0.504  60.729 0.0000000000
47119  7.298  0.056  60.202 0.0000000000
47133  8.496  11.943  58.429 0.0000000000
47134  8.511  11.305  58.058 0.0000000000
56721  7.568  4.877  58.353 0.0000000000
56722  7.663  4.256  58.506 0.0000000000
56735  8.782  15.627  57.171 0.0000000000
63909  7.885  6.232  65.814 0.0000000000
63910  7.931  7.063  65.778 0.0000000000
63917  7.238  7.658  64.967 0.0000000000
63919  6.988  7.288  63.937 0.0000000000
63924  7.418  8.009  61.350 0.0000000000
63939  8.361  13.989  59.564 0.0000000000
63940  8.321  14.797  59.435 0.0000000000
63941  8.463  14.990  58.895 0.0000000000
72194  7.933  -2.486  64.062 0.0000000000
72201  7.758  -2.627  62.400 0.0000000000
72202  8.066  -3.265  62.034 0.0000000000
72217  6.600  0.777  62.909 0.0000000000
72219  6.581  0.554  63.367 0.0000000000
72220  6.607  0.343  63.854 0.0000000000
72221  6.685  -0.152  63.287 0.0000000000
72223  6.845  -0.628  62.697 0.0000000000
72236  7.689  2.262  59.067 0.0000000000
72237  7.638  1.506  59.200 0.0000000000
72274  7.892  8.499  58.677 0.0000000000
72276  8.503  9.986  57.222 0.0000000000
72278  8.436  9.414  56.788 0.0000000000
72280  8.619  9.556  56.218 0.0000000000
72281  9.358  13.315  56.708 0.0000000000
72282  9.171  12.403  56.849 0.0000000000
72284  9.610  11.370  54.953 0.0000000000
72285  9.353  11.185  55.475 0.0000000000
72287  9.028  9.877  55.025 0.0000000000
72288  9.274  10.049  54.465 0.0000000000
72290  9.496  10.180  53.891 0.0000000000
93932  7.132  6.491  61.752 0.0000000000
93933  6.996  5.707  61.939 0.0000000000
93934  7.177  5.944  61.237 0.0000000000
93939  7.536  5.330  58.805 0.0000000000
98257  7.132  8.960  63.450 0.0000000000
98258  7.210  9.827  63.105 0.0000000000
98259  7.269  9.999  62.438 0.0000000000
98260  7.399  10.132  61.733 0.0000000000
98261  7.511  10.219  61.128 0.0000000000
103220  7.646  -1.049  65.614 0.0000000000
103221  7.826  -1.623  65.329 0.0000000000
103225  7.969  -2.852  63.026 0.0000000000
103233  6.574  2.939  65.241 0.0000000000
103236  6.690  1.905  62.448 0.0000000000
103238  6.744  0.335  62.299 0.0000000000
103239  6.852  -0.397  62.229 0.0000000000
103269  8.187  10.498  58.771 0.0000000000
103271  8.351  10.552  58.216 0.0000000000
103272  8.516  10.625  57.673 0.0000000000
103273  8.703  10.719  57.102 0.0000000000
103278  9.875  11.519  54.409 0.0000000000
103279  9.818  10.879  53.927 0.0000000000
119321  9.000  -1.286  66.790 0.0000000000
119322  8.662  -1.033  66.556 0.0000000000
119323  8.238  -0.830  66.369 0.0000000000
119326  7.861  -0.634  66.153 0.0000000000
119327  7.544  -0.460  65.914 0.0000000000
119344  7.701  3.039  58.928 0.0000000000
119346  7.696  3.672  58.756 0.0000000000
119365  9.402  14.282  56.548 0.0000000000
129328  9.501  3.265  66.297 0.0000000000
129329  9.608  4.040  66.115 0.0000000000
129330  9.110  4.459  66.246 0.0000000000
129331  8.647  4.796  66.237 0.0000000000
129333  8.750  5.615  66.098 0.0000000000
129344  7.535  7.390  65.442 0.0000000000
129349  7.024  6.899  62.938 0.0000000000
129350  7.118  8.327  63.060 0.0000000000
129352  7.131  7.044  62.212 0.0000000000
129357  7.653  8.255  59.926 0.0000000000
129360  7.677  10.292  60.520 0.0000000000
129361  7.846  10.374  59.928 0.0000000000
129362  8.017  10.451  59.345 0.0000000000
129365  8.535  12.609  58.786 0.0000000000
129373  8.499  13.296  59.156 0.0000000000
129377  8.308  15.999  58.196 0.0000000000
139766  8.196  -3.389  62.360 0.0000000000
139782  6.494  3.175  64.733 0.0000000000
139783  6.415  2.344  64.662 0.0000000000
139788  6.709  0.171  64.327 0.0000000000
139794  7.254  -1.762  61.879 0.0000000000
139795  7.588  -2.392  61.668 0.0000000000
139808  7.456  1.178  59.713 0.0000000000
139857  8.188  9.245  57.961 0.0000000000
139864  8.944  11.561  56.964 0.0000000000
139865  8.915  10.864  56.566 0.0000000000
139867  9.130  11.010  56.025 0.0000000000
139869  8.815  9.713  55.610 0.0000000000
144790  9.824  -0.537  67.321 0.0000000000
144791  9.969  0.121  67.091 0.0000000000
144794  10.080  0.753  66.877 0.0000000000
144795  10.118  1.361  66.658 0.0000000000
225  7.568  7.021  59.597 0.0000000000
3544  7.947  -1.217  65.844 0.0000000000
3549  7.804  2.525  58.403 0.0000000000
3550  7.569  5.084  57.661 0.0000000000
3554  9.532  13.469  56.179 0.0000000000
5873  8.424  7.538  65.782 0.0000000000
5874  7.148  8.723  64.113 0.0000000000
5878  8.074  15.379  59.846 0.0000000000
13628  7.240  10.454  63.493 0.0000000000
13630  7.350  10.765  62.098 0.0000000000
13631  7.602  10.953  60.957 0.0000000000
16396  6.832  0.644  61.788 0.0000000000
16397  7.022  -0.821  61.604 0.0000000000
16398  7.183  -0.298  60.685 0.0000000000
16413  8.329  11.197  58.589 0.0000000000
16417  9.638  12.031  55.402 0.0000000000
16418  10.111  12.307  54.309 0.0000000000
16419  10.085  11.000  53.343 0.0000000000
24808  8.674  -1.650  66.344 0.0000000000
24819  7.751  3.853  58.099 0.0000000000
29055  10.146  4.359  65.823 0.0000000000
29057  9.204  5.238  66.072 0.0000000000
29061  7.559  8.194  65.191 0.0000000000
29068  7.967  11.069  59.731 0.0000000000
29069  8.330  12.537  59.374 0.0000000000
29071  8.185  13.874  60.113 0.0000000000
32855  8.610  -4.176  62.069 0.0000000000
32856  8.326  -3.891  61.417 0.0000000000
32865  7.503  -2.226  61.305 0.0000000000
32870  7.800  1.049  58.702 0.0000000000
32887  8.224  8.754  56.892 0.0000000000
32888  8.544  9.004  55.727 0.0000000000
32889  9.140  11.723  56.410 0.0000000000
32891  8.958  9.320  54.550 0.0000000000
32892  9.408  9.580  53.418 0.0000000000
34587  10.330  -0.133  67.178 0.0000000000
34588  10.574  1.105  66.617 0.0000000000
41951  7.643  6.577  58.480 0.0000000000
41952  7.686  7.139  58.960 0.0000000000
44349  7.282  10.616  62.816 0.0000000000
47117  7.005  0.174  61.263 0.0000000000
56723  7.657  4.436  57.846 0.0000000000
63904  9.696  4.808  65.937 0.0000000000
63907  8.819  6.399  66.006 0.0000000000
63908  8.369  6.701  65.954 0.0000000000
63916  7.275  8.452  64.699 0.0000000000
63918  7.044  7.843  64.382 0.0000000000
63920  7.042  8.089  63.728 0.0000000000
63929  7.793  11.015  60.342 0.0000000000
63938  8.186  14.614  59.990 0.0000000000
63942  8.150  15.573  59.324 0.0000000000
72191  8.321  -1.418  66.083 0.0000000000
72193  8.109  -1.799  65.575 0.0000000000
72195  8.113  -2.635  64.381 0.0000000000
72196  8.247  -3.181  63.677 0.0000000000
72198  8.512  -3.724  63.052 0.0000000000
72200  8.346  -3.551  62.695 0.0000000000
72203  7.975  -3.186  61.739 0.0000000000
72205  7.900  -3.030  61.396 0.0000000000
72225  7.219  -1.532  61.460 0.0000000000
72238  7.795  1.789  58.610 0.0000000000
72277  8.300  9.320  57.380 0.0000000000
72279  8.369  8.883  56.312 0.0000000000
72283  9.379  12.579  56.335 0.0000000000
72289  9.182  9.465  53.977 0.0000000000
76316  10.261  -0.850  67.416 0.0000000000
76321  10.701  1.582  66.341 0.0000000000
93940  7.560  5.510  58.083 0.0000000000
93942  7.601  6.091  57.937 0.0000000000
93945  7.973  16.796  57.387 0.0000000000
93946  8.402  16.326  56.977 0.0000000000
98256  7.227  9.616  63.793 0.0000000000
98262  7.462  10.862  61.518 0.0000000000
103237  6.680  1.083  62.386 0.0000000000
103240  6.892  -0.142  61.719 0.0000000000
103244  7.370  -0.648  60.160 0.0000000000
103245  7.492  -0.349  59.708 0.0000000000
103246  7.681  -0.031  59.271 0.0000000000
103277  9.887  12.182  54.874 0.0000000000
103280  10.135  11.646  53.840 0.0000000000
119319  9.387  -1.529  67.011 0.0000000000
119320  9.073  -1.937  66.627 0.0000000000
119347  7.802  3.257  58.267 0.0000000000
119366  8.836  15.794  56.577 0.0000000000
119367  9.250  15.150  56.263 0.0000000000
119368  9.518  14.439  55.975 0.0000000000
129327  10.073  3.556  65.960 0.0000000000
129332  9.303  6.006  65.960 0.0000000000
129343  7.950  7.857  65.613 0.0000000000
129353  7.291  7.248  61.520 0.0000000000
129354  7.423  7.422  60.842 0.0000000000
129355  7.558  7.576  60.121 0.0000000000
129356  7.680  7.679  59.466 0.0000000000
129363  8.140  11.125  59.139 0.0000000000
129364  8.331  11.852  59.018 0.0000000000
129372  8.299  13.180  59.737 0.0000000000
129378  7.891  16.333  59.212 0.0000000000
129379  7.938  16.530  58.594 0.0000000000
129380  7.978  16.660  57.982 0.0000000000
139757  8.112  -2.234  64.955 0.0000000000
139767  8.429  -4.014  61.739 0.0000000000
139793  7.026  -1.072  62.085 0.0000000000
139796  7.796  -2.895  61.072 0.0000000000
139809  7.649  0.729  59.249 0.0000000000
139854  7.776  7.798  58.812 0.0000000000
139855  7.859  7.920  58.205 0.0000000000
139856  7.935  8.026  57.638 0.0000000000
139858  8.102  8.670  57.537 0.0000000000
139866  9.377  11.883  55.899 0.0000000000
139870  8.736  9.131  55.143 0.0000000000
139875  9.737  10.311  53.368 0.0000000000
144789  9.808  -1.195  67.323 0.0000000000
144793  10.477  0.503  66.931 0.0000000000
144796  10.254  1.899  66.403 0.0000000000
144797  10.298  2.617  66.141 0.0000000000
144824  10.423  3.268  65.850 0.0000000000
1551  9.491  -2.257  66.783 0.0000000000
3552  7.858  7.458  57.143 0.0000000000
7463  7.890  -0.502  58.821 0.0000000000
11231  7.611  6.208  57.300 0.0000000000
11232  7.757  7.257  58.330 0.0000000000
11233  7.612  17.369  57.086 0.0000000000
11234  8.450  16.429  56.378 0.0000000000
13624  9.424  6.797  65.747 0.0000000000
13636  7.595  16.807  59.642 0.0000000000
16399  7.477  -1.091  59.686 0.0000000000
24828  9.327  15.285  55.664 0.0000000000
29074  7.644  17.110  58.431 0.0000000000
32852  8.367  -2.418  65.261 0.0000000000
32853  8.482  -3.343  64.026 0.0000000000
32854  8.849  -4.532  62.734 0.0000000000
32857  8.109  -3.628  60.803 0.0000000000
34586  10.177  -1.480  67.441 0.0000000000
34589  10.711  2.291  66.092 0.0000000000
34598  10.831  3.608  65.574 0.0000000000
44347  7.473  11.065  63.798 0.0000000000
44348  7.350  11.251  63.179 0.0000000000
44350  7.365  11.400  62.492 0.0000000000
44351  7.460  11.491  61.906 0.0000000000
47105  9.186  -2.585  66.280 0.0000000000
47137  10.031  13.059  54.704 0.0000000000
47138  10.196  13.202  54.136 0.0000000000
47139  10.307  12.460  53.726 0.0000000000
56724  7.748  4.004  57.434 0.0000000000
56725  7.610  4.623  57.166 0.0000000000
56727  7.540  5.194  56.994 0.0000000000
56737  8.864  15.935  55.995 0.0000000000
63903  10.240  5.123  65.689 0.0000000000
63905  9.801  5.593  65.873 0.0000000000
63906  8.917  7.168  65.803 0.0000000000
63914  7.341  9.389  64.428 0.0000000000
63915  7.623  9.124  64.932 0.0000000000
63928  7.763  11.635  60.752 0.0000000000
63930  8.008  11.674  60.166 0.0000000000
63931  8.183  11.765  59.607 0.0000000000
63932  8.161  12.456  59.953 0.0000000000
63936  8.004  15.198  60.403 0.0000000000
63937  8.062  14.458  60.559 0.0000000000
63944  7.648  16.963  59.030 0.0000000000
72192  8.466  -2.040  65.813 0.0000000000
72197  8.662  -3.944  63.382 0.0000000000
72199  8.742  -4.320  62.414 0.0000000000
72204  8.228  -3.767  61.115 0.0000000000
72224  7.184  -1.268  61.038 0.0000000000
72226  7.407  -2.001  60.913 0.0000000000
72227  7.670  -2.746  60.747 0.0000000000
72231  7.679  -0.785  59.253 0.0000000000
72291  10.323  11.141  52.772 0.0000000000
72292  9.990  10.427  52.841 0.0000000000
76315  10.669  -1.143  67.523 0.0000000000
76317  10.726  -0.434  67.316 0.0000000000
76319  11.032  0.781  66.648 0.0000000000
76320  11.126  1.347  66.283 0.0000000000
76322  11.153  1.955  66.034 0.0000000000
93941  7.556  5.640  57.439 0.0000000000
93943  7.660  6.690  57.824 0.0000000000
93944  7.783  7.357  57.744 0.0000000000
93947  7.974  16.921  56.751 0.0000000000
98248  9.922  6.360  65.643 0.0000000000
98251  9.007  7.962  65.460 0.0000000000
98255  7.410  10.267  64.091 0.0000000000
98263  7.581  11.571  61.332 0.0000000000
98269  7.819  15.937  60.306 0.0000000000
98270  7.849  16.125  59.789 0.0000000000
103241  7.077  -0.559  61.131 0.0000000000
103242  7.236  -0.958  60.593 0.0000000000
103243  7.365  -1.448  60.099 0.0000000000
103247  7.860  2.741  57.777 0.0000000000
103248  7.894  2.023  57.977 0.0000000000
103274  9.697  13.634  55.603 0.0000000000
103275  9.602  12.703  55.805 0.0000000000
103276  9.821  12.876  55.258 0.0000000000
103281  10.339  11.797  53.284 0.0000000000
119348  7.824  3.423  57.618 0.0000000000
119369  9.624  14.571  55.399 0.0000000000
129340  8.541  8.366  65.448 0.0000000000
129342  8.080  8.754  65.298 0.0000000000
129370  8.034  13.738  60.709 0.0000000000
129371  8.090  13.072  60.329 0.0000000000
129381  7.612  17.249  57.805 0.0000000000
139754  8.856  -2.320  66.045 0.0000000000
139758  8.366  -2.815  64.668 0.0000000000
139764  8.892  -4.979  61.782 0.0000000000
139765  8.775  -4.781  61.483 0.0000000000
139768  8.651  -4.691  61.114 0.0000000000
139769  8.512  -4.537  60.805 0.0000000000
139797  7.978  -3.529  60.450 0.0000000000
139810  7.845  0.271  58.820 0.0000000000
139811  7.958  1.311  58.161 0.0000000000
139812  8.021  0.545  58.325 0.0000000000
139859  8.037  8.072  57.069 0.0000000000
139860  8.166  8.201  56.453 0.0000000000
139861  8.303  8.329  55.830 0.0000000000
139862  8.457  8.442  55.223 0.0000000000
139871  8.632  8.580  54.640 0.0000000000
139872  8.847  8.725  54.024 0.0000000000
139873  9.067  8.855  53.406 0.0000000000
139874  9.225  8.997  52.886 0.0000000000
139876  9.628  9.671  52.855 0.0000000000
144788  9.759  -1.848  67.160 0.0000000000
144792  10.860  0.214  67.017 0.0000000000
144823  10.788  2.956  65.763 0.0000000000
144825  10.500  3.970  65.696 0.0000000000
144826  10.573  4.725  65.532 0.0000000000
705  7.457  11.986  62.807 0.0000000000
1557  8.313  7.886  54.721 0.0000000000
1558  10.197  14.095  53.817 0.0000000000
4511  8.872  -5.478  60.851 0.0000000000
5871  10.417  5.876  65.483 0.0000000000
5877  7.982  12.377  60.501 0.0000000000
7462  7.350  -1.746  60.501 0.0000000000
7469  9.033  8.499  52.421 0.0000000000
7472  10.528  11.270  52.207 0.0000000000
8092  11.094  -0.708  67.445 0.0000000000
8093  11.557  1.671  65.958 0.0000000000
12191  8.609  -5.153  60.204 0.0000000000
13625  9.529  8.400  65.078 0.0000000000
13626  7.719  11.590  64.017 0.0000000000
13627  7.686  9.947  64.604 0.0000000000
13632  7.604  12.201  61.677 0.0000000000
13634  7.926  15.052  61.001 0.0000000000
13635  7.729  16.460  60.784 0.0000000000
16385  9.036  -2.979  65.724 0.0000000000
16401  7.913  2.916  57.198 0.0000000000
16402  8.075  1.527  57.597 0.0000000000
16412  8.651  8.164  53.488 0.0000000000
16416  9.880  13.808  55.063 0.0000000000
16420  10.500  12.630  53.119 0.0000000000
17761  11.386  0.516  66.709 0.0000000000
24820  7.679  4.150  56.750 0.0000000000
24822  7.499  5.282  56.386 0.0000000000
24824  8.091  7.625  55.949 0.0000000000
26549  9.068  -5.864  61.516 0.0000000000
29060  8.561  9.219  65.168 0.0000000000
29070  7.901  13.593  61.310 0.0000000000
32866  7.790  -3.297  60.184 0.0000000000
32871  8.227  -0.009  57.935 0.0000000000
32893  9.852  9.849  52.310 0.0000000000
34599  11.085  5.031  65.135 0.0000000000
41953  7.359  17.910  56.839 0.0000000000
41954  7.639  17.478  56.392 0.0000000000
44346  7.506  11.790  63.468 0.0000000000
44352  7.502  12.104  62.258 0.0000000000
47103  9.546  -2.959  66.487 0.0000000000
47104  9.367  -3.347  65.990 0.0000000000
47132  8.448  8.020  54.110 0.0000000000
47136  10.048  13.968  54.463 0.0000000000
47140  10.381  13.334  53.519 0.0000000000
56726  7.582  4.716  56.555 0.0000000000
56728  7.696  6.811  57.217 0.0000000000
56729  7.618  6.325  56.688 0.0000000000
56730  7.754  6.917  56.598 0.0000000000
56732  7.964  7.539  56.545 0.0000000000
56736  8.476  16.519  55.740 0.0000000000
56738  8.916  16.012  55.409 0.0000000000
56739  9.388  15.400  55.062 0.0000000000
59606  8.973  -5.650  61.172 0.0000000000
63943  7.452  17.467  59.495 0.0000000000
63945  7.373  17.638  58.844 0.0000000000
63946  7.348  17.726  58.210 0.0000000000
72228  7.510  -2.532  60.418 0.0000000000
72230  7.497  -2.259  60.022 0.0000000000
72232  7.671  -1.616  59.226 0.0000000000
72233  7.901  -1.279  58.831 0.0000000000
72235  8.109  -1.023  58.394 0.0000000000
72240  8.207  0.786  57.790 0.0000000000
72293  10.205  10.534  52.271 0.0000000000
76313  10.996  -1.479  67.631 0.0000000000
76314  10.489  -1.839  67.576 0.0000000000
76318  11.534  1.106  66.313 0.0000000000
76344  11.213  3.271  65.430 0.0000000000
76345  11.307  3.907  65.184 0.0000000000
76346  10.896  4.332  65.387 0.0000000000
93948  8.007  17.016  56.081 0.0000000000
95669  8.774  -5.318  60.507 0.0000000000
98247  10.491  6.659  65.120 0.0000000000
98249  9.962  7.156  65.309 0.0000000000
98250  9.465  7.563  65.400 0.0000000000
98254  7.725  10.797  64.316 0.0000000000
98264  7.779  12.289  61.067 0.0000000000
98268  7.845  15.775  60.915 0.0000000000
98271  7.665  16.627  60.218 0.0000000000
98272  7.520  17.297  60.098 0.0000000000
103249  7.967  2.238  57.389 0.0000000000
103268  8.865  8.329  52.937 0.0000000000
103282  10.544  11.934  52.695 0.0000000000
105695  11.231  -0.064  67.089 0.0000000000
119349  7.809  3.515  56.981 0.0000000000
119355  7.551  5.742  56.820 0.0000000000
119360  8.199  7.758  55.332 0.0000000000
119370  9.774  14.675  54.724 0.0000000000
129339  9.061  8.839  65.231 0.0000000000
129341  8.088  9.591  64.964 0.0000000000
129368  7.899  12.994  60.872 0.0000000000
129369  7.963  14.310  61.123 0.0000000000
129382  7.345  17.819  57.540 0.0000000000
139755  8.709  -2.675  65.500 0.0000000000
139756  8.648  -3.072  64.938 0.0000000000
139759  8.743  -3.568  64.354 0.0000000000
139760  8.819  -4.150  63.716 0.0000000000
139761  8.946  -4.815  63.055 0.0000000000
139762  9.061  -5.466  62.422 0.0000000000
139763  8.983  -5.213  62.087 0.0000000000
139770  8.351  -4.390  60.514 0.0000000000
139771  8.218  -4.228  60.214 0.0000000000
139798  8.074  -4.048  59.913 0.0000000000
139802  7.536  -1.957  59.609 0.0000000000
139813  8.070  -0.203  58.399 0.0000000000
139877  9.421  9.133  52.354 0.0000000000
144779  9.812  -2.603  66.921 0.0000000000
144787  10.129  -2.201  67.284 0.0000000000
144821  11.617  2.278  65.570 0.0000000000
144822  11.172  2.646  65.670 0.0000000000
144827  10.771  5.460  65.342 0.0000000000
212  7.111  18.485  56.556 0.0000000000
224  8.256  -4.822  59.628 0.0000000000
1552  9.112  -6.376  62.187 0.0000000000
3555  8.511  16.580  55.099 0.0000000000
5852  7.226  18.107  59.262 0.0000000000
7457  8.923  -3.905  64.640 0.0000000000
8096  11.802  4.141  64.743 0.0000000000
11235  7.679  17.556  55.733 0.0000000000
13592  7.500  17.779  60.490 0.0000000000
13623  10.472  7.377  64.642 0.0000000000
16383  9.632  -3.773  66.259 0.0000000000
24823  7.641  6.407  56.097 0.0000000000
24829  9.443  15.484  54.465 0.0000000000
29012  7.107  18.298  57.993 0.0000000000
32851  9.054  -5.123  63.370 0.0000000000
32867  7.682  -2.800  59.515 0.0000000000
32868  7.853  -2.170  58.813 0.0000000000
32869  8.323  -1.620  57.974 0.0000000000
34583  10.100  -2.950  67.143 0.0000000000
34585  10.830  -2.166  67.713 0.0000000000
34597  11.622  2.900  65.266 0.0000000000
41955  7.356  18.021  56.084 0.0000000000
42911  8.415  -4.995  59.910 0.0000000000
42912  8.593  -5.824  59.611 0.0000000000
44344  9.991  7.896  64.856 0.0000000000
44345  10.054  8.702  64.557 0.0000000000
44354  7.806  16.289  61.346 0.0000000000
44355  7.761  16.988  61.170 0.0000000000
44356  7.595  17.139  60.665 0.0000000000
47121  7.954  3.027  56.582 0.0000000000
47122  8.036  2.399  56.807 0.0000000000
47128  8.013  7.265  54.815 0.0000000000
47130  8.115  7.397  54.212 0.0000000000
47131  8.208  7.574  53.602 0.0000000000
47141  10.550  13.437  52.906 0.0000000000
47142  10.329  14.154  53.265 0.0000000000
56731  7.834  7.013  56.002 0.0000000000
56740  9.019  16.069  54.797 0.0000000000
59607  9.025  -6.571  60.867 0.0000000000
59608  8.967  -6.352  60.539 0.0000000000
63812  7.156  18.207  58.620 0.0000000000
63912  9.102  9.669  64.915 0.0000000000
63913  8.547  10.108  64.935 0.0000000000
63934  7.801  13.454  61.900 0.0000000000
63935  7.900  14.141  61.655 0.0000000000
72190  8.978  -4.494  64.011 0.0000000000
72229  7.704  -3.067  59.885 0.0000000000
72234  8.062  -1.884  58.406 0.0000000000
72239  8.317  1.003  57.251 0.0000000000
72241  8.451  0.262  57.437 0.0000000000
72242  8.522  -0.510  57.525 0.0000000000
72268  8.556  7.897  52.521 0.0000000000
72270  8.756  8.072  52.001 0.0000000000
72272  9.183  8.659  51.901 0.0000000000
72294  10.055  9.973  51.765 0.0000000000
72295  10.415  10.646  51.734 0.0000000000
72297  10.716  11.412  51.632 0.0000000000
76311  11.511  -1.076  67.568 0.0000000000
76312  11.338  -1.849  67.821 0.0000000000
76343  11.711  3.530  65.000 0.0000000000
76347  11.417  4.595  64.935 0.0000000000
93949  8.084  17.052  55.439 0.0000000000
95670  8.859  -6.184  60.220 0.0000000000
95671  8.760  -6.015  59.930 0.0000000000
98192  7.329  17.969  59.908 0.0000000000
98252  8.073  11.266  64.443 0.0000000000
98253  8.069  10.433  64.710 0.0000000000
98266  7.949  14.868  61.530 0.0000000000
98267  7.904  15.597  61.459 0.0000000000
103217  9.516  -4.240  65.676 0.0000000000
103218  9.243  -3.798  65.437 0.0000000000
103219  8.930  -3.392  65.155 0.0000000000
103250  8.150  1.717  57.031 0.0000000000
103267  8.361  7.742  53.042 0.0000000000
103283  10.727  12.058  52.104 0.0000000000
103284  10.659  12.742  52.536 0.0000000000
105694  11.626  -0.382  67.201 0.0000000000
105696  11.769  0.231  66.768 0.0000000000
105697  11.893  0.822  66.351 0.0000000000
105698  11.987  1.389  65.940 0.0000000000
115463  8.162  12.024  64.147 0.0000000000
115464  7.833  12.307  63.723 0.0000000000
115465  7.659  12.529  63.165 0.0000000000
115466  7.638  12.692  62.643 0.0000000000
119350  7.812  3.655  56.345 0.0000000000
119352  7.678  4.214  56.178 0.0000000000
119353  7.555  4.794  55.982 0.0000000000
119354  7.433  5.341  55.799 0.0000000000
119356  7.518  5.834  56.217 0.0000000000
119359  7.919  7.136  55.404 0.0000000000
119371  9.909  14.766  54.104 0.0000000000
119372  10.036  14.837  53.512 0.0000000000
123383  9.088  -6.129  61.817 0.0000000000
123385  9.085  -6.777  61.237 0.0000000000
129212  7.100  18.411  57.273 0.0000000000
129338  9.592  9.200  64.788 0.0000000000
129366  7.674  12.794  62.051 0.0000000000
129367  7.762  12.898  61.450 0.0000000000
133004  8.083  -4.611  59.375 0.0000000000
139753  9.109  -5.732  62.788 0.0000000000
139799  7.904  -3.855  59.623 0.0000000000
139803  7.743  -2.495  59.151 0.0000000000
139814  8.320  -0.745  57.967 0.0000000000
139878  9.642  9.293  51.823 0.0000000000
144778  9.814  -3.312  66.717 0.0000000000
144786  10.455  -2.618  67.443 0.0000000000
144818  12.008  1.964  65.519 0.0000000000
144820  12.023  2.539  65.116 0.0000000000
144828  11.532  5.319  64.589 0.0000000000
144829  11.238  5.807  64.742 0.0000000000
144830  10.886  6.231  64.924 0.0000000000
144831  10.882  6.938  64.460 0.0000000000
