#!ascii label /projectnb/somerslab/tom/projects/spacetime_network/data/ROIs/probabilistic_cIFSG_rh_thresh5_dilated5.label , from subject  vox2ras=TkReg
770
53  49.514  20.152  18.503 5.0000000000
250  41.264  13.929  20.957 5.0000000000
1602  45.123  16.823  19.669 6.0000000000
1860  40.424  18.891  19.886 5.0000000000
4088  42.688  20.295  19.217 5.0000000000
4091  36.859  18.434  21.905 6.0000000000
7578  47.159  18.482  18.792 7.0000000000
8201  47.254  21.153  18.442 6.0000000000
8202  44.872  19.361  18.765 6.0000000000
8203  42.764  17.849  19.491 5.0000000000
8204  40.732  16.336  20.361 5.0000000000
8205  38.367  20.020  20.743 5.0000000000
8206  38.530  17.366  20.763 8.0000000000
8207  38.992  14.857  21.292 5.0000000000
10710  50.952  20.900  18.621 5.0000000000
11312  42.565  13.375  20.940 5.0000000000
11773  35.200  15.504  23.665 5.0000000000
16650  46.139  17.627  19.191 7.0000000000
16651  47.362  17.050  19.526 7.0000000000
16652  46.304  16.303  19.952 7.0000000000
18020  46.540  22.649  19.303 5.0000000000
18021  47.576  22.313  19.016 5.0000000000
18022  46.243  21.429  18.826 5.0000000000
18023  46.042  20.234  18.526 6.0000000000
18024  44.994  20.624  18.829 5.0000000000
18025  41.542  19.551  19.497 5.0000000000
18026  42.659  19.035  19.274 5.0000000000
18027  41.536  18.346  19.681 5.0000000000
18028  41.733  17.075  19.896 5.0000000000
18033  36.897  17.031  21.802 6.0000000000
18034  37.584  17.876  21.240 8.0000000000
18035  37.708  16.581  21.249 6.0000000000
18037  37.970  15.332  21.520 6.0000000000
18039  37.349  14.453  22.079 5.0000000000
24966  44.097  16.137  20.144 6.0000000000
25790  43.914  21.066  19.097 5.0000000000
25795  37.001  19.766  22.228 5.0000000000
25796  36.416  18.855  22.835 5.0000000000
25797  36.307  17.427  22.517 5.0000000000
33186  48.272  19.376  18.544 7.0000000000
33187  49.502  18.704  18.787 6.0000000000
33188  48.408  17.901  19.112 6.0000000000
34880  49.746  21.446  18.497 5.0000000000
34907  48.341  20.699  18.329 5.0000000000
34908  47.101  19.868  18.312 6.0000000000
34909  46.061  18.850  18.721 6.0000000000
34910  45.003  18.077  19.112 6.0000000000
34911  43.801  19.844  19.003 5.0000000000
34912  43.859  18.556  19.130 5.0000000000
34913  43.953  17.308  19.547 6.0000000000
34914  42.893  16.589  19.911 6.0000000000
34919  39.354  19.444  20.217 6.0000000000
34920  37.572  19.225  21.320 6.0000000000
34921  38.414  18.712  20.643 7.0000000000
34922  39.453  18.133  20.304 7.0000000000
34925  40.099  14.385  21.102 5.0000000000
41430  50.245  20.542  18.542 5.0000000000
41431  50.916  20.226  18.613 5.0000000000
41432  50.210  19.858  18.587 5.0000000000
42030  41.679  14.338  20.843 5.0000000000
42031  42.325  14.058  20.868 5.0000000000
42032  41.911  13.653  20.952 5.0000000000
47370  45.621  17.239  19.443 7.0000000000
47371  46.222  16.941  19.552 7.0000000000
47372  45.691  16.554  19.800 6.0000000000
48741  46.391  22.030  19.052 5.0000000000
48742  45.695  21.590  18.995 5.0000000000
48743  45.600  21.006  18.821 6.0000000000
48744  45.054  21.229  18.983 5.0000000000
48746  41.540  18.960  19.576 5.0000000000
48754  37.276  16.821  21.534 5.0000000000
48756  37.812  15.950  21.362 5.0000000000
48757  37.481  15.600  21.625 5.0000000000
48758  37.646  14.909  21.810 5.0000000000
48759  37.178  15.138  21.956 6.0000000000
56973  43.621  13.456  20.965 5.0000000000
58351  36.546  19.483  23.065 6.0000000000
58352  36.265  18.995  23.313 5.0000000000
58360  34.860  14.926  23.988 5.0000000000
58361  35.131  14.789  23.620 5.0000000000
58362  34.801  14.217  23.932 5.0000000000
72990  47.669  18.970  18.652 7.0000000000
72991  48.349  18.632  18.767 6.0000000000
72992  47.839  18.167  18.978 7.0000000000
72993  47.460  16.401  19.982 5.0000000000
72994  47.979  16.770  19.816 6.0000000000
77103  47.430  21.766  18.701 5.0000000000
77104  48.079  22.122  18.813 5.0000000000
77105  47.919  21.548  18.521 6.0000000000
77106  48.438  21.280  18.428 5.0000000000
77107  47.767  20.949  18.292 6.0000000000
77108  47.723  20.296  18.286 6.0000000000
77109  47.136  20.519  18.299 6.0000000000
77110  45.447  19.788  18.620 6.0000000000
77111  46.000  19.588  18.494 6.0000000000
77112  45.467  19.126  18.709 6.0000000000
77113  45.539  18.461  18.892 6.0000000000
77114  44.958  18.714  18.888 6.0000000000
77115  43.310  20.688  19.131 5.0000000000
77116  43.836  20.481  19.040 5.0000000000
77117  43.235  20.092  19.099 5.0000000000
77118  42.707  18.461  19.386 5.0000000000
77119  43.273  18.793  19.186 5.0000000000
77120  43.318  18.194  19.324 5.0000000000
77121  43.905  17.933  19.317 5.0000000000
77122  43.371  17.590  19.486 6.0000000000
77123  43.419  16.960  19.728 6.0000000000
77124  42.828  17.220  19.675 6.0000000000
77137  38.816  19.736  20.443 6.0000000000
77138  36.893  19.111  22.044 6.0000000000
77139  37.258  19.495  21.743 5.0000000000
77140  37.180  18.828  21.605 7.0000000000
77141  38.039  17.658  20.945 8.0000000000
77142  37.970  18.338  20.910 8.0000000000
77143  38.432  18.066  20.661 7.0000000000
77144  38.897  18.431  20.429 7.0000000000
77145  38.945  17.768  20.506 7.0000000000
77146  39.484  17.472  20.350 5.0000000000
77147  39.028  17.092  20.616 5.0000000000
77152  39.534  14.612  21.213 5.0000000000
77153  39.732  13.999  21.349 5.0000000000
77154  39.183  14.233  21.439 5.0000000000
77161  36.608  14.186  22.568 5.0000000000
83318  49.509  18.021  19.067 6.0000000000
83319  50.129  18.365  18.873 5.0000000000
93006  51.629  21.249  18.680 5.0000000000
94090  43.210  13.114  20.973 5.0000000000
94921  34.952  15.616  24.080 5.0000000000
103698  46.635  18.022  18.981 7.0000000000
103699  47.258  17.732  19.143 7.0000000000
103700  46.744  17.331  19.320 7.0000000000
103701  46.836  16.675  19.730 7.0000000000
103702  46.933  16.049  20.211 5.0000000000
106166  47.089  22.520  19.166 5.0000000000
106167  46.936  21.929  18.883 5.0000000000
106168  46.758  21.334  18.632 6.0000000000
106169  46.594  20.692  18.412 6.0000000000
106170  46.123  20.840  18.645 6.0000000000
106171  45.529  20.421  18.660 6.0000000000
106172  44.928  20.005  18.747 6.0000000000
106174  42.660  19.665  19.221 5.0000000000
106175  42.102  19.291  19.378 5.0000000000
106176  42.106  18.702  19.483 5.0000000000
106177  42.155  18.091  19.599 5.0000000000
106178  42.262  17.456  19.714 5.0000000000
106181  40.644  16.941  20.186 5.0000000000
106187  36.866  17.727  21.827 7.0000000000
106188  37.198  18.149  21.552 7.0000000000
106189  37.235  17.475  21.513 7.0000000000
106190  37.640  17.227  21.202 8.0000000000
106191  38.118  16.987  21.001 6.0000000000
106192  38.603  16.739  20.841 6.0000000000
106193  38.175  16.356  21.086 5.0000000000
106194  38.322  15.712  21.239 5.0000000000
106195  38.485  15.098  21.405 5.0000000000
119694  44.628  16.456  19.900 6.0000000000
119695  45.202  16.169  20.036 6.0000000000
119696  44.718  15.847  20.287 6.0000000000
121616  44.513  21.435  19.089 5.0000000000
121628  36.890  19.963  22.767 5.0000000000
121629  36.684  19.309  22.563 6.0000000000
121630  36.610  18.670  22.356 6.0000000000
121631  36.169  18.369  23.083 5.0000000000
121632  36.343  18.156  22.651 5.0000000000
121633  36.558  17.926  22.217 6.0000000000
121634  36.555  17.251  22.124 5.0000000000
129666  40.872  13.548  21.149 5.0000000000
129667  41.531  13.229  21.038 5.0000000000
140730  48.867  19.779  18.501 5.0000000000
140731  49.502  19.394  18.612 5.0000000000
140732  48.902  19.018  18.666 6.0000000000
140733  48.954  18.337  18.878 6.0000000000
140734  48.963  17.610  19.286 6.0000000000
140735  47.877  17.427  19.380 7.0000000000
140736  48.477  17.176  19.563 6.0000000000
140741  45.796  15.941  20.205 6.0000000000
140759  42.177  12.955  20.984 5.0000000000
145662  51.020  21.517  18.652 5.0000000000
145663  50.346  21.128  18.562 5.0000000000
145664  49.648  20.812  18.457 5.0000000000
145743  49.119  21.690  18.487 5.0000000000
145744  49.037  21.078  18.391 5.0000000000
145745  48.920  20.436  18.413 5.0000000000
145746  48.258  20.090  18.366 6.0000000000
145747  47.690  19.629  18.415 6.0000000000
145748  47.107  19.175  18.521 6.0000000000
145749  46.534  20.078  18.368 6.0000000000
145750  46.547  19.392  18.470 6.0000000000
145751  46.602  18.677  18.694 7.0000000000
145752  46.104  18.218  18.941 7.0000000000
145753  45.578  17.856  19.137 7.0000000000
145754  45.050  17.443  19.378 6.0000000000
145755  44.449  20.859  19.000 5.0000000000
145756  44.360  20.265  18.914 5.0000000000
145757  44.370  19.606  18.894 5.0000000000
145758  43.242  19.410  19.100 5.0000000000
145759  43.825  19.169  19.010 5.0000000000
145760  44.398  18.959  18.970 5.0000000000
145761  44.420  18.313  19.125 5.0000000000
145762  44.447  17.641  19.334 6.0000000000
145763  44.554  17.021  19.589 6.0000000000
145764  44.011  16.704  19.814 6.0000000000
145765  43.490  16.353  20.005 6.0000000000
145766  42.981  15.976  20.156 5.0000000000
145767  42.310  16.823  19.896 5.0000000000
145772  41.097  14.519  20.832 5.0000000000
145781  39.880  19.159  20.027 5.0000000000
145782  37.375  20.155  21.924 5.0000000000
145783  37.624  19.898  21.438 5.0000000000
145784  37.933  19.641  20.990 5.0000000000
145785  37.553  18.545  21.260 7.0000000000
145786  37.972  18.973  20.926 7.0000000000
145787  38.373  19.359  20.675 7.0000000000
145788  38.866  19.078  20.411 7.0000000000
145789  39.399  18.794  20.241 7.0000000000
145790  39.950  18.522  20.088 5.0000000000
145791  40.010  17.863  20.153 5.0000000000
145792  40.057  17.195  20.244 5.0000000000
145793  40.164  16.558  20.399 5.0000000000
145799  40.658  14.155  21.014 5.0000000000
145800  40.297  13.763  21.226 5.0000000000
145809  36.881  14.663  22.256 6.0000000000
145810  37.088  14.000  22.339 5.0000000000
153228  50.154  19.105  18.700 5.0000000000
1859  45.140  21.825  19.120 0.0000000000
1861  37.032  15.798  21.876 0.0000000000
3030  52.269  21.572  18.692 0.0000000000
3630  43.077  15.428  20.421 0.0000000000
3632  43.856  12.732  20.937 0.0000000000
4090  36.292  19.141  23.812 0.0000000000
4094  34.526  14.362  24.283 0.0000000000
7579  49.554  17.312  19.414 0.0000000000
7580  47.619  15.755  20.468 0.0000000000
10712  50.852  19.482  18.636 0.0000000000
11310  42.125  14.720  20.723 0.0000000000
11311  43.424  14.143  20.878 0.0000000000
11771  35.965  17.824  23.419 0.0000000000
11774  34.734  15.692  24.461 0.0000000000
18029  40.570  17.580  20.029 0.0000000000
18032  37.722  20.584  21.607 0.0000000000
18036  38.705  16.099  20.970 0.0000000000
24967  45.309  15.602  20.450 0.0000000000
25794  36.846  20.136  23.293 0.0000000000
25799  36.470  14.865  22.495 0.0000000000
25801  35.134  14.081  23.605 0.0000000000
29178  40.525  13.157  21.284 0.0000000000
29179  41.802  12.527  21.055 0.0000000000
33189  48.604  16.493  19.999 0.0000000000
34879  51.076  22.154  18.715 0.0000000000
34906  48.569  21.878  18.626 0.0000000000
34916  40.980  15.120  20.654 0.0000000000
34923  39.588  16.819  20.466 0.0000000000
34926  39.419  13.589  21.561 0.0000000000
34929  36.804  13.519  22.607 0.0000000000
37422  50.756  17.992  18.912 0.0000000000
42493  35.087  16.280  24.177 0.0000000000
48739  45.994  22.795  19.393 0.0000000000
48740  45.835  22.190  19.187 0.0000000000
48745  40.942  19.246  19.704 0.0000000000
48747  40.966  18.605  19.771 0.0000000000
48748  41.047  17.980  19.827 0.0000000000
48749  40.506  18.262  19.944 0.0000000000
48752  37.544  20.821  22.132 0.0000000000
48753  36.914  16.420  21.860 0.0000000000
48755  37.334  16.207  21.600 0.0000000000
56970  43.573  15.783  20.278 0.0000000000
56971  44.198  15.526  20.477 0.0000000000
56974  44.052  13.880  20.982 0.0000000000
56975  44.277  13.122  20.977 0.0000000000
58350  36.526  19.635  23.564 0.0000000000
58354  36.095  17.637  22.954 0.0000000000
58355  36.079  16.972  22.822 0.0000000000
58356  36.320  16.767  22.416 0.0000000000
58363  34.824  13.500  23.927 0.0000000000
58364  34.512  13.655  24.254 0.0000000000
72995  48.143  16.153  20.251 0.0000000000
72999  45.934  15.390  20.600 0.0000000000
73014  42.440  12.223  20.928 0.0000000000
77038  50.461  21.797  18.613 0.0000000000
77039  49.867  22.085  18.642 0.0000000000
77125  41.223  16.673  20.085 0.0000000000
77126  41.813  16.446  20.082 0.0000000000
77127  41.335  16.094  20.293 0.0000000000
77129  40.842  15.739  20.519 0.0000000000
77133  38.454  20.657  20.859 0.0000000000
77135  38.878  20.366  20.502 0.0000000000
77136  39.355  20.084  20.224 0.0000000000
77148  38.845  15.461  21.133 0.0000000000
77150  39.368  15.212  21.043 0.0000000000
77151  39.960  14.990  20.952 0.0000000000
77160  36.198  14.341  22.770 0.0000000000
77162  36.323  13.664  22.803 0.0000000000
83320  50.145  17.694  19.116 0.0000000000
93007  52.308  20.850  18.737 0.0000000000
93008  51.617  20.554  18.698 0.0000000000
93009  51.566  19.824  18.681 0.0000000000
94088  42.751  14.449  20.807 0.0000000000
94089  42.973  13.757  20.929 0.0000000000
94915  36.102  18.480  23.588 0.0000000000
94919  35.483  16.031  23.392 0.0000000000
94920  35.226  16.157  23.778 0.0000000000
94922  34.603  15.001  24.352 0.0000000000
106163  46.694  23.272  19.537 0.0000000000
106164  47.235  23.128  19.443 0.0000000000
106165  47.769  22.941  19.289 0.0000000000
106173  42.106  19.901  19.332 0.0000000000
106179  41.655  17.721  19.761 0.0000000000
106180  41.152  17.341  19.911 0.0000000000
106186  38.000  20.342  21.130 0.0000000000
106196  38.672  14.467  21.548 0.0000000000
106197  38.172  14.705  21.694 0.0000000000
106198  37.847  14.256  21.925 0.0000000000
106199  37.575  13.810  22.166 0.0000000000
119697  44.827  15.262  20.614 0.0000000000
121615  44.596  21.996  19.187 0.0000000000
121617  43.986  21.623  19.149 0.0000000000
121618  43.393  21.255  19.157 0.0000000000
121619  42.754  20.899  19.247 0.0000000000
121622  42.150  20.521  19.354 0.0000000000
121623  41.561  20.151  19.475 0.0000000000
121624  40.954  19.840  19.606 0.0000000000
121625  40.408  19.502  19.831 0.0000000000
121626  37.171  20.588  22.988 0.0000000000
121627  37.192  20.412  22.439 0.0000000000
121635  36.570  16.610  22.094 0.0000000000
121637  36.745  15.339  22.182 0.0000000000
121641  35.472  15.349  23.322 0.0000000000
121642  35.462  14.653  23.300 0.0000000000
129668  41.150  12.835  21.178 0.0000000000
140737  49.077  16.889  19.727 0.0000000000
140742  46.388  15.745  20.453 0.0000000000
140743  47.080  15.455  20.602 0.0000000000
140760  42.814  12.665  20.921 0.0000000000
140761  43.426  12.360  20.906 0.0000000000
145661  51.664  21.862  18.690 0.0000000000
145740  48.265  22.746  19.097 0.0000000000
145741  48.786  22.528  18.908 0.0000000000
145742  49.313  22.329  18.769 0.0000000000
145768  42.405  16.232  20.115 0.0000000000
145769  42.493  15.646  20.360 0.0000000000
145771  41.545  14.908  20.689 0.0000000000
145780  39.879  19.774  20.007 0.0000000000
145794  39.144  16.462  20.704 0.0000000000
145795  39.690  16.184  20.614 0.0000000000
145796  40.255  15.951  20.560 0.0000000000
145798  40.534  14.758  20.867 0.0000000000
145801  39.963  13.358  21.409 0.0000000000
145803  38.880  13.814  21.676 0.0000000000
145811  37.310  13.306  22.435 0.0000000000
153229  50.787  18.727  18.746 0.0000000000
883  37.466  20.998  22.673 0.0000000000
4092  35.798  16.567  23.132 0.0000000000
4093  35.904  13.799  23.011 0.0000000000
8192  49.990  22.716  18.875 0.0000000000
8200  47.924  23.622  19.546 0.0000000000
8208  37.810  13.097  22.287 0.0000000000
10711  52.295  20.172  18.821 0.0000000000
11772  35.428  16.810  23.923 0.0000000000
18018  45.443  22.961  19.439 0.0000000000
18019  46.814  23.904  19.761 0.0000000000
18031  38.577  21.225  21.045 0.0000000000
18038  38.375  14.035  21.799 0.0000000000
24968  44.344  14.915  20.751 0.0000000000
24969  44.731  13.576  20.999 0.0000000000
25789  44.033  22.147  19.253 0.0000000000
25791  42.875  21.449  19.287 0.0000000000
25792  41.610  20.756  19.518 0.0000000000
25793  40.434  20.104  19.808 0.0000000000
25798  36.279  16.140  22.400 0.0000000000
25800  35.807  15.218  23.037 0.0000000000
25802  34.558  12.950  24.241 0.0000000000
33191  46.563  15.164  20.719 0.0000000000
33197  43.077  11.899  20.849 0.0000000000
34905  48.945  23.193  19.185 0.0000000000
34915  41.929  15.880  20.300 0.0000000000
34918  39.428  20.713  20.250 0.0000000000
34924  39.800  15.576  20.781 0.0000000000
42492  35.337  16.927  24.279 0.0000000000
42494  34.923  16.374  24.567 0.0000000000
48738  45.290  22.400  19.266 0.0000000000
48750  37.765  21.495  22.389 0.0000000000
48751  37.889  21.251  21.832 0.0000000000
55170  52.922  21.881  18.688 0.0000000000
55172  52.997  21.144  18.773 0.0000000000
55173  52.241  19.395  18.696 0.0000000000
56972  43.720  15.163  20.572 0.0000000000
56976  44.972  12.765  20.897 0.0000000000
56977  44.539  12.342  20.856 0.0000000000
58343  43.448  21.787  19.229 0.0000000000
58348  41.002  20.452  19.642 0.0000000000
58353  35.867  17.189  23.269 0.0000000000
58357  36.036  16.327  22.745 0.0000000000
58359  35.748  15.878  23.079 0.0000000000
64170  40.202  12.766  21.400 0.0000000000
64171  40.817  12.455  21.279 0.0000000000
72996  48.743  15.854  20.311 0.0000000000
72997  48.297  15.504  20.573 0.0000000000
72998  45.458  15.039  20.743 0.0000000000
73000  46.117  14.809  20.889 0.0000000000
73013  42.081  11.835  20.983 0.0000000000
73015  42.727  11.495  20.876 0.0000000000
77036  51.129  22.800  18.808 0.0000000000
77037  50.522  22.441  18.754 0.0000000000
77096  47.395  23.770  19.663 0.0000000000
77102  48.452  23.415  19.351 0.0000000000
77128  41.437  15.503  20.501 0.0000000000
77134  38.975  20.962  20.618 0.0000000000
77149  39.234  15.810  20.869 0.0000000000
77155  38.068  13.593  22.031 0.0000000000
77156  38.573  13.366  21.912 0.0000000000
93010  51.498  19.072  18.667 0.0000000000
94086  42.572  15.073  20.601 0.0000000000
94087  43.243  14.797  20.680 0.0000000000
94914  36.080  18.613  24.058 0.0000000000
94916  35.893  17.951  23.823 0.0000000000
94917  35.736  17.330  23.691 0.0000000000
94918  35.552  16.685  23.520 0.0000000000
106162  46.140  23.419  19.618 0.0000000000
106185  38.114  20.977  21.320 0.0000000000
106201  36.006  13.088  23.058 0.0000000000
109895  49.632  16.603  19.752 0.0000000000
109896  50.178  16.958  19.439 0.0000000000
117179  52.962  20.405  18.764 0.0000000000
119698  44.999  14.650  20.845 0.0000000000
119699  43.888  14.530  20.816 0.0000000000
119700  44.512  14.288  20.937 0.0000000000
121614  44.718  22.554  19.310 0.0000000000
121621  42.225  21.080  19.410 0.0000000000
121636  36.627  15.961  22.118 0.0000000000
121638  36.358  15.523  22.429 0.0000000000
121639  36.118  15.057  22.736 0.0000000000
121640  35.848  14.513  23.006 0.0000000000
121643  35.497  13.960  23.278 0.0000000000
121644  35.203  13.381  23.599 0.0000000000
121645  34.929  12.832  23.906 0.0000000000
129669  41.448  12.175  21.161 0.0000000000
131423  37.498  21.172  23.229 0.0000000000
131424  37.200  20.749  23.521 0.0000000000
131425  36.879  20.261  23.810 0.0000000000
131426  36.594  19.755  24.055 0.0000000000
131429  36.351  19.248  24.284 0.0000000000
140738  49.187  16.209  20.035 0.0000000000
140745  47.274  14.825  20.792 0.0000000000
140746  47.788  15.166  20.742 0.0000000000
140763  43.730  11.587  20.712 0.0000000000
140764  44.118  11.985  20.782 0.0000000000
145658  52.273  22.221  18.703 0.0000000000
145660  51.683  22.519  18.753 0.0000000000
145739  49.456  22.960  19.050 0.0000000000
145770  42.000  15.277  20.548 0.0000000000
145779  39.920  20.368  20.030 0.0000000000
145797  40.394  15.355  20.714 0.0000000000
145802  39.664  12.959  21.604 0.0000000000
145804  39.108  13.152  21.787 0.0000000000
145812  36.501  12.936  22.864 0.0000000000
145813  37.036  12.762  22.712 0.0000000000
145814  37.542  12.579  22.508 0.0000000000
152389  34.621  15.939  24.899 0.0000000000
152390  34.439  15.263  24.782 0.0000000000
152391  34.306  14.609  24.676 0.0000000000
152394  34.224  13.964  24.630 0.0000000000
152395  34.233  13.250  24.567 0.0000000000
153230  51.411  18.321  18.743 0.0000000000
153231  50.757  17.272  19.137 0.0000000000
153232  51.368  17.566  18.893 0.0000000000
386  35.184  17.030  24.713 0.0000000000
3032  52.119  18.646  18.625 0.0000000000
3631  45.678  14.388  20.983 0.0000000000
5922  39.917  12.345  21.571 0.0000000000
5923  42.383  11.141  20.896 0.0000000000
11770  35.858  18.092  24.264 0.0000000000
17998  51.118  23.376  18.935 0.0000000000
18030  38.131  21.855  22.102 0.0000000000
18040  35.320  12.667  23.602 0.0000000000
18041  36.194  12.361  23.100 0.0000000000
20093  49.719  15.863  20.000 0.0000000000
20094  50.806  16.548  19.365 0.0000000000
23886  53.427  22.119  18.544 0.0000000000
23888  53.613  20.661  18.672 0.0000000000
24970  45.176  11.964  20.560 0.0000000000
29180  41.127  11.761  21.269 0.0000000000
29825  37.587  21.286  23.774 0.0000000000
29826  36.968  20.329  24.322 0.0000000000
29827  36.425  19.348  24.735 0.0000000000
33190  48.844  15.142  20.493 0.0000000000
33192  47.944  14.458  20.700 0.0000000000
33198  44.366  11.268  20.419 0.0000000000
34878  52.218  22.846  18.731 0.0000000000
34927  38.832  12.678  21.942 0.0000000000
34930  37.247  12.040  22.696 0.0000000000
37140  34.596  16.162  25.337 0.0000000000
37141  34.154  14.874  25.100 0.0000000000
37142  33.949  13.543  24.973 0.0000000000
37423  52.033  17.165  18.811 0.0000000000
42490  35.576  17.649  24.493 0.0000000000
42491  35.651  17.460  24.079 0.0000000000
48760  35.041  12.070  23.908 0.0000000000
55171  53.581  21.398  18.636 0.0000000000
55174  52.907  19.642  18.666 0.0000000000
55175  52.812  18.897  18.558 0.0000000000
58341  44.178  22.687  19.416 0.0000000000
58342  43.469  22.281  19.393 0.0000000000
58344  42.886  21.926  19.403 0.0000000000
58346  41.640  21.241  19.635 0.0000000000
58347  41.039  21.011  19.737 0.0000000000
58349  40.474  20.704  19.859 0.0000000000
58358  36.029  15.699  22.730 0.0000000000
64172  40.503  12.044  21.407 0.0000000000
65558  37.263  20.845  24.051 0.0000000000
73002  47.459  14.083  20.749 0.0000000000
73017  44.021  10.897  20.352 0.0000000000
77035  50.546  23.062  18.890 0.0000000000
77097  47.406  24.481  19.864 0.0000000000
77098  48.009  24.346  19.744 0.0000000000
77100  48.570  24.134  19.552 0.0000000000
77101  49.055  23.868  19.382 0.0000000000
77157  38.313  12.892  22.131 0.0000000000
77159  38.067  12.379  22.311 0.0000000000
77164  36.697  12.200  22.889 0.0000000000
82621  34.330  15.524  25.263 0.0000000000
82626  33.965  12.819  24.925 0.0000000000
83322  51.380  16.843  19.075 0.0000000000
103704  46.377  14.049  21.027 0.0000000000
103713  43.023  10.865  20.699 0.0000000000
106127  50.022  23.335  19.042 0.0000000000
106160  45.590  23.520  19.660 0.0000000000
106161  46.228  23.995  19.861 0.0000000000
106183  38.773  21.833  21.269 0.0000000000
106184  38.287  21.568  21.547 0.0000000000
106200  35.584  13.229  23.300 0.0000000000
106202  35.740  12.500  23.335 0.0000000000
109897  50.277  16.226  19.710 0.0000000000
117180  53.554  19.918  18.615 0.0000000000
119701  45.207  13.989  21.046 0.0000000000
119702  45.447  13.181  21.018 0.0000000000
119703  45.640  12.363  20.656 0.0000000000
121613  44.894  23.096  19.510 0.0000000000
121620  42.311  21.597  19.484 0.0000000000
121646  34.645  12.226  24.227 0.0000000000
129670  41.778  11.472  21.080 0.0000000000
131413  38.041  22.103  22.694 0.0000000000
131414  37.777  21.625  22.964 0.0000000000
131422  37.857  21.746  23.524 0.0000000000
131428  36.694  19.835  24.546 0.0000000000
131430  36.087  18.719  24.516 0.0000000000
140739  49.277  15.484  20.201 0.0000000000
140744  46.791  14.465  20.909 0.0000000000
140747  48.435  14.795  20.616 0.0000000000
140762  43.382  11.171  20.727 0.0000000000
140765  44.757  11.627  20.479 0.0000000000
145657  52.812  22.486  18.615 0.0000000000
145659  51.668  23.108  18.852 0.0000000000
145731  46.801  24.565  19.998 0.0000000000
145738  49.537  23.591  19.272 0.0000000000
145776  39.094  21.517  20.795 0.0000000000
145777  39.508  21.242  20.397 0.0000000000
145778  39.975  20.949  20.126 0.0000000000
145805  39.366  12.500  21.766 0.0000000000
145815  37.789  11.835  22.505 0.0000000000
152388  34.855  16.605  25.008 0.0000000000
152393  34.010  14.228  25.029 0.0000000000
152396  34.277  12.546  24.588 0.0000000000
153233  52.070  17.901  18.704 0.0000000000
1862  34.753  11.452  24.198 0.0000000000
4086  45.729  24.071  19.944 0.0000000000
4087  42.987  22.410  19.556 0.0000000000
4089  40.515  21.257  19.989 0.0000000000
6197  39.009  22.389  21.501 0.0000000000
11768  41.780  21.782  19.699 0.0000000000
16653  46.111  12.772  20.705 0.0000000000
16654  47.034  13.648  20.757 0.0000000000
16659  43.658  10.587  20.362 0.0000000000
17999  50.059  23.962  19.194 0.0000000000
23889  53.503  19.145  18.469 0.0000000000
25788  44.367  23.213  19.631 0.0000000000
29822  38.142  22.202  23.246 0.0000000000
34902  46.757  25.238  19.950 0.0000000000
34903  47.996  25.065  19.824 0.0000000000
34904  49.096  24.534  19.455 0.0000000000
34917  39.630  21.789  20.605 0.0000000000
34928  38.335  11.685  22.287 0.0000000000
37143  34.002  12.086  24.929 0.0000000000
47373  46.201  12.086  20.140 0.0000000000
48761  35.464  11.915  23.617 0.0000000000
48762  35.178  11.302  23.877 0.0000000000
50813  49.808  15.092  19.966 0.0000000000
50814  50.301  15.509  19.644 0.0000000000
55176  53.356  18.432  18.410 0.0000000000
55177  52.702  18.174  18.526 0.0000000000
58340  43.725  22.789  19.568 0.0000000000
58345  41.106  21.530  19.850 0.0000000000
65548  38.463  22.646  22.915 0.0000000000
65556  37.994  21.777  24.043 0.0000000000
65557  37.695  21.348  24.283 0.0000000000
65559  37.399  20.858  24.549 0.0000000000
65561  36.820  19.910  25.049 0.0000000000
65562  36.563  19.403  25.253 0.0000000000
65563  36.195  18.832  24.967 0.0000000000
73001  47.618  13.281  20.314 0.0000000000
73003  48.045  13.700  20.283 0.0000000000
73004  48.520  14.050  20.271 0.0000000000
73016  44.188  10.331  19.848 0.0000000000
73018  44.543  10.636  19.869 0.0000000000
73019  44.896  10.999  19.894 0.0000000000
77033  52.726  23.095  18.548 0.0000000000
77034  52.185  23.384  18.781 0.0000000000
77095  46.244  24.621  20.010 0.0000000000
77099  48.565  24.824  19.582 0.0000000000
77132  39.264  22.108  21.033 0.0000000000
77158  38.610  12.196  22.097 0.0000000000
77163  36.358  11.622  23.078 0.0000000000
77165  36.896  11.464  22.844 0.0000000000
77166  37.496  11.311  22.624 0.0000000000
82619  34.618  16.382  25.823 0.0000000000
82620  34.322  15.745  25.721 0.0000000000
82622  34.076  15.105  25.577 0.0000000000
82624  33.718  13.791  25.393 0.0000000000
82625  33.678  13.064  25.344 0.0000000000
82627  33.700  12.332  25.286 0.0000000000
83321  51.421  16.147  19.126 0.0000000000
83323  51.989  16.477  18.811 0.0000000000
83324  52.593  16.760  18.569 0.0000000000
94910  42.346  22.082  19.577 0.0000000000
98406  39.648  11.899  21.710 0.0000000000
98407  40.272  11.608  21.496 0.0000000000
103703  45.921  13.587  21.007 0.0000000000
103705  46.623  13.148  20.816 0.0000000000
103712  42.715  10.514  20.723 0.0000000000
103714  43.332  10.233  20.314 0.0000000000
106124  51.628  23.664  18.914 0.0000000000
106125  51.088  23.999  18.992 0.0000000000
106126  50.556  23.671  19.023 0.0000000000
106182  38.542  22.158  21.804 0.0000000000
106203  35.903  11.779  23.337 0.0000000000
109898  50.863  15.846  19.423 0.0000000000
117174  53.863  22.340  18.299 0.0000000000
117176  54.063  21.633  18.407 0.0000000000
117177  54.179  20.888  18.458 0.0000000000
117178  54.158  20.189  18.470 0.0000000000
117181  54.118  19.426  18.367 0.0000000000
119704  45.755  11.725  20.061 0.0000000000
121612  45.070  23.608  19.758 0.0000000000
129671  40.841  11.319  21.337 0.0000000000
129672  41.481  11.050  21.147 0.0000000000
129673  42.132  10.744  20.926 0.0000000000
131412  38.452  22.398  22.360 0.0000000000
131421  38.267  22.251  23.790 0.0000000000
131427  37.096  20.372  24.824 0.0000000000
131431  35.867  18.241  24.699 0.0000000000
131432  35.500  17.676  24.909 0.0000000000
140740  49.306  14.762  20.036 0.0000000000
140748  48.917  14.400  20.181 0.0000000000
140766  45.316  11.319  19.949 0.0000000000
145656  53.288  22.727  18.421 0.0000000000
145732  47.337  25.135  19.849 0.0000000000
145737  49.602  24.241  19.383 0.0000000000
145775  40.061  21.505  20.276 0.0000000000
145806  39.107  12.037  21.913 0.0000000000
145816  38.063  11.153  22.431 0.0000000000
152361  35.169  17.213  25.170 0.0000000000
152387  34.877  16.824  25.483 0.0000000000
152392  33.864  14.418  25.473 0.0000000000
152397  34.348  11.758  24.573 0.0000000000
153234  52.660  17.452  18.623 0.0000000000
1110  54.195  22.518  17.801 0.0000000000
1603  49.677  14.451  19.418 0.0000000000
1604  46.204  11.552  19.436 0.0000000000
3031  54.583  19.713  18.130 0.0000000000
6199  37.874  21.348  24.770 0.0000000000
6200  36.702  19.426  25.680 0.0000000000
7581  47.990  13.079  19.644 0.0000000000
7583  44.636  10.157  19.235 0.0000000000
8191  52.059  23.977  18.607 0.0000000000
8209  36.606  10.875  22.995 0.0000000000
8964  34.033  15.301  26.055 0.0000000000
8965  33.405  12.602  25.730 0.0000000000
9060  51.904  15.875  18.583 0.0000000000
13710  39.379  11.442  21.858 0.0000000000
13711  40.611  10.885  21.401 0.0000000000
14173  37.303  20.411  25.323 0.0000000000
16658  43.090  9.854  20.304 0.0000000000
17997  50.989  24.584  18.826 0.0000000000
18042  35.618  11.170  23.580 0.0000000000
19861  33.583  14.007  25.853 0.0000000000
20095  50.759  15.208  19.026 0.0000000000
23887  54.522  21.123  18.164 0.0000000000
23890  53.287  17.722  18.385 0.0000000000
29181  41.893  10.366  20.956 0.0000000000
29821  38.833  22.885  22.604 0.0000000000
29824  38.435  22.259  24.304 0.0000000000
29828  35.862  18.316  25.133 0.0000000000
33193  48.854  13.760  19.549 0.0000000000
33199  45.368  10.820  19.239 0.0000000000
34877  53.151  23.340  18.171 0.0000000000
34931  37.748  10.601  22.523 0.0000000000
37131  35.269  17.480  25.625 0.0000000000
37139  34.686  16.557  26.256 0.0000000000
37424  53.039  16.434  17.957 0.0000000000
47374  46.704  12.433  20.195 0.0000000000
47375  46.630  11.884  19.481 0.0000000000
47379  43.600  9.621  19.801 0.0000000000
48718  50.576  24.294  19.143 0.0000000000
48719  50.055  24.574  19.189 0.0000000000
48763  35.362  10.560  23.810 0.0000000000
48764  34.900  10.675  24.128 0.0000000000
50815  50.178  14.859  19.208 0.0000000000
58338  43.197  22.922  19.735 0.0000000000
58339  43.882  23.294  19.775 0.0000000000
64174  41.242  10.651  21.189 0.0000000000
65547  38.910  23.072  23.147 0.0000000000
65549  38.578  22.704  23.492 0.0000000000
65555  38.159  21.806  24.531 0.0000000000
65560  36.984  19.930  25.524 0.0000000000
65564  36.246  18.887  25.414 0.0000000000
67598  54.579  20.430  18.189 0.0000000000
73005  48.466  13.410  19.589 0.0000000000
73020  44.983  10.481  19.245 0.0000000000
77032  52.644  23.700  18.428 0.0000000000
77093  45.683  24.711  20.102 0.0000000000
77094  46.148  25.248  19.975 0.0000000000
77130  39.467  22.638  21.254 0.0000000000
77131  39.779  22.338  20.818 0.0000000000
77167  37.171  10.721  22.740 0.0000000000
82618  34.326  15.927  26.199 0.0000000000
82623  33.470  13.303  25.792 0.0000000000
83325  52.472  16.148  18.263 0.0000000000
94909  42.471  22.580  19.743 0.0000000000
94911  41.886  22.311  19.810 0.0000000000
94912  41.272  22.047  19.926 0.0000000000
94913  40.632  21.781  20.109 0.0000000000
98408  40.006  11.163  21.610 0.0000000000
99239  37.573  20.870  25.031 0.0000000000
100463  54.551  18.932  18.030 0.0000000000
103706  47.138  12.919  20.237 0.0000000000
103707  47.537  12.729  19.590 0.0000000000
103715  43.871  9.964  19.822 0.0000000000
103716  44.288  9.785  19.215 0.0000000000
106123  51.513  24.309  18.762 0.0000000000
106204  36.090  11.045  23.287 0.0000000000
109477  33.779  14.663  25.930 0.0000000000
109899  51.314  15.539  18.752 0.0000000000
117175  54.399  21.816  18.029 0.0000000000
117182  54.029  18.682  18.275 0.0000000000
117183  53.905  17.983  18.191 0.0000000000
121609  45.160  24.171  20.015 0.0000000000
121611  44.553  23.666  19.842 0.0000000000
129674  42.517  10.098  20.659 0.0000000000
131408  39.291  22.873  21.717 0.0000000000
131411  38.862  22.640  22.053 0.0000000000
131420  38.756  22.728  24.040 0.0000000000
140749  49.243  14.111  19.498 0.0000000000
140767  45.790  11.195  19.339 0.0000000000
145655  53.683  22.945  18.015 0.0000000000
145729  46.455  25.666  19.550 0.0000000000
145730  47.156  25.625  19.545 0.0000000000
145733  47.769  25.532  19.465 0.0000000000
145734  48.402  25.367  19.353 0.0000000000
145735  49.027  25.154  19.349 0.0000000000
145736  49.546  24.853  19.253 0.0000000000
145774  40.176  22.029  20.440 0.0000000000
145807  38.856  11.554  22.081 0.0000000000
145808  38.601  11.035  22.217 0.0000000000
145817  38.313  10.498  22.307 0.0000000000
152360  35.570  17.907  25.378 0.0000000000
152386  34.982  17.016  25.916 0.0000000000
152403  33.417  11.832  25.664 0.0000000000
152404  33.748  11.579  25.221 0.0000000000
152405  34.070  11.253  24.883 0.0000000000
152406  34.471  10.969  24.494 0.0000000000
153235  53.181  17.051  18.266 0.0000000000
