#!ascii label /projectnb/somerslab/tom/projects/spacetime_network/data/ROIs/probabilistic_FO_rh_thresh5.label , from subject  vox2ras=TkReg
1141
260  40.896  30.136  2.521 5.0000000000
738  51.297  28.518  1.345 5.0000000000
739  47.387  30.278  -0.546 7.0000000000
1618  50.516  32.896  -5.147 5.0000000000
1619  44.891  32.298  -3.268 6.0000000000
1620  38.223  31.828  0.509 5.0000000000
1872  51.982  31.695  2.505 5.0000000000
2659  47.833  28.145  2.680 5.0000000000
3653  50.561  35.519  -1.929 5.0000000000
3655  51.325  33.203  -3.179 6.0000000000
3656  44.054  30.222  0.882 6.0000000000
3657  46.006  31.486  -1.665 6.0000000000
3658  42.821  31.551  -0.335 6.0000000000
3659  41.656  32.163  -1.752 5.0000000000
3660  39.559  31.407  1.596 5.0000000000
4074  52.641  28.945  6.954 5.0000000000
5936  51.914  30.285  -0.313 6.0000000000
5937  50.793  30.808  -1.701 6.0000000000
5938  49.062  29.080  0.431 6.0000000000
5939  45.452  28.822  1.876 6.0000000000
7615  49.353  31.657  -2.870 7.0000000000
7616  48.072  32.072  -4.354 8.0000000000
7617  47.345  32.306  -6.120 5.0000000000
7618  44.163  32.276  -5.158 6.0000000000
7619  40.705  31.808  -2.964 5.0000000000
8187  51.448  28.429  9.081 6.0000000000
8235  50.119  33.888  1.795 5.0000000000
8236  52.109  32.130  0.534 5.0000000000
8237  52.570  29.860  1.446 5.0000000000
11335  51.607  33.116  -2.253 5.0000000000
11336  42.483  30.226  1.615 5.0000000000
11337  43.433  31.013  0.306 6.0000000000
11338  41.832  30.946  1.176 6.0000000000
11339  41.186  31.521  0.586 6.0000000000
11340  40.232  30.812  2.143 6.0000000000
11341  38.871  30.656  2.900 5.0000000000
11342  39.591  30.025  3.310 5.0000000000
13733  51.769  29.323  0.494 6.0000000000
13734  50.848  29.455  -0.158 5.0000000000
13735  50.237  28.734  0.780 6.0000000000
13737  46.575  28.406  2.366 6.0000000000
13738  44.891  28.028  2.978 5.0000000000
16726  49.236  30.292  -1.162 7.0000000000
16727  50.084  31.281  -2.251 7.0000000000
16728  48.431  30.986  -1.639 7.0000000000
16729  45.386  31.929  -2.411 6.0000000000
16730  47.060  31.806  -3.028 7.0000000000
16731  46.518  32.183  -3.830 6.0000000000
16732  47.622  32.197  -5.112 5.0000000000
16733  46.086  32.325  -4.693 5.0000000000
16734  45.797  32.338  -5.721 5.0000000000
16735  44.467  32.384  -4.247 6.0000000000
16736  39.960  32.013  -0.647 6.0000000000
16737  41.169  32.097  -2.435 6.0000000000
16738  39.367  31.907  -1.182 5.0000000000
16740  37.605  31.720  -0.033 5.0000000000
16742  36.674  31.560  1.481 5.0000000000
18102  50.041  33.847  2.984 5.0000000000
18104  51.366  33.076  1.176 5.0000000000
18105  52.078  31.949  1.511 5.0000000000
18106  52.394  30.987  0.906 5.0000000000
18107  52.511  30.723  1.850 5.0000000000
23216  50.820  27.814  2.357 5.0000000000
23217  49.688  28.281  1.878 6.0000000000
23218  49.102  27.695  2.934 5.0000000000
25011  50.889  33.119  -4.158 5.0000000000
25012  45.649  30.233  0.248 6.0000000000
25013  46.746  30.961  -1.008 7.0000000000
25014  45.017  30.930  -0.402 6.0000000000
25015  44.409  31.519  -1.050 6.0000000000
25016  43.848  31.964  -1.827 6.0000000000
25017  43.343  32.280  -2.645 6.0000000000
25018  42.202  31.941  -1.059 6.0000000000
25019  40.526  31.876  -0.036 5.0000000000
25020  38.890  31.711  1.018 5.0000000000
25021  37.370  31.482  2.072 5.0000000000
25766  53.173  28.168  7.634 5.0000000000
29210  52.106  31.403  -0.896 6.0000000000
29211  51.637  31.718  -1.726 5.0000000000
29212  51.348  30.392  -1.070 5.0000000000
29213  49.913  29.766  -0.769 6.0000000000
29214  48.076  29.605  -0.105 7.0000000000
29215  48.454  28.649  1.573 6.0000000000
29216  47.258  28.983  1.152 6.0000000000
29217  46.318  29.597  0.703 6.0000000000
29221  40.319  29.262  3.583 5.0000000000
33283  51.230  31.994  -2.523 6.0000000000
33284  50.664  32.220  -3.265 6.0000000000
33285  50.084  32.227  -4.040 7.0000000000
33286  47.724  31.487  -2.244 7.0000000000
33287  48.698  31.857  -3.529 7.0000000000
33288  49.526  32.177  -4.811 6.0000000000
33295  42.923  32.305  -3.549 7.0000000000
33296  42.484  32.068  -4.199 5.0000000000
34864  52.100  28.861  7.953 6.0000000000
34865  52.667  27.900  8.687 5.0000000000
35007  51.401  33.370  0.167 5.0000000000
35008  52.011  32.430  -0.428 5.0000000000
35009  52.297  31.158  -0.034 5.0000000000
35010  52.339  30.066  0.599 6.0000000000
35011  52.196  29.110  1.244 6.0000000000
35013  52.590  28.884  2.161 5.0000000000
42054  51.544  33.679  -1.949 5.0000000000
42055  51.749  32.985  -1.792 5.0000000000
42056  41.687  30.172  2.078 5.0000000000
42057  42.128  30.593  1.426 6.0000000000
42058  41.343  30.549  1.868 5.0000000000
42059  41.047  30.908  1.629 6.0000000000
42060  40.525  30.497  2.344 5.0000000000
42061  39.882  30.425  2.753 5.0000000000
42062  40.237  30.116  2.903 5.0000000000
44453  51.567  28.853  0.865 5.0000000000
44454  51.097  28.934  0.537 5.0000000000
44455  50.796  28.591  1.026 5.0000000000
44457  45.426  27.859  3.183 5.0000000000
47441  50.706  33.435  -5.107 5.0000000000
47446  48.315  30.204  -0.853 7.0000000000
47447  48.844  30.640  -1.403 7.0000000000
47448  47.999  30.600  -1.090 7.0000000000
47449  45.115  32.120  -2.823 6.0000000000
47450  45.952  32.116  -3.145 6.0000000000
47451  45.670  32.215  -3.519 6.0000000000
47452  46.266  32.253  -4.222 5.0000000000
47453  45.475  32.341  -3.967 6.0000000000
47454  45.302  32.402  -4.464 6.0000000000
47455  44.719  32.402  -3.743 6.0000000000
47456  39.125  31.941  -0.082 5.0000000000
47457  39.652  31.990  -0.926 5.0000000000
47458  38.795  31.906  -0.342 5.0000000000
47459  38.522  31.844  -0.659 5.0000000000
47460  37.922  31.817  0.222 5.0000000000
47461  37.127  31.673  0.724 5.0000000000
47462  37.450  31.706  0.973 5.0000000000
48825  52.038  31.840  2.014 5.0000000000
48826  52.296  31.356  1.675 5.0000000000
48827  52.310  31.217  2.142 5.0000000000
57041  51.328  33.850  -2.961 5.0000000000
57043  51.242  33.748  -3.459 6.0000000000
57044  51.034  33.690  -3.988 5.0000000000
57045  51.098  33.181  -3.657 6.0000000000
57046  44.855  30.243  0.572 6.0000000000
57047  45.384  30.588  -0.062 6.0000000000
57048  44.534  30.616  0.254 6.0000000000
57049  43.135  31.291  0.021 6.0000000000
57050  43.942  31.288  -0.373 6.0000000000
57051  43.622  31.555  -0.712 6.0000000000
57052  44.118  31.765  -1.422 6.0000000000
57053  43.324  31.768  -1.090 6.0000000000
57054  43.017  31.947  -1.472 6.0000000000
57055  42.521  31.758  -0.712 6.0000000000
57056  40.386  31.468  1.073 5.0000000000
57057  40.850  31.723  0.264 5.0000000000
57058  40.025  31.671  0.785 5.0000000000
57059  39.687  31.814  0.505 5.0000000000
57060  39.193  31.559  1.359 5.0000000000
57062  38.834  31.267  2.045 5.0000000000
57063  38.551  30.215  3.518 5.0000000000
58300  52.806  28.987  6.498 5.0000000000
58301  53.168  28.628  6.334 5.0000000000
58302  53.068  28.597  6.801 5.0000000000
58304  52.937  28.562  7.313 5.0000000000
64238  52.011  30.835  -0.611 6.0000000000
64239  51.757  30.891  -1.039 5.0000000000
64240  51.632  30.329  -0.691 5.0000000000
64241  50.017  29.208  0.081 6.0000000000
64242  50.364  29.569  -0.488 6.0000000000
64243  49.454  29.386  -0.187 6.0000000000
64244  49.037  29.672  -0.468 7.0000000000
64245  48.485  29.297  0.133 7.0000000000
64246  48.867  28.274  2.248 6.0000000000
64247  49.099  28.513  1.691 6.0000000000
64248  48.133  28.408  2.121 6.0000000000
64249  45.978  28.569  2.145 6.0000000000
64250  46.904  28.686  1.814 6.0000000000
64251  46.330  28.936  1.555 6.0000000000
64252  46.740  29.301  0.915 6.0000000000
64253  45.864  29.224  1.301 6.0000000000
64254  45.445  29.527  1.100 6.0000000000
64255  45.050  29.139  1.630 5.0000000000
73216  51.337  31.193  -1.783 6.0000000000
73217  51.447  31.853  -2.143 7.0000000000
73218  51.065  31.393  -2.116 7.0000000000
73219  49.732  31.513  -2.588 7.0000000000
73220  50.405  31.775  -2.775 7.0000000000
73221  50.064  31.877  -3.089 7.0000000000
73222  50.417  32.251  -3.638 7.0000000000
73223  49.742  31.987  -3.463 7.0000000000
73224  46.355  31.228  -1.338 5.0000000000
73225  47.227  31.234  -1.616 7.0000000000
73226  46.866  31.464  -1.983 6.0000000000
73227  47.573  31.950  -3.739 8.0000000000
73228  47.896  31.794  -3.331 7.0000000000
73229  48.377  31.960  -3.949 7.0000000000
73230  49.100  32.054  -4.154 7.0000000000
73231  48.844  32.098  -4.586 7.0000000000
73232  49.346  32.190  -5.285 5.0000000000
73233  48.640  32.114  -5.017 6.0000000000
73241  44.987  32.333  -5.468 5.0000000000
73243  44.855  32.181  -5.920 5.0000000000
73246  42.506  32.242  -2.250 6.0000000000
73247  43.129  32.323  -3.111 6.0000000000
73248  42.264  32.272  -2.654 6.0000000000
73249  40.926  31.972  -2.709 5.0000000000
73250  41.797  32.091  -3.341 5.0000000000
73251  41.589  31.928  -3.601 5.0000000000
73252  42.273  31.871  -4.460 5.0000000000
73253  41.368  31.726  -3.825 5.0000000000
73268  37.005  31.196  2.724 5.0000000000
73269  36.662  31.303  2.490 5.0000000000
73270  36.291  31.011  3.179 5.0000000000
76998  51.167  28.945  8.698 6.0000000000
76999  51.489  29.130  8.145 6.0000000000
77000  51.795  28.699  8.504 6.0000000000
77001  52.373  28.392  8.312 6.0000000000
77002  52.067  28.169  8.877 6.0000000000
77344  50.078  33.907  2.386 5.0000000000
77350  50.180  33.938  1.262 5.0000000000
77352  51.413  33.212  0.733 5.0000000000
77355  52.054  32.274  0.060 5.0000000000
77356  52.215  31.742  -0.271 5.0000000000
77357  52.259  31.646  0.231 5.0000000000
77358  52.490  30.410  1.151 5.0000000000
77359  52.401  30.525  0.683 5.0000000000
77360  52.455  29.980  0.990 6.0000000000
77361  52.294  29.572  0.921 6.0000000000
77362  52.445  29.504  1.345 6.0000000000
77364  52.776  29.972  2.525 5.0000000000
77369  52.319  28.512  2.110 5.0000000000
94127  51.009  34.788  -1.819 5.0000000000
94128  50.945  34.964  -2.346 5.0000000000
94130  51.449  33.814  -2.448 5.0000000000
94131  51.487  33.217  -2.730 6.0000000000
94132  43.252  30.207  1.247 5.0000000000
94133  43.736  30.622  0.589 6.0000000000
94134  42.936  30.638  0.973 6.0000000000
94135  42.633  30.967  0.745 6.0000000000
94136  42.334  31.292  0.454 6.0000000000
94137  42.014  31.543  0.099 6.0000000000
94138  41.535  31.263  0.882 6.0000000000
94139  40.772  31.208  1.375 6.0000000000
94140  39.914  31.139  1.859 5.0000000000
94141  39.197  31.062  2.258 5.0000000000
94142  39.534  30.755  2.535 5.0000000000
94143  39.230  30.336  3.133 5.0000000000
94144  38.927  29.904  3.715 5.0000000000
94886  52.357  29.378  6.654 5.0000000000
98447  51.847  29.785  0.063 6.0000000000
98448  51.458  29.803  -0.274 5.0000000000
98449  51.353  29.366  0.146 5.0000000000
98450  50.582  29.072  0.312 6.0000000000
98451  49.652  28.937  0.645 6.0000000000
98452  46.905  27.988  3.063 5.0000000000
98453  47.184  28.276  2.534 5.0000000000
98454  46.288  28.094  2.884 5.0000000000
98455  45.686  28.211  2.677 6.0000000000
98456  45.081  28.424  2.433 5.0000000000
98457  44.647  28.715  2.186 5.0000000000
98458  44.325  28.287  2.742 5.0000000000
103834  50.049  30.476  -1.472 7.0000000000
103835  50.468  31.021  -1.965 7.0000000000
103836  49.710  30.769  -1.715 7.0000000000
103837  49.273  31.147  -1.983 7.0000000000
103838  48.895  31.324  -2.243 7.0000000000
103839  45.655  31.703  -2.008 6.0000000000
103840  46.522  31.657  -2.336 7.0000000000
103841  46.239  31.874  -2.719 6.0000000000
103842  46.761  32.001  -3.430 6.0000000000
103843  47.276  32.088  -4.107 6.0000000000
103844  47.830  32.133  -4.743 6.0000000000
103845  47.032  32.185  -4.458 5.0000000000
103846  46.867  32.275  -4.927 5.0000000000
103847  46.696  32.334  -5.410 5.0000000000
103848  46.589  32.358  -5.943 5.0000000000
103849  45.915  32.341  -5.187 5.0000000000
103850  45.123  32.358  -4.985 6.0000000000
103851  44.288  32.350  -4.725 6.0000000000
103852  40.767  32.090  -1.158 5.0000000000
103853  41.389  32.158  -2.089 6.0000000000
103854  40.521  32.080  -1.524 6.0000000000
103855  40.277  31.997  -1.817 6.0000000000
103856  40.024  31.882  -2.059 5.0000000000
103857  39.786  31.724  -2.313 5.0000000000
103858  39.138  31.803  -1.485 5.0000000000
103859  38.252  31.724  -0.926 5.0000000000
103863  36.324  31.553  1.245 5.0000000000
106312  50.712  33.407  2.649 5.0000000000
106313  50.747  33.459  2.045 5.0000000000
106314  50.804  33.521  1.464 5.0000000000
106317  52.132  32.030  1.008 5.0000000000
106318  52.312  31.543  0.695 5.0000000000
106319  52.305  31.469  1.191 5.0000000000
106320  52.457  30.878  1.407 5.0000000000
106321  52.620  30.249  1.598 5.0000000000
115610  51.050  28.177  1.851 5.0000000000
115611  50.501  28.322  1.583 5.0000000000
115612  50.233  28.051  2.095 5.0000000000
115613  49.417  28.014  2.422 6.0000000000
115614  48.541  27.980  2.816 5.0000000000
115616  48.177  27.608  3.264 5.0000000000
115617  47.543  27.858  3.191 5.0000000000
119798  50.839  33.573  -4.521 5.0000000000
119799  50.662  32.981  -4.653 5.0000000000
119800  46.515  30.282  -0.152 6.0000000000
119801  47.085  30.633  -0.761 7.0000000000
119802  46.211  30.615  -0.389 6.0000000000
119803  45.876  30.916  -0.699 6.0000000000
119804  45.521  31.259  -1.026 6.0000000000
119805  44.210  30.965  -0.076 6.0000000000
119806  44.698  31.263  -0.724 6.0000000000
119807  45.205  31.529  -1.356 6.0000000000
119808  44.876  31.726  -1.717 6.0000000000
119809  44.615  31.940  -2.124 6.0000000000
119810  44.379  32.143  -2.550 6.0000000000
119811  44.161  32.315  -3.002 6.0000000000
119812  43.610  32.155  -2.238 6.0000000000
119813  42.753  32.115  -1.846 6.0000000000
119814  41.923  32.075  -1.402 5.0000000000
119815  41.684  31.758  -0.242 6.0000000000
119816  41.364  31.926  -0.557 5.0000000000
119817  41.077  32.033  -0.878 5.0000000000
119818  40.221  31.979  -0.337 5.0000000000
119819  39.419  31.891  0.194 6.0000000000
119820  38.551  31.798  0.762 5.0000000000
119821  37.788  31.695  1.277 5.0000000000
119822  38.163  31.612  1.497 5.0000000000
119825  38.470  30.927  2.674 5.0000000000
121562  53.401  27.754  8.013 5.0000000000
121732  52.285  31.087  2.648 5.0000000000
129752  51.948  32.167  -1.084 5.0000000000
129753  51.815  32.304  -1.548 5.0000000000
129754  51.819  31.560  -1.318 5.0000000000
129755  51.543  31.004  -1.434 5.0000000000
129756  51.084  30.542  -1.395 6.0000000000
129757  51.087  29.886  -0.623 5.0000000000
129758  50.734  29.986  -0.968 6.0000000000
129759  50.367  30.175  -1.268 6.0000000000
129760  49.558  30.032  -0.980 7.0000000000
129761  48.668  29.951  -0.675 7.0000000000
129762  47.704  29.877  -0.296 7.0000000000
129763  49.941  28.513  1.342 6.0000000000
129764  49.346  28.718  1.172 6.0000000000
129765  48.751  28.856  1.042 7.0000000000
129766  47.510  28.534  1.987 6.0000000000
129767  47.838  28.776  1.406 7.0000000000
129768  48.158  29.025  0.782 7.0000000000
129769  47.606  29.280  0.514 7.0000000000
129770  47.127  29.592  0.317 6.0000000000
129771  46.825  29.944  0.080 6.0000000000
129772  45.962  29.913  0.483 6.0000000000
129773  45.117  29.843  0.864 6.0000000000
129777  43.556  29.787  1.508 5.0000000000
129778  42.759  29.764  1.873 5.0000000000
129779  42.034  29.793  2.230 5.0000000000
129780  41.248  29.745  2.691 5.0000000000
129781  40.597  29.717  3.070 5.0000000000
141007  51.666  32.414  -2.011 5.0000000000
141008  51.525  32.499  -2.499 6.0000000000
141009  51.312  32.613  -2.894 6.0000000000
141010  50.747  31.598  -2.436 6.0000000000
141011  50.957  32.140  -2.903 6.0000000000
141012  51.063  32.664  -3.295 6.0000000000
141013  50.843  32.670  -3.733 6.0000000000
141014  50.617  32.607  -4.165 6.0000000000
141015  50.372  32.511  -4.631 6.0000000000
141016  47.615  30.952  -1.335 7.0000000000
141017  48.051  31.251  -1.907 7.0000000000
141018  48.568  31.532  -2.546 7.0000000000
141019  47.345  31.630  -2.651 7.0000000000
141020  48.230  31.700  -2.882 7.0000000000
141021  49.018  31.792  -3.184 7.0000000000
141022  49.408  32.010  -3.802 7.0000000000
141023  49.786  32.210  -4.426 7.0000000000
141024  50.143  32.445  -5.044 6.0000000000
141025  49.935  32.442  -5.436 5.0000000000
141028  48.461  32.140  -5.395 5.0000000000
141043  43.929  32.361  -3.472 6.0000000000
141044  43.712  32.349  -3.941 6.0000000000
141045  43.500  32.295  -4.373 6.0000000000
141046  42.033  32.205  -3.023 6.0000000000
141047  42.690  32.218  -3.909 5.0000000000
141048  43.371  32.182  -4.752 5.0000000000
141071  37.045  31.534  1.747 5.0000000000
141072  36.285  31.379  2.244 5.0000000000
141089  39.953  29.668  3.450 5.0000000000
141090  39.310  29.559  3.859 5.0000000000
145613  52.092  29.261  7.165 5.0000000000
145614  51.169  29.508  7.812 5.0000000000
145615  51.806  29.187  7.650 6.0000000000
145616  52.386  28.897  7.466 6.0000000000
145617  52.659  28.535  7.769 6.0000000000
145618  52.910  28.074  8.135 5.0000000000
145619  53.211  27.638  8.562 5.0000000000
145625  51.730  27.931  9.454 5.0000000000
145626  52.369  27.681  9.251 5.0000000000
145627  52.979  27.403  9.080 5.0000000000
146039  50.838  33.597  0.968 5.0000000000
146040  50.959  33.729  0.430 5.0000000000
146045  52.093  31.930  -0.688 5.0000000000
146046  52.176  31.278  -0.467 6.0000000000
146047  52.165  30.711  -0.182 6.0000000000
146048  52.383  31.058  0.436 5.0000000000
146049  52.337  30.600  0.273 6.0000000000
146050  52.147  30.160  0.152 6.0000000000
146051  52.106  29.678  0.528 6.0000000000
146052  51.977  29.210  0.869 6.0000000000
146053  51.806  28.760  1.260 6.0000000000
146054  52.569  30.583  2.309 5.0000000000
146059  52.596  29.371  1.801 6.0000000000
146060  52.410  29.020  1.720 6.0000000000
146061  52.087  28.607  1.655 6.0000000000
146062  51.609  28.341  1.725 5.0000000000
146063  51.383  27.966  2.242 5.0000000000
258  51.835  32.833  -1.332 0.0000000000
1854  53.654  27.328  8.435 0.0000000000
3661  36.654  30.848  3.407 0.0000000000
3662  38.224  29.801  4.130 0.0000000000
11333  51.369  34.146  -1.634 0.0000000000
11334  51.197  34.424  -2.688 0.0000000000
11753  52.923  29.058  5.981 0.0000000000
11754  52.067  29.785  6.353 0.0000000000
13736  46.022  27.808  3.355 0.0000000000
13739  43.881  28.606  2.528 0.0000000000
16721  50.662  34.049  -4.832 0.0000000000
16725  50.209  32.828  -5.988 0.0000000000
16739  38.882  31.632  -1.726 0.0000000000
16741  36.014  31.474  0.978 0.0000000000
17986  50.854  29.387  8.343 0.0000000000
18103  51.285  32.922  2.277 0.0000000000
23219  47.227  27.543  3.632 0.0000000000
25010  50.981  34.320  -3.743 0.0000000000
25022  38.122  31.150  2.467 0.0000000000
25765  53.403  28.245  6.580 0.0000000000
25840  52.569  30.482  2.793 0.0000000000
29218  44.678  29.462  1.421 0.0000000000
29219  43.106  29.359  2.105 0.0000000000
29220  41.591  29.339  2.829 0.0000000000
33289  49.196  32.213  -5.671 0.0000000000
33293  45.556  32.028  -6.658 0.0000000000
33297  42.041  31.605  -4.658 0.0000000000
33305  35.934  31.107  2.959 0.0000000000
33311  39.000  29.071  4.423 0.0000000000
34863  51.487  29.588  7.358 0.0000000000
34867  52.015  27.474  9.838 0.0000000000
34868  53.145  27.020  9.534 0.0000000000
35006  50.249  34.041  0.720 0.0000000000
35012  52.802  29.556  2.361 0.0000000000
35014  51.899  28.169  2.130 0.0000000000
42053  51.655  33.487  -1.516 0.0000000000
44456  45.182  27.618  3.637 0.0000000000
44458  44.611  27.705  3.520 0.0000000000
44459  44.085  27.887  3.294 0.0000000000
47442  50.562  33.921  -5.381 0.0000000000
47443  50.533  33.348  -5.553 0.0000000000
47445  50.369  32.830  -5.591 0.0000000000
48700  53.783  27.414  7.881 0.0000000000
48821  51.560  32.195  2.886 0.0000000000
48822  51.188  32.836  2.799 0.0000000000
48823  51.649  32.358  2.417 0.0000000000
48824  51.737  32.422  1.869 0.0000000000
54053  50.544  27.429  2.843 0.0000000000
54054  49.989  27.742  2.620 0.0000000000
54055  49.630  27.376  3.099 0.0000000000
54057  47.770  27.306  3.697 0.0000000000
57038  50.034  36.236  -2.080 0.0000000000
57040  50.532  35.634  -2.499 0.0000000000
57042  51.104  34.424  -3.211 0.0000000000
57061  38.516  31.487  1.768 0.0000000000
57064  38.154  30.517  3.354 0.0000000000
57065  37.832  30.102  3.967 0.0000000000
58303  53.327  28.216  7.125 0.0000000000
64259  42.352  29.366  2.442 0.0000000000
73234  47.439  32.299  -5.592 0.0000000000
73235  48.262  32.229  -5.804 0.0000000000
73236  48.119  32.253  -6.291 0.0000000000
73238  48.020  32.229  -6.809 0.0000000000
73240  47.287  32.257  -6.654 0.0000000000
73242  45.657  32.224  -6.201 0.0000000000
73244  44.763  31.973  -6.361 0.0000000000
73245  44.036  32.103  -5.576 0.0000000000
73254  41.117  31.462  -3.943 0.0000000000
73255  40.451  31.613  -3.155 0.0000000000
73256  37.964  31.537  -1.137 0.0000000000
73263  35.543  31.373  1.743 0.0000000000
73283  40.035  28.798  4.119 0.0000000000
73284  39.659  29.191  3.997 0.0000000000
76997  50.848  29.899  7.536 0.0000000000
77009  52.613  27.242  9.684 0.0000000000
77345  49.374  34.251  2.734 0.0000000000
77346  49.414  34.223  2.136 0.0000000000
77348  49.470  34.206  1.554 0.0000000000
77349  49.522  34.271  0.986 0.0000000000
77351  51.857  32.605  0.866 0.0000000000
77353  51.799  32.762  0.393 0.0000000000
77354  51.786  32.936  -0.110 0.0000000000
77363  52.809  29.912  2.957 0.0000000000
77365  52.859  29.447  2.798 0.0000000000
77367  52.719  28.702  2.579 0.0000000000
77368  52.475  28.336  2.516 0.0000000000
77370  52.135  28.004  2.506 0.0000000000
77371  51.680  27.756  2.584 0.0000000000
94129  51.280  34.319  -2.154 0.0000000000
94885  52.558  29.405  6.127 0.0000000000
98459  43.541  28.175  3.050 0.0000000000
103860  37.314  31.600  -0.292 0.0000000000
103862  36.793  31.598  0.491 0.0000000000
103864  35.881  31.398  2.029 0.0000000000
103866  35.936  30.630  3.880 0.0000000000
106102  50.489  29.801  8.039 0.0000000000
106104  50.488  29.167  8.912 0.0000000000
106105  50.811  28.672  9.259 0.0000000000
106310  49.990  33.783  3.602 0.0000000000
106311  50.661  33.330  3.193 0.0000000000
106315  51.347  32.979  1.683 0.0000000000
106316  51.814  32.503  1.346 0.0000000000
115615  48.719  27.322  3.381 0.0000000000
115618  46.634  27.711  3.511 0.0000000000
119794  50.901  35.015  -2.892 0.0000000000
119797  50.825  34.199  -4.281 0.0000000000
119823  37.780  31.356  2.223 0.0000000000
119824  37.393  31.024  2.944 0.0000000000
119826  37.761  30.787  3.146 0.0000000000
121557  53.218  28.707  5.810 0.0000000000
121558  53.424  28.243  6.099 0.0000000000
121561  53.565  27.829  7.457 0.0000000000
121731  51.916  31.519  2.971 0.0000000000
121733  52.306  30.903  3.114 0.0000000000
129774  44.346  29.839  1.158 0.0000000000
129775  44.302  29.067  1.951 0.0000000000
129776  43.912  29.402  1.753 0.0000000000
129782  40.955  29.306  3.210 0.0000000000
129783  40.680  28.858  3.733 0.0000000000
141026  49.826  32.450  -5.875 0.0000000000
141029  49.052  32.217  -6.079 0.0000000000
141037  46.485  32.297  -6.463 0.0000000000
141049  43.159  31.978  -5.029 0.0000000000
141050  42.941  31.725  -5.278 0.0000000000
141055  39.533  31.507  -2.525 0.0000000000
141073  35.483  31.164  2.791 0.0000000000
141074  35.580  30.766  3.654 0.0000000000
141091  38.644  29.436  4.281 0.0000000000
145612  51.785  29.707  6.864 0.0000000000
145622  51.080  28.140  9.599 0.0000000000
145624  51.372  27.662  10.016 0.0000000000
145628  53.467  27.196  8.957 0.0000000000
146011  49.978  35.903  -1.654 0.0000000000
146014  50.545  35.257  -1.510 0.0000000000
146015  50.997  34.632  -1.362 0.0000000000
146030  49.319  34.327  3.351 0.0000000000
146038  50.324  34.227  0.194 0.0000000000
146041  50.907  33.959  -0.062 0.0000000000
146042  51.383  33.578  -0.354 0.0000000000
146043  51.725  33.092  -0.611 0.0000000000
146044  51.902  32.636  -0.863 0.0000000000
146055  52.689  30.112  2.074 0.0000000000
146056  52.701  29.699  1.912 0.0000000000
146058  52.736  29.211  2.243 0.0000000000
146064  51.156  27.587  2.694 0.0000000000
740  44.302  27.447  4.030 0.0000000000
2658  50.094  27.030  3.323 0.0000000000
4114  49.886  33.606  4.092 0.0000000000
4116  52.950  29.461  3.241 0.0000000000
5941  39.811  28.319  4.678 0.0000000000
6188  50.148  30.165  7.795 0.0000000000
7620  37.019  31.457  -0.542 0.0000000000
7622  35.093  31.176  2.535 0.0000000000
8233  50.334  34.521  -0.213 0.0000000000
8238  52.334  27.819  2.890 0.0000000000
10339  48.234  27.022  3.811 0.0000000000
13740  43.208  27.772  3.631 0.0000000000
16723  50.412  33.845  -5.854 0.0000000000
16744  35.234  30.371  4.346 0.0000000000
17980  53.830  27.466  7.316 0.0000000000
17987  50.148  28.901  9.460 0.0000000000
18101  51.127  32.712  3.293 0.0000000000
18109  52.797  28.504  2.950 0.0000000000
25007  49.347  36.810  -2.220 0.0000000000
25009  50.465  35.630  -3.061 0.0000000000
25023  37.439  30.391  3.809 0.0000000000
25764  53.413  28.285  5.599 0.0000000000
25839  51.942  31.297  3.416 0.0000000000
29222  41.058  28.434  3.909 0.0000000000
33290  48.886  32.301  -6.495 0.0000000000
33291  48.635  32.238  -7.494 0.0000000000
33292  47.205  32.202  -7.214 0.0000000000
33294  43.848  31.851  -5.844 0.0000000000
33298  40.225  31.371  -3.322 0.0000000000
34866  50.714  27.868  10.163 0.0000000000
34997  49.279  36.261  -1.396 0.0000000000
34998  50.565  35.041  -1.068 0.0000000000
34999  51.366  33.764  -0.785 0.0000000000
35003  48.599  34.682  3.687 0.0000000000
35004  48.720  34.542  2.465 0.0000000000
35005  48.823  34.486  1.298 0.0000000000
35015  51.422  27.336  3.011 0.0000000000
42473  52.263  29.812  5.836 0.0000000000
42474  51.759  30.157  6.053 0.0000000000
44460  43.731  27.550  3.881 0.0000000000
47444  50.407  33.310  -5.994 0.0000000000
48701  54.031  27.062  7.723 0.0000000000
48702  53.995  26.962  8.298 0.0000000000
48704  53.888  26.887  8.810 0.0000000000
48706  49.768  29.392  9.129 0.0000000000
54056  47.333  26.987  4.136 0.0000000000
54058  46.832  27.208  3.998 0.0000000000
54059  46.302  27.405  3.904 0.0000000000
57039  50.024  36.316  -2.657 0.0000000000
57066  37.134  29.966  4.405 0.0000000000
57067  37.531  29.663  4.565 0.0000000000
58299  53.233  28.739  5.263 0.0000000000
58426  52.327  30.696  3.518 0.0000000000
64256  43.115  28.549  2.864 0.0000000000
64257  43.510  28.988  2.325 0.0000000000
64258  42.732  28.965  2.662 0.0000000000
64260  41.960  28.917  3.036 0.0000000000
64261  41.319  28.898  3.365 0.0000000000
73237  48.718  32.275  -6.944 0.0000000000
73239  47.951  32.210  -7.382 0.0000000000
73257  38.621  31.409  -1.935 0.0000000000
73258  37.657  31.313  -1.327 0.0000000000
73264  35.230  31.306  1.485 0.0000000000
73265  34.773  31.142  2.252 0.0000000000
73272  34.844  30.505  4.126 0.0000000000
73285  39.363  28.709  4.547 0.0000000000
76995  50.524  30.216  7.343 0.0000000000
76996  51.176  29.973  7.073 0.0000000000
77007  51.669  27.209  10.465 0.0000000000
77008  52.280  27.021  10.312 0.0000000000
77010  52.846  26.824  10.165 0.0000000000
77011  53.363  26.648  9.998 0.0000000000
77331  50.957  34.454  -0.931 0.0000000000
77332  50.904  34.226  -0.477 0.0000000000
77343  49.262  34.224  3.951 0.0000000000
77347  48.764  34.480  1.862 0.0000000000
77366  52.655  28.141  2.918 0.0000000000
77372  51.933  27.540  2.919 0.0000000000
92337  49.176  27.028  3.532 0.0000000000
94883  52.985  29.178  5.476 0.0000000000
94884  52.673  29.493  5.637 0.0000000000
98460  42.732  28.083  3.406 0.0000000000
103825  50.507  34.697  -4.538 0.0000000000
103827  50.340  34.506  -5.110 0.0000000000
103828  50.215  34.373  -5.590 0.0000000000
103832  50.276  33.282  -6.442 0.0000000000
103833  50.099  32.876  -6.417 0.0000000000
103861  36.516  31.503  0.213 0.0000000000
103865  36.330  30.458  4.076 0.0000000000
103867  35.637  30.217  4.530 0.0000000000
106101  49.787  30.084  8.268 0.0000000000
106103  50.156  29.637  8.574 0.0000000000
106303  49.628  34.758  0.025 0.0000000000
106309  50.526  33.161  3.674 0.0000000000
106323  52.890  28.922  3.054 0.0000000000
115619  45.747  27.547  3.785 0.0000000000
115620  44.896  27.401  4.077 0.0000000000
119795  50.839  34.958  -3.449 0.0000000000
119796  50.652  34.851  -3.978 0.0000000000
119827  37.045  30.660  3.611 0.0000000000
121556  53.576  27.816  5.917 0.0000000000
121559  53.604  27.817  6.392 0.0000000000
121560  53.623  27.860  6.931 0.0000000000
121730  51.447  31.982  3.312 0.0000000000
121734  52.599  30.312  3.199 0.0000000000
121735  52.814  29.844  3.398 0.0000000000
129784  40.408  28.383  4.291 0.0000000000
141027  49.677  32.440  -6.283 0.0000000000
141030  49.548  32.437  -6.693 0.0000000000
141038  46.381  32.110  -6.920 0.0000000000
141039  46.298  31.902  -7.377 0.0000000000
141040  45.500  31.832  -7.128 0.0000000000
141041  44.588  31.728  -6.647 0.0000000000
141042  43.661  31.582  -6.083 0.0000000000
141051  42.729  31.454  -5.461 0.0000000000
141052  41.773  31.314  -4.747 0.0000000000
141053  40.902  31.218  -4.143 0.0000000000
141056  39.308  31.262  -2.720 0.0000000000
141065  35.747  31.376  0.717 0.0000000000
141075  35.143  30.874  3.494 0.0000000000
141076  34.752  30.913  3.247 0.0000000000
141092  38.732  28.605  4.982 0.0000000000
141093  38.342  28.929  4.858 0.0000000000
141094  37.951  29.330  4.703 0.0000000000
145611  51.492  30.069  6.571 0.0000000000
145621  50.439  28.383  9.787 0.0000000000
145623  51.029  27.339  10.603 0.0000000000
145629  53.656  26.781  9.376 0.0000000000
146010  49.336  36.641  -1.796 0.0000000000
146013  49.947  35.597  -1.244 0.0000000000
146016  51.352  33.986  -1.216 0.0000000000
146017  51.689  33.276  -1.079 0.0000000000
146031  48.663  34.628  3.081 0.0000000000
146036  48.857  34.659  0.753 0.0000000000
146037  49.583  34.442  0.460 0.0000000000
146057  52.812  29.060  2.673 0.0000000000
146065  50.806  27.161  3.151 0.0000000000
382  51.448  30.489  5.731 0.0000000000
1136  43.476  31.310  -6.276 0.0000000000
2660  46.387  26.841  4.425 0.0000000000
3654  50.189  35.314  -4.189 0.0000000000
4072  53.060  29.168  4.935 0.0000000000
4073  53.694  27.423  6.204 0.0000000000
5940  42.332  28.492  3.228 0.0000000000
6652  47.082  31.864  -8.227 0.0000000000
7614  50.007  32.801  -6.826 0.0000000000
8188  52.560  26.616  10.807 0.0000000000
11752  52.444  29.886  5.335 0.0000000000
14926  45.360  31.626  -7.404 0.0000000000
16722  49.857  34.884  -5.362 0.0000000000
16724  50.109  33.774  -6.752 0.0000000000
16743  36.051  30.009  4.708 0.0000000000
16749  38.530  28.162  5.538 0.0000000000
17982  54.219  26.592  8.130 0.0000000000
17984  54.030  26.480  9.240 0.0000000000
17985  49.453  29.875  8.838 0.0000000000
17989  51.350  26.956  11.058 0.0000000000
18097  48.899  34.950  0.311 0.0000000000
23220  45.429  27.271  4.201 0.0000000000
23932  41.592  31.073  -5.006 0.0000000000
25024  36.849  29.499  5.021 0.0000000000
25841  52.589  30.183  3.618 0.0000000000
29798  50.879  30.310  6.793 0.0000000000
33299  38.390  31.155  -2.147 0.0000000000
33302  35.463  31.222  0.470 0.0000000000
33303  34.462  31.088  1.989 0.0000000000
33306  34.448  30.590  3.924 0.0000000000
33312  37.674  28.833  5.302 0.0000000000
34869  53.561  26.258  10.483 0.0000000000
42472  51.970  30.197  5.535 0.0000000000
44461  43.058  27.443  4.160 0.0000000000
44462  43.617  27.325  4.334 0.0000000000
45646  44.447  31.477  -6.888 0.0000000000
47464  35.373  29.782  5.157 0.0000000000
48703  54.168  26.520  8.688 0.0000000000
48705  49.170  29.635  9.332 0.0000000000
48707  49.506  29.124  9.621 0.0000000000
48817  48.192  35.103  0.542 0.0000000000
54060  45.939  27.070  4.320 0.0000000000
55246  40.693  30.974  -4.372 0.0000000000
58297  53.202  28.785  4.763 0.0000000000
58298  53.365  28.336  5.091 0.0000000000
58424  51.422  31.762  3.693 0.0000000000
58425  51.915  31.070  3.762 0.0000000000
58427  52.293  30.547  3.830 0.0000000000
64262  41.693  28.466  3.556 0.0000000000
73204  49.659  34.804  -5.780 0.0000000000
73211  50.120  33.265  -6.820 0.0000000000
73215  49.792  32.754  -7.197 0.0000000000
73259  37.475  31.115  -1.583 0.0000000000
73260  36.783  31.256  -0.781 0.0000000000
73262  36.253  31.348  -0.048 0.0000000000
73266  34.021  30.915  2.729 0.0000000000
73267  34.376  30.914  2.988 0.0000000000
73271  34.554  30.092  4.779 0.0000000000
73273  34.158  30.209  4.568 0.0000000000
73287  38.087  28.494  5.404 0.0000000000
76980  53.618  27.444  5.744 0.0000000000
77004  50.048  28.110  10.341 0.0000000000
77005  50.381  27.563  10.758 0.0000000000
77006  51.970  26.794  10.932 0.0000000000
77012  53.119  26.436  10.653 0.0000000000
77326  48.552  36.881  -1.526 0.0000000000
77327  48.526  36.475  -1.199 0.0000000000
77328  49.745  35.023  -0.369 0.0000000000
77329  49.865  35.303  -0.810 0.0000000000
77330  50.427  34.771  -0.626 0.0000000000
77341  49.196  34.024  4.503 0.0000000000
77342  48.514  34.644  4.263 0.0000000000
92336  49.608  26.737  3.718 0.0000000000
92338  48.685  26.719  3.957 0.0000000000
92339  47.782  26.693  4.255 0.0000000000
92340  46.903  26.588  4.591 0.0000000000
94882  52.799  29.561  5.134 0.0000000000
98461  42.084  28.041  3.729 0.0000000000
98462  42.520  27.652  3.934 0.0000000000
100594  46.260  31.747  -7.935 0.0000000000
103826  49.997  35.066  -4.806 0.0000000000
103829  50.084  34.315  -6.105 0.0000000000
103831  50.237  33.804  -6.312 0.0000000000
103868  34.956  29.967  4.991 0.0000000000
103874  39.614  27.830  5.279 0.0000000000
103875  39.172  28.243  5.108 0.0000000000
106092  53.767  27.414  6.724 0.0000000000
106094  53.969  27.080  7.172 0.0000000000
106095  54.149  26.660  7.579 0.0000000000
106107  50.721  27.139  11.200 0.0000000000
106302  48.938  35.264  -0.144 0.0000000000
106322  52.996  28.879  3.420 0.0000000000
106324  52.903  28.394  3.305 0.0000000000
106325  52.756  28.016  3.281 0.0000000000
106326  52.582  27.628  3.268 0.0000000000
106327  52.142  27.338  3.275 0.0000000000
115621  44.173  27.255  4.423 0.0000000000
115622  44.743  27.139  4.487 0.0000000000
117280  42.524  31.208  -5.632 0.0000000000
119789  48.501  37.193  -2.371 0.0000000000
119791  49.243  36.749  -2.783 0.0000000000
119792  49.876  36.182  -3.212 0.0000000000
119793  50.366  35.500  -3.609 0.0000000000
119828  36.750  30.227  4.252 0.0000000000
119829  36.482  29.770  4.871 0.0000000000
121555  53.505  27.861  5.428 0.0000000000
121725  49.770  33.340  4.449 0.0000000000
121728  50.416  32.934  4.057 0.0000000000
121729  50.980  32.476  3.675 0.0000000000
121737  52.803  29.744  3.765 0.0000000000
121738  52.953  29.359  3.609 0.0000000000
129785  41.441  28.020  4.051 0.0000000000
129786  40.811  27.976  4.471 0.0000000000
129787  40.200  27.913  4.874 0.0000000000
131348  51.176  30.420  6.264 0.0000000000
131350  50.193  30.542  7.074 0.0000000000
131351  49.835  30.475  7.600 0.0000000000
131354  49.454  30.422  8.053 0.0000000000
131355  49.143  30.287  8.567 0.0000000000
141031  49.366  32.443  -7.097 0.0000000000
141032  49.180  32.435  -7.560 0.0000000000
141033  49.098  32.464  -8.144 0.0000000000
141034  48.550  32.275  -8.096 0.0000000000
141035  47.927  32.119  -7.994 0.0000000000
141036  47.130  32.027  -7.703 0.0000000000
141054  40.036  31.135  -3.525 0.0000000000
141057  39.114  31.010  -2.950 0.0000000000
141066  34.950  31.189  1.233 0.0000000000
141077  34.055  30.639  3.683 0.0000000000
141095  37.267  29.197  5.148 0.0000000000
145620  49.821  28.597  9.972 0.0000000000
145630  53.806  26.402  9.849 0.0000000000
146009  48.548  37.105  -1.930 0.0000000000
146012  49.194  35.875  -1.011 0.0000000000
146028  47.837  34.956  3.959 0.0000000000
146029  47.928  34.934  3.377 0.0000000000
146032  47.975  34.835  2.748 0.0000000000
146033  48.046  34.750  2.120 0.0000000000
146034  48.075  34.754  1.554 0.0000000000
146035  48.126  34.843  1.010 0.0000000000
146066  51.657  27.074  3.327 0.0000000000
146067  51.089  26.886  3.440 0.0000000000
146068  50.378  26.803  3.570 0.0000000000
259  49.264  32.803  -8.704 0.0000000000
878  48.877  29.374  9.843 0.0000000000
1616  47.582  37.409  -2.626 0.0000000000
1871  47.408  35.297  0.739 0.0000000000
3056  39.805  30.875  -3.732 0.0000000000
4076  50.118  27.415  11.327 0.0000000000
4115  51.867  30.934  4.090 0.0000000000
7613  49.412  34.745  -6.274 0.0000000000
7623  33.867  29.772  5.216 0.0000000000
8232  47.755  36.651  -0.889 0.0000000000
8234  47.225  35.102  2.995 0.0000000000
10338  49.184  26.488  4.168 0.0000000000
10340  47.387  26.336  4.731 0.0000000000
13741  41.891  27.624  4.264 0.0000000000
13742  42.962  27.180  4.659 0.0000000000
16745  34.695  29.477  5.623 0.0000000000
16748  39.433  27.390  5.884 0.0000000000
17981  54.018  26.702  7.046 0.0000000000
18096  49.078  35.539  -0.579 0.0000000000
18100  47.099  35.146  4.177 0.0000000000
18108  53.029  28.356  3.699 0.0000000000
18110  52.670  27.555  3.642 0.0000000000
18111  51.869  26.902  3.649 0.0000000000
23221  44.035  26.983  4.851 0.0000000000
25008  49.116  36.597  -3.387 0.0000000000
25762  53.249  28.415  4.627 0.0000000000
25763  53.480  27.436  5.271 0.0000000000
25768  49.487  28.379  10.525 0.0000000000
25836  48.428  34.365  4.753 0.0000000000
25837  49.654  33.034  4.712 0.0000000000
25838  50.885  32.226  3.998 0.0000000000
25842  52.969  29.297  4.025 0.0000000000
29223  40.613  27.540  5.046 0.0000000000
29799  49.494  30.790  7.346 0.0000000000
29800  48.815  30.634  8.348 0.0000000000
30880  48.461  32.168  -8.676 0.0000000000
33282  49.613  32.706  -7.600 0.0000000000
33300  36.562  31.063  -1.015 0.0000000000
33304  33.652  30.612  3.467 0.0000000000
34996  47.794  37.357  -1.638 0.0000000000
35002  47.306  35.012  1.778 0.0000000000
35016  50.650  26.591  3.814 0.0000000000
41059  48.254  26.448  4.412 0.0000000000
42513  50.957  30.881  5.495 0.0000000000
42515  51.564  30.619  5.255 0.0000000000
42516  52.122  30.262  5.063 0.0000000000
45647  45.264  31.399  -7.781 0.0000000000
45648  44.359  31.212  -7.201 0.0000000000
47463  35.819  29.562  5.324 0.0000000000
47465  35.168  29.345  5.775 0.0000000000
48815  47.516  35.562  0.285 0.0000000000
48816  48.240  35.398  0.080 0.0000000000
48829  52.886  27.945  3.659 0.0000000000
54061  45.264  26.959  4.610 0.0000000000
54062  45.711  26.731  4.729 0.0000000000
55247  41.434  30.834  -5.288 0.0000000000
55248  40.521  30.745  -4.585 0.0000000000
58423  51.384  31.518  4.028 0.0000000000
58428  52.833  29.664  4.662 0.0000000000
58429  52.801  29.703  4.200 0.0000000000
58430  53.017  29.260  4.480 0.0000000000
58431  53.119  28.892  4.318 0.0000000000
64264  41.223  27.588  4.640 0.0000000000
65498  49.844  30.862  6.768 0.0000000000
65503  48.520  30.506  8.886 0.0000000000
67816  47.829  32.016  -8.499 0.0000000000
67818  47.779  31.918  -9.064 0.0000000000
73201  49.734  36.019  -3.790 0.0000000000
73203  49.543  35.690  -4.394 0.0000000000
73205  49.150  35.309  -5.459 0.0000000000
73206  48.888  35.196  -5.944 0.0000000000
73212  49.889  33.669  -7.122 0.0000000000
73213  49.989  33.185  -7.219 0.0000000000
73214  49.772  33.137  -7.624 0.0000000000
73261  35.965  31.175  -0.283 0.0000000000
73274  33.754  30.276  4.383 0.0000000000
73275  33.476  29.871  4.986 0.0000000000
73286  37.912  28.035  5.970 0.0000000000
73288  37.429  28.343  5.895 0.0000000000
73289  37.002  28.669  5.790 0.0000000000
76981  53.514  27.047  5.540 0.0000000000
76982  53.697  27.100  6.013 0.0000000000
76983  54.148  26.250  7.434 0.0000000000
77003  49.790  27.908  10.927 0.0000000000
77325  47.799  37.061  -1.228 0.0000000000
77340  47.278  35.017  2.384 0.0000000000
77374  51.307  26.705  3.702 0.0000000000
92341  46.214  26.463  4.889 0.0000000000
92342  46.696  26.215  5.037 0.0000000000
93052  38.854  30.792  -3.170 0.0000000000
94960  52.258  30.469  4.205 0.0000000000
94962  52.541  29.960  4.862 0.0000000000
98463  42.413  27.349  4.476 0.0000000000
100595  47.029  31.738  -8.787 0.0000000000
100596  46.136  31.552  -8.301 0.0000000000
103830  49.820  34.267  -6.543 0.0000000000
103869  34.281  29.646  5.428 0.0000000000
103876  38.992  27.771  5.715 0.0000000000
103877  38.387  27.693  6.161 0.0000000000
106093  53.841  27.047  6.593 0.0000000000
106096  54.308  26.201  7.971 0.0000000000
106098  54.343  26.144  8.510 0.0000000000
106099  54.279  26.101  9.054 0.0000000000
106100  54.139  26.079  9.693 0.0000000000
106106  50.477  27.033  11.827 0.0000000000
106108  51.065  26.781  11.697 0.0000000000
106109  51.653  26.574  11.583 0.0000000000
106110  52.265  26.408  11.456 0.0000000000
106111  52.812  26.235  11.350 0.0000000000
106300  48.403  36.080  -0.773 0.0000000000
106301  48.284  35.709  -0.352 0.0000000000
106308  47.197  35.181  3.586 0.0000000000
106328  52.353  27.182  3.626 0.0000000000
115623  44.592  26.816  4.932 0.0000000000
117281  43.332  31.098  -6.551 0.0000000000
117282  42.360  30.956  -5.926 0.0000000000
119790  48.376  36.996  -3.024 0.0000000000
119830  36.220  29.305  5.481 0.0000000000
121554  53.366  27.942  4.955 0.0000000000
121564  49.203  28.852  10.151 0.0000000000
121724  49.093  33.709  4.822 0.0000000000
121727  50.281  32.630  4.327 0.0000000000
121736  52.564  30.117  3.973 0.0000000000
121739  53.048  28.841  3.842 0.0000000000
129788  40.043  27.483  5.457 0.0000000000
129791  43.481  27.089  4.789 0.0000000000
131347  50.850  30.745  5.955 0.0000000000
131349  50.535  30.651  6.486 0.0000000000
131353  49.114  30.766  7.830 0.0000000000
131356  48.844  30.131  9.106 0.0000000000
131357  48.543  29.908  9.632 0.0000000000
134284  48.989  32.482  -8.752 0.0000000000
140992  49.346  35.451  -4.961 0.0000000000
141001  49.625  34.205  -6.936 0.0000000000
141006  49.433  32.748  -8.124 0.0000000000
141058  38.168  30.960  -2.370 0.0000000000
141059  37.224  30.937  -1.790 0.0000000000
141063  35.148  31.043  0.254 0.0000000000
141064  34.651  31.083  0.981 0.0000000000
141067  34.121  30.983  1.736 0.0000000000
141068  33.702  30.795  2.465 0.0000000000
141069  33.310  30.552  3.190 0.0000000000
141078  33.340  30.261  4.135 0.0000000000
141096  36.590  29.009  5.636 0.0000000000
145631  53.923  25.982  10.319 0.0000000000
145632  53.286  26.059  11.210 0.0000000000
145633  53.680  25.854  11.011 0.0000000000
146008  47.728  37.456  -2.090 0.0000000000
146026  47.362  35.085  1.232 0.0000000000
146027  47.744  34.868  4.512 0.0000000000
146069  49.922  26.528  3.975 0.0000000000
1622  35.560  29.092  5.922 0.0000000000
7621  33.824  30.846  1.472 0.0000000000
7625  37.295  27.866  6.445 0.0000000000
8185  54.203  25.804  7.806 0.0000000000
8186  54.260  25.638  10.142 0.0000000000
10341  46.100  26.086  5.374 0.0000000000
10736  37.908  30.786  -2.582 0.0000000000
11793  50.437  31.297  5.323 0.0000000000
11795  51.702  30.726  4.867 0.0000000000
11796  52.558  30.055  4.384 0.0000000000
14927  46.950  31.612  -9.214 0.0000000000
14928  45.191  31.200  -8.188 0.0000000000
16750  38.270  27.197  6.741 0.0000000000
17983  54.431  25.715  8.882 0.0000000000
17988  50.811  26.628  12.350 0.0000000000
17990  51.970  26.202  12.179 0.0000000000
17991  53.030  25.860  11.971 0.0000000000
18095  47.569  35.883  -0.120 0.0000000000
20363  32.966  30.467  2.924 0.0000000000
23222  45.094  26.630  5.070 0.0000000000
23933  43.209  30.895  -6.864 0.0000000000
23934  41.336  30.652  -5.589 0.0000000000
29797  50.173  30.928  6.217 0.0000000000
29801  48.226  30.354  9.428 0.0000000000
30882  48.265  32.105  -9.798 0.0000000000
33277  48.798  36.042  -4.524 0.0000000000
33278  48.289  35.588  -5.586 0.0000000000
33280  48.898  34.565  -7.130 0.0000000000
33281  49.708  33.607  -7.540 0.0000000000
33301  34.835  30.908  -0.014 0.0000000000
33307  33.074  29.880  4.755 0.0000000000
33313  36.354  28.493  6.249 0.0000000000
34857  53.533  26.708  5.917 0.0000000000
34870  53.866  25.423  11.568 0.0000000000
41058  48.792  26.233  4.647 0.0000000000
41060  47.890  26.124  4.896 0.0000000000
41061  47.219  26.001  5.188 0.0000000000
41456  36.943  30.786  -2.006 0.0000000000
42514  51.076  31.048  5.039 0.0000000000
43246  49.394  33.168  -8.631 0.0000000000
43248  49.172  33.242  -9.262 0.0000000000
47438  46.569  37.444  -2.864 0.0000000000
47440  47.433  37.124  -3.282 0.0000000000
47466  34.464  28.996  6.223 0.0000000000
47467  34.889  28.818  6.341 0.0000000000
47468  39.376  26.985  6.438 0.0000000000
47469  38.847  27.302  6.317 0.0000000000
48709  51.371  26.385  12.243 0.0000000000
48813  46.741  35.774  0.494 0.0000000000
48814  46.846  36.058  0.085 0.0000000000
48819  46.416  35.290  4.337 0.0000000000
48820  47.005  35.026  4.717 0.0000000000
48828  53.062  27.868  4.081 0.0000000000
48830  52.853  27.473  4.045 0.0000000000
48831  52.523  27.117  3.989 0.0000000000
51083  32.605  30.182  3.598 0.0000000000
58419  48.985  33.386  5.072 0.0000000000
58420  49.518  32.753  4.968 0.0000000000
58421  51.331  31.333  4.363 0.0000000000
58422  50.788  31.944  4.282 0.0000000000
64263  41.765  27.276  4.823 0.0000000000
64265  41.126  27.252  5.193 0.0000000000
64266  40.544  27.198  5.592 0.0000000000
64268  43.925  26.634  5.342 0.0000000000
64269  43.357  26.819  5.250 0.0000000000
65497  49.458  31.133  6.483 0.0000000000
65499  49.110  31.103  7.026 0.0000000000
65501  48.466  31.014  8.148 0.0000000000
65502  48.166  30.879  8.678 0.0000000000
65504  47.894  30.754  9.220 0.0000000000
67817  48.377  32.129  -9.265 0.0000000000
73202  48.945  36.317  -4.006 0.0000000000
73207  47.942  35.492  -6.046 0.0000000000
73208  48.595  35.081  -6.380 0.0000000000
73210  49.172  34.663  -6.695 0.0000000000
73276  32.819  29.467  5.347 0.0000000000
73277  33.202  29.410  5.603 0.0000000000
73290  36.817  28.157  6.383 0.0000000000
76984  53.859  26.321  6.899 0.0000000000
76985  53.934  25.874  7.283 0.0000000000
76990  54.384  25.675  9.469 0.0000000000
77014  53.474  25.687  11.786 0.0000000000
77321  47.028  36.853  -0.566 0.0000000000
77323  47.091  37.250  -0.911 0.0000000000
77324  47.114  37.547  -1.291 0.0000000000
77336  46.533  35.357  3.182 0.0000000000
77338  46.568  35.240  2.607 0.0000000000
77339  46.603  35.225  2.024 0.0000000000
77373  51.528  26.593  3.971 0.0000000000
77375  50.910  26.448  4.083 0.0000000000
77376  50.209  26.362  4.245 0.0000000000
84128  34.315  30.912  0.743 0.0000000000
92343  46.621  25.890  5.550 0.0000000000
93053  39.584  30.689  -4.052 0.0000000000
93054  38.627  30.653  -3.427 0.0000000000
94959  51.824  30.861  4.489 0.0000000000
94961  52.228  30.359  4.636 0.0000000000
98464  42.301  27.088  4.996 0.0000000000
100597  46.068  31.393  -8.726 0.0000000000
103870  33.608  29.314  5.852 0.0000000000
103871  34.013  29.150  6.064 0.0000000000
103878  37.789  27.557  6.551 0.0000000000
106097  54.422  25.763  8.343 0.0000000000
106112  52.541  26.039  12.085 0.0000000000
106299  47.603  36.242  -0.501 0.0000000000
106307  46.507  35.371  3.759 0.0000000000
106329  52.075  26.828  3.935 0.0000000000
110381  33.356  30.702  2.205 0.0000000000
115624  44.445  26.449  5.456 0.0000000000
115625  45.584  26.355  5.221 0.0000000000
117283  42.264  30.776  -6.242 0.0000000000
117285  40.409  30.622  -4.953 0.0000000000
121552  53.220  27.879  4.551 0.0000000000
121553  53.265  27.460  4.838 0.0000000000
121563  48.553  29.119  10.400 0.0000000000
121565  48.876  28.637  10.690 0.0000000000
121566  49.185  28.189  11.065 0.0000000000
121567  49.530  27.709  11.462 0.0000000000
121570  49.910  27.280  11.925 0.0000000000
121571  50.321  26.888  12.458 0.0000000000
121720  46.663  35.492  0.952 0.0000000000
121722  47.646  34.664  5.020 0.0000000000
121723  48.373  34.036  5.153 0.0000000000
121726  50.141  32.348  4.578 0.0000000000
121740  53.133  28.363  4.147 0.0000000000
129789  39.954  27.103  6.016 0.0000000000
129792  42.818  26.929  5.141 0.0000000000
131352  48.777  31.089  7.575 0.0000000000
131365  47.898  30.217  9.961 0.0000000000
131366  48.230  29.660  10.171 0.0000000000
131517  50.315  31.090  5.744 0.0000000000
134285  49.123  32.833  -9.357 0.0000000000
134286  48.815  32.494  -9.362 0.0000000000
134289  47.718  31.827  -9.574 0.0000000000
134295  44.184  31.055  -7.509 0.0000000000
140989  48.231  36.752  -3.665 0.0000000000
140993  48.568  35.788  -5.083 0.0000000000
141002  49.409  34.112  -7.368 0.0000000000
141004  49.509  33.548  -8.014 0.0000000000
141005  49.521  33.104  -8.093 0.0000000000
141060  36.299  30.896  -1.225 0.0000000000
141062  35.714  30.974  -0.492 0.0000000000
141070  32.946  30.251  3.897 0.0000000000
141079  32.676  29.861  4.506 0.0000000000
141097  35.939  28.818  6.093 0.0000000000
145593  53.291  27.043  5.104 0.0000000000
145594  53.295  26.662  5.381 0.0000000000
145596  53.765  26.720  6.474 0.0000000000
145634  54.050  25.552  10.809 0.0000000000
145999  46.823  37.668  -2.307 0.0000000000
146007  47.046  37.751  -1.744 0.0000000000
146025  46.627  35.291  1.464 0.0000000000
146070  49.493  26.298  4.431 0.0000000000
