#!ascii label /projectnb/somerslab/tom/projects/spacetime_network/data/ROIs/probabilistic_midIFS_rh_thresh4.label , from subject  vox2ras=TkReg
1235
52  39.738  33.074  9.815 4.0000000000
173  41.226  30.302  19.637 4.0000000000
653  41.848  35.362  22.236 4.0000000000
877  45.546  32.187  7.701 4.0000000000
879  43.774  30.539  11.958 5.0000000000
880  44.996  28.482  23.919 4.0000000000
881  41.970  27.323  21.081 4.0000000000
1463  38.372  30.498  14.347 4.0000000000
1464  38.761  33.209  18.738 4.0000000000
1465  45.918  32.246  22.408 4.0000000000
2798  44.523  31.673  9.850 5.0000000000
2799  41.808  31.871  10.886 4.0000000000
2801  42.923  26.579  24.630 5.0000000000
3399  37.344  34.762  18.338 4.0000000000
3400  44.761  35.012  24.155 4.0000000000
3401  44.047  33.669  22.468 4.0000000000
3402  46.933  32.964  24.541 4.0000000000
4081  39.768  29.005  15.020 4.0000000000
6189  47.477  31.099  9.004 4.0000000000
6190  46.256  30.333  10.914 4.0000000000
6195  41.955  26.163  22.714 4.0000000000
7253  38.825  31.663  11.999 4.0000000000
7254  36.608  32.036  13.725 4.0000000000
7255  37.551  31.569  16.622 4.0000000000
7256  40.279  31.733  18.937 5.0000000000
7258  42.287  32.805  20.594 4.0000000000
7259  43.511  31.374  20.861 4.0000000000
7260  46.360  30.398  22.971 4.0000000000
8193  40.634  30.347  12.897 5.0000000000
8194  42.233  28.760  13.703 4.0000000000
10477  41.304  33.048  9.193 4.0000000000
10478  42.237  32.470  9.727 4.0000000000
10479  40.798  32.439  10.350 4.0000000000
11079  37.071  35.878  18.039 4.0000000000
11081  45.836  33.958  24.460 4.0000000000
11082  46.697  33.293  25.528 4.0000000000
11760  39.990  30.230  18.509 4.0000000000
14154  46.525  31.614  8.253 4.0000000000
14155  44.181  31.309  10.958 5.0000000000
14156  45.495  31.143  10.427 5.0000000000
14157  45.004  30.578  11.443 5.0000000000
14159  44.420  29.650  12.359 5.0000000000
14160  44.969  29.233  22.844 4.0000000000
14162  44.224  28.300  23.239 4.0000000000
14163  42.005  25.692  24.611 4.0000000000
14164  42.388  26.439  23.629 5.0000000000
15955  37.262  33.176  17.445 4.0000000000
15956  36.846  32.350  16.376 4.0000000000
15957  37.993  32.396  17.623 4.0000000000
15958  38.791  31.717  17.823 4.0000000000
15959  39.550  32.512  18.778 4.0000000000
15963  45.102  32.965  22.430 4.0000000000
15964  43.262  33.296  21.594 4.0000000000
15965  44.139  32.577  21.518 4.0000000000
15966  43.013  32.142  20.611 4.0000000000
15967  44.723  31.827  21.595 4.0000000000
15968  45.098  31.037  21.901 4.0000000000
15969  46.365  31.374  22.533 4.0000000000
18000  38.545  31.042  13.186 4.0000000000
18001  39.851  31.079  12.458 5.0000000000
18002  39.400  30.337  13.515 5.0000000000
18003  40.380  28.227  15.429 4.0000000000
18004  40.909  28.831  14.293 5.0000000000
18005  41.601  28.127  14.818 5.0000000000
18006  42.954  28.060  14.266 4.0000000000
18010  41.486  27.390  19.750 4.0000000000
23467  44.115  32.584  8.236 4.0000000000
23468  45.018  31.924  8.722 5.0000000000
23469  43.623  32.357  9.126 4.0000000000
23470  43.167  31.932  10.301 5.0000000000
23471  42.841  31.243  11.441 5.0000000000
23473  43.892  27.540  24.368 4.0000000000
24550  36.720  34.027  17.318 4.0000000000
24551  38.003  33.838  18.627 4.0000000000
24552  43.322  35.218  23.176 4.0000000000
24553  42.898  34.401  22.389 4.0000000000
24554  44.458  34.319  23.367 4.0000000000
24555  45.760  33.377  23.495 4.0000000000
24556  46.693  32.535  23.420 4.0000000000
25776  38.381  30.169  15.774 4.0000000000
25777  39.117  29.791  14.659 4.0000000000
25778  39.003  29.392  15.988 4.0000000000
29802  45.912  31.383  9.401 5.0000000000
29803  46.908  30.778  9.958 4.0000000000
29813  43.286  27.343  23.540 4.0000000000
29815  42.243  26.792  22.012 4.0000000000
32303  39.244  32.438  10.939 4.0000000000
32304  37.794  32.343  11.432 4.0000000000
32305  37.560  31.704  12.754 4.0000000000
32306  37.478  31.178  14.038 4.0000000000
32308  36.814  31.654  15.207 4.0000000000
32309  37.657  30.904  15.468 4.0000000000
32310  38.287  30.836  16.895 4.0000000000
32312  40.820  30.974  19.193 4.0000000000
32314  38.822  34.499  19.701 4.0000000000
32316  42.238  33.923  21.573 4.0000000000
32317  41.402  33.525  20.744 4.0000000000
32319  41.246  32.391  19.693 4.0000000000
32320  41.881  31.609  19.884 4.0000000000
32321  42.318  30.847  20.312 4.0000000000
32322  43.818  30.611  21.382 4.0000000000
32323  45.225  30.135  22.366 4.0000000000
32324  45.989  29.401  23.397 4.0000000000
32326  46.737  29.538  24.279 4.0000000000
32327  45.758  28.579  24.838 4.0000000000
34881  40.307  31.858  11.474 5.0000000000
34882  41.284  31.198  11.941 4.0000000000
34883  42.148  30.429  12.380 5.0000000000
34884  40.233  29.612  13.898 5.0000000000
34885  41.412  29.477  13.279 5.0000000000
34886  42.932  29.529  12.805 5.0000000000
34887  43.723  28.703  13.269 4.0000000000
41197  40.492  33.058  9.502 4.0000000000
41198  41.010  32.741  9.761 4.0000000000
41199  40.256  32.740  10.079 4.0000000000
41801  46.143  33.822  25.392 4.0000000000
41802  46.425  33.425  25.972 4.0000000000
42480  40.592  30.280  19.072 4.0000000000
42481  40.118  29.842  18.664 4.0000000000
44874  46.027  31.841  7.905 5.0000000000
44875  44.008  30.970  11.478 5.0000000000
44876  44.659  31.017  11.233 5.0000000000
44877  44.405  30.582  11.701 5.0000000000
44878  44.733  30.153  11.905 5.0000000000
44879  44.083  30.108  12.144 5.0000000000
44880  45.105  28.874  23.360 4.0000000000
44881  44.640  28.764  23.056 4.0000000000
44882  44.556  28.374  23.558 4.0000000000
44883  41.504  25.272  24.479 4.0000000000
44884  41.696  25.638  24.075 4.0000000000
46675  37.930  33.176  18.074 4.0000000000
46676  37.602  32.768  17.527 4.0000000000
46677  38.352  32.822  18.159 4.0000000000
46678  38.759  32.482  18.232 4.0000000000
46679  39.173  32.906  18.789 4.0000000000
46682  41.555  35.018  21.895 4.0000000000
46683  45.538  32.621  22.406 4.0000000000
46684  44.649  32.816  22.003 4.0000000000
46685  45.003  32.387  21.961 4.0000000000
46686  44.432  32.171  21.523 4.0000000000
46687  45.329  32.026  21.984 4.0000000000
46688  45.596  31.643  22.057 4.0000000000
46689  46.224  31.834  22.415 4.0000000000
48720  38.436  30.773  13.747 4.0000000000
48721  38.990  30.709  13.365 4.0000000000
48722  38.872  30.398  13.906 4.0000000000
48724  40.999  28.169  15.115 5.0000000000
48726  41.978  27.832  15.054 4.0000000000
48728  41.894  27.727  20.982 4.0000000000
48729  41.588  27.753  20.280 4.0000000000
48730  41.737  27.399  20.459 4.0000000000
54472  43.436  32.821  8.485 4.0000000000
54473  43.860  32.486  8.662 4.0000000000
54474  43.189  32.684  8.917 4.0000000000
54475  42.007  32.192  10.301 4.0000000000
54476  42.719  32.187  9.980 5.0000000000
54477  42.488  31.943  10.610 5.0000000000
54478  42.989  31.656  10.917 5.0000000000
54479  42.318  31.566  11.161 5.0000000000
54513  42.062  33.318  8.575 4.0000000000
54516  43.557  32.985  8.131 4.0000000000
56275  36.840  34.917  17.716 4.0000000000
56276  36.526  34.555  17.203 4.0000000000
56277  36.987  34.407  17.816 4.0000000000
56278  37.296  33.942  17.949 4.0000000000
56279  37.626  34.283  18.477 4.0000000000
56280  44.127  35.164  23.610 4.0000000000
56281  43.879  34.775  23.277 4.0000000000
56282  44.622  34.691  23.781 4.0000000000
56283  46.435  33.442  24.514 4.0000000000
56284  45.821  33.675  23.987 4.0000000000
56285  46.405  33.218  24.016 4.0000000000
56286  46.277  32.959  23.464 4.0000000000
56287  46.899  32.773  23.993 4.0000000000
56289  47.345  32.476  24.548 4.0000000000
58320  38.587  30.123  16.500 4.0000000000
58321  38.700  29.799  15.927 4.0000000000
58322  38.900  29.753  16.607 4.0000000000
65505  44.765  31.808  9.287 5.0000000000
65506  45.450  31.636  9.051 5.0000000000
65507  45.201  31.503  9.627 5.0000000000
65508  45.903  30.782  10.661 4.0000000000
65509  46.156  30.978  10.211 4.0000000000
65510  46.574  30.609  10.454 4.0000000000
65511  47.255  30.391  10.213 4.0000000000
65528  43.399  27.040  24.551 4.0000000000
65529  43.576  27.442  23.949 4.0000000000
65530  43.122  26.963  24.086 4.0000000000
65531  42.141  26.324  23.150 4.0000000000
65532  42.555  26.775  23.158 4.0000000000
65533  42.317  26.655  22.762 4.0000000000
65534  42.441  26.957  22.391 4.0000000000
65535  42.148  26.499  22.397 4.0000000000
70898  38.030  32.754  10.816 4.0000000000
70900  36.613  32.288  13.030 4.0000000000
70901  37.074  32.108  12.519 4.0000000000
70902  37.043  31.809  13.213 4.0000000000
70903  37.503  31.428  13.360 4.0000000000
70904  37.022  31.582  13.883 4.0000000000
70908  37.193  31.944  16.504 4.0000000000
70909  36.792  31.987  15.813 4.0000000000
70910  37.142  31.568  15.930 4.0000000000
70911  37.214  31.236  15.336 4.0000000000
70912  37.501  31.200  16.095 4.0000000000
70913  37.886  30.842  16.231 4.0000000000
70914  37.960  31.233  16.774 4.0000000000
70915  39.521  31.723  18.419 4.0000000000
70916  39.147  31.320  17.972 4.0000000000
70917  39.825  31.302  18.561 4.0000000000
70918  40.121  30.967  18.686 4.0000000000
70919  40.583  31.347  19.057 4.0000000000
70926  39.258  34.060  19.758 4.0000000000
70928  43.465  34.032  22.448 4.0000000000
70929  42.578  34.122  21.974 4.0000000000
70930  43.164  33.782  22.029 4.0000000000
70931  42.809  33.069  21.106 4.0000000000
70932  42.315  33.398  21.166 4.0000000000
70933  41.846  33.150  20.670 4.0000000000
70934  40.964  33.306  20.248 4.0000000000
70935  41.384  32.966  20.166 4.0000000000
70936  40.922  32.751  19.673 4.0000000000
70937  41.790  32.622  20.117 4.0000000000
70938  43.225  31.738  20.700 4.0000000000
70939  42.409  31.893  20.226 4.0000000000
70940  42.659  31.494  20.389 4.0000000000
70941  42.070  31.196  20.052 4.0000000000
70942  42.904  31.107  20.605 4.0000000000
70943  43.100  30.725  20.869 4.0000000000
70944  43.673  30.989  21.112 4.0000000000
70946  45.185  30.590  22.108 4.0000000000
70947  45.829  30.278  22.642 4.0000000000
70948  45.702  29.799  22.903 4.0000000000
70949  46.211  29.894  23.203 4.0000000000
70954  47.033  29.591  24.850 4.0000000000
70956  46.240  29.072  24.534 4.0000000000
77040  39.006  32.064  11.478 4.0000000000
77041  39.776  32.142  11.224 4.0000000000
77042  39.552  31.757  11.736 4.0000000000
77043  40.242  30.720  12.691 5.0000000000
77044  40.525  31.117  12.166 5.0000000000
77045  40.941  30.713  12.424 4.0000000000
77046  41.725  30.821  12.169 4.0000000000
77047  41.358  30.348  12.601 4.0000000000
77048  39.461  29.411  14.830 4.0000000000
77049  39.645  29.677  14.224 5.0000000000
77050  39.959  29.287  14.394 5.0000000000
77051  41.552  28.810  13.970 5.0000000000
77052  41.180  29.131  13.783 5.0000000000
77053  41.851  29.104  13.448 5.0000000000
77054  42.163  29.500  13.023 4.0000000000
77055  42.591  29.104  13.214 4.0000000000
77056  43.328  29.105  13.026 4.0000000000
77057  42.960  28.731  13.497 4.0000000000
77066  40.941  27.712  18.918 4.0000000000
92587  42.005  33.054  8.962 4.0000000000
92589  41.768  32.764  9.462 4.0000000000
92590  41.513  32.447  10.041 4.0000000000
92591  41.325  32.157  10.611 4.0000000000
92613  41.308  33.354  8.773 4.0000000000
93670  36.752  35.509  17.558 4.0000000000
93671  37.165  35.270  18.212 4.0000000000
93673  45.331  34.510  24.283 4.0000000000
93674  45.763  34.194  24.841 4.0000000000
93675  46.346  33.649  24.962 4.0000000000
93676  46.922  33.121  25.036 4.0000000000
93677  47.324  32.634  25.136 4.0000000000
93678  47.151  32.760  25.670 4.0000000000
94899  39.783  29.373  18.109 4.0000000000
97989  39.514  38.903  20.202 4.0000000000
99206  47.007  31.381  8.636 4.0000000000
99207  44.331  31.509  10.432 5.0000000000
99208  45.005  31.391  10.170 5.0000000000
99209  44.837  31.254  10.673 5.0000000000
99210  45.259  30.909  10.916 5.0000000000
99211  45.631  30.479  11.153 5.0000000000
99212  46.005  30.002  11.411 4.0000000000
99213  45.388  30.108  11.663 5.0000000000
99214  45.082  29.682  12.150 5.0000000000
99215  44.782  29.201  12.588 4.0000000000
99216  44.531  29.548  22.310 4.0000000000
99218  44.475  29.131  22.530 4.0000000000
99219  44.165  28.652  22.743 4.0000000000
99221  42.470  26.119  24.659 4.0000000000
99222  42.670  26.573  24.124 5.0000000000
99223  42.198  26.066  24.151 4.0000000000
102450  37.298  32.339  17.035 4.0000000000
102451  37.688  31.969  17.148 4.0000000000
102452  38.120  31.632  17.258 4.0000000000
102453  38.399  32.061  17.707 4.0000000000
102454  39.148  32.121  18.316 4.0000000000
102455  39.938  32.129  18.843 4.0000000000
102461  44.630  33.284  22.459 4.0000000000
102462  43.709  33.462  22.022 4.0000000000
102463  44.214  33.156  22.008 4.0000000000
102464  43.774  32.975  21.546 4.0000000000
102465  43.282  32.740  21.047 4.0000000000
102466  42.698  32.509  20.566 4.0000000000
102467  43.644  32.363  21.037 4.0000000000
102468  43.836  31.961  21.082 4.0000000000
102469  44.099  31.601  21.206 4.0000000000
102470  44.327  31.232  21.393 4.0000000000
102471  44.978  31.452  21.753 4.0000000000
102472  45.777  31.230  22.182 4.0000000000
102475  47.630  30.257  25.227 4.0000000000
106128  38.660  31.304  12.634 4.0000000000
106129  39.341  31.361  12.266 4.0000000000
106130  39.175  31.014  12.830 4.0000000000
106131  39.617  30.716  13.005 5.0000000000
106132  39.981  30.356  13.183 5.0000000000
106133  40.066  28.605  15.223 4.0000000000
106134  40.278  28.886  14.586 5.0000000000
106135  40.643  28.517  14.855 5.0000000000
106136  41.262  28.478  14.548 5.0000000000
106137  41.872  28.456  14.256 5.0000000000
106138  42.574  28.410  14.014 4.0000000000
106139  42.238  28.106  14.512 4.0000000000
106145  41.247  27.747  19.589 4.0000000000
116197  44.780  32.355  7.981 4.0000000000
116198  45.253  32.020  8.198 4.0000000000
116199  44.539  32.262  8.433 4.0000000000
116200  44.312  32.144  8.944 5.0000000000
116201  44.063  31.997  9.499 5.0000000000
116202  42.952  32.438  9.411 4.0000000000
116203  43.395  32.131  9.703 5.0000000000
116204  43.838  31.838  10.032 5.0000000000
116205  43.672  31.617  10.649 5.0000000000
116206  43.529  31.308  11.200 5.0000000000
116207  43.341  30.910  11.710 5.0000000000
116208  44.878  28.139  24.590 4.0000000000
116209  44.430  28.013  24.145 4.0000000000
116210  44.299  27.631  24.794 4.0000000000
116211  43.752  27.120  24.963 4.0000000000
116212  43.252  26.624  25.082 4.0000000000
118725  36.986  33.568  17.409 4.0000000000
118726  37.591  33.544  18.024 4.0000000000
118727  38.353  33.495  18.668 4.0000000000
118728  42.569  35.265  22.694 4.0000000000
118729  42.331  34.844  22.313 4.0000000000
118730  43.088  34.809  22.812 4.0000000000
118731  43.661  34.385  22.869 4.0000000000
118732  44.301  33.964  22.894 4.0000000000
118733  45.208  34.167  23.899 4.0000000000
118734  45.099  33.825  23.440 4.0000000000
118735  44.915  33.527  22.934 4.0000000000
118736  45.473  33.128  22.942 4.0000000000
118737  45.957  32.766  22.905 4.0000000000
118738  46.363  32.361  22.890 4.0000000000
118739  46.721  31.983  22.870 4.0000000000
121584  38.320  30.260  15.037 4.0000000000
121585  38.764  30.141  14.499 4.0000000000
121586  38.642  29.944  15.182 4.0000000000
121587  39.002  29.571  15.327 4.0000000000
121588  39.348  29.181  15.485 4.0000000000
121591  39.671  28.800  15.686 4.0000000000
128801  42.089  35.742  22.569 4.0000000000
128802  42.776  35.665  23.021 4.0000000000
131358  45.748  31.737  8.484 5.0000000000
131359  46.208  31.521  8.832 5.0000000000
131360  46.695  31.270  9.210 4.0000000000
131361  45.700  31.273  9.942 5.0000000000
131362  46.410  31.149  9.729 4.0000000000
131363  47.168  30.945  9.481 4.0000000000
131386  42.230  27.556  21.498 4.0000000000
131387  44.059  27.927  23.755 4.0000000000
131388  43.797  27.845  23.393 4.0000000000
131390  42.837  26.893  23.600 4.0000000000
131394  42.428  27.253  21.963 4.0000000000
131395  42.174  27.073  21.580 4.0000000000
138172  38.992  33.109  10.046 4.0000000000
138173  39.499  32.763  10.385 4.0000000000
138174  38.745  32.754  10.592 4.0000000000
138175  38.514  32.396  11.151 4.0000000000
138176  38.319  31.979  11.708 4.0000000000
138177  37.165  32.434  11.846 4.0000000000
138178  37.655  32.015  12.091 4.0000000000
138179  38.149  31.632  12.365 4.0000000000
138180  38.055  31.355  12.970 4.0000000000
138181  37.996  31.107  13.561 4.0000000000
138182  37.956  30.875  14.156 4.0000000000
138185  36.307  32.343  14.312 4.0000000000
138187  36.472  32.129  15.052 4.0000000000
138188  36.656  31.829  14.431 4.0000000000
138189  37.071  31.357  14.616 4.0000000000
138190  37.521  31.016  14.735 4.0000000000
138191  37.944  30.653  14.873 4.0000000000
138192  38.044  30.526  15.618 4.0000000000
138193  38.261  30.457  16.327 4.0000000000
138194  38.591  30.467  17.029 4.0000000000
138195  38.514  31.282  17.371 4.0000000000
138196  38.844  30.887  17.515 4.0000000000
138199  40.382  30.626  18.866 4.0000000000
138200  41.034  30.643  19.382 4.0000000000
138206  37.978  34.611  19.017 4.0000000000
138207  38.387  34.167  19.159 4.0000000000
138208  38.809  33.789  19.235 4.0000000000
138209  39.235  33.490  19.287 4.0000000000
138210  42.044  34.556  21.940 4.0000000000
138211  41.701  34.300  21.561 4.0000000000
138212  41.338  34.090  21.234 4.0000000000
138213  42.791  33.602  21.604 4.0000000000
138214  41.833  33.754  21.221 4.0000000000
138218  39.656  33.202  19.329 4.0000000000
138219  40.034  32.851  19.289 4.0000000000
138221  40.741  32.108  19.309 4.0000000000
138222  42.136  32.295  20.121 4.0000000000
138223  41.575  32.012  19.762 4.0000000000
138224  41.086  31.705  19.410 4.0000000000
138225  41.324  31.293  19.549 4.0000000000
138226  41.527  30.922  19.734 4.0000000000
138227  41.757  30.610  19.982 4.0000000000
138228  42.498  30.526  20.551 4.0000000000
138229  43.221  30.409  21.097 4.0000000000
138231  44.436  30.829  21.613 4.0000000000
138234  45.118  29.666  22.622 4.0000000000
138235  45.470  29.323  23.133 4.0000000000
138236  45.533  28.948  23.661 4.0000000000
138239  46.849  30.514  23.358 4.0000000000
138240  47.367  30.142  24.634 4.0000000000
138241  47.041  30.056  24.038 4.0000000000
138242  46.644  29.984  23.596 4.0000000000
138243  46.326  29.487  23.818 4.0000000000
138244  45.883  29.009  24.072 4.0000000000
138245  45.394  28.531  24.375 4.0000000000
145665  40.067  32.439  10.699 4.0000000000
145666  40.598  32.150  10.925 4.0000000000
145667  41.069  31.856  11.184 5.0000000000
145668  40.057  31.457  11.947 5.0000000000
145669  40.788  31.568  11.707 5.0000000000
145670  41.563  31.549  11.434 4.0000000000
145671  42.066  31.221  11.682 5.0000000000
145672  42.524  30.886  11.939 5.0000000000
145673  42.959  30.497  12.181 5.0000000000
145674  39.276  30.041  14.031 4.0000000000
145675  39.829  29.968  13.685 5.0000000000
145676  40.422  29.964  13.390 5.0000000000
145677  40.557  29.188  14.082 5.0000000000
145678  40.814  29.542  13.586 5.0000000000
145679  41.047  29.944  13.089 5.0000000000
145680  41.757  29.928  12.816 4.0000000000
145681  42.549  29.984  12.607 5.0000000000
145682  43.346  30.047  12.396 5.0000000000
145683  43.690  29.557  12.587 5.0000000000
145684  44.069  29.150  12.801 4.0000000000
145685  44.443  28.756  13.054 4.0000000000
145686  43.315  28.375  13.773 4.0000000000
174  46.118  33.535  26.416 0.0000000000
882  41.029  24.749  24.369 0.0000000000
2797  42.733  32.994  8.730 0.0000000000
3403  47.768  30.886  24.979 0.0000000000
4080  38.916  30.127  17.160 0.0000000000
6191  45.155  28.768  12.840 0.0000000000
6192  43.983  29.828  21.795 0.0000000000
7257  40.516  34.251  20.757 0.0000000000
8196  41.083  27.357  18.382 0.0000000000
10491  41.366  33.616  8.355 0.0000000000
11078  36.411  35.136  17.060 0.0000000000
11080  45.631  34.389  25.193 0.0000000000
11083  47.525  32.218  25.813 0.0000000000
11761  39.442  29.363  17.439 0.0000000000
11762  40.224  29.485  18.832 0.0000000000
13477  39.445  39.464  20.029 0.0000000000
13478  39.527  38.234  20.445 0.0000000000
14158  45.746  29.646  11.885 0.0000000000
14161  43.903  28.978  22.245 0.0000000000
14165  41.463  25.547  23.533 0.0000000000
15953  36.619  32.575  12.320 0.0000000000
15962  41.251  34.765  21.557 0.0000000000
15971  47.373  29.646  25.435 0.0000000000
18007  42.373  27.489  15.352 0.0000000000
18008  41.895  28.108  20.816 0.0000000000
18009  41.011  28.071  19.451 0.0000000000
23472  44.699  27.718  25.236 0.0000000000
23474  43.659  26.685  25.486 0.0000000000
23493  42.935  33.404  8.016 0.0000000000
24557  47.312  31.689  23.468 0.0000000000
24558  47.674  31.948  24.589 0.0000000000
25779  39.649  28.678  16.342 0.0000000000
28859  42.354  36.167  22.896 0.0000000000
29804  47.570  29.914  10.445 0.0000000000
29808  42.603  30.205  20.784 0.0000000000
29812  42.593  27.759  21.876 0.0000000000
29814  42.699  27.118  22.747 0.0000000000
32302  38.261  33.128  10.266 0.0000000000
32307  36.161  32.623  14.898 0.0000000000
32311  39.455  30.925  18.114 0.0000000000
32315  39.704  33.759  19.810 0.0000000000
32318  40.502  33.103  19.776 0.0000000000
32325  47.237  30.604  23.801 0.0000000000
41208  39.036  33.435  9.563 0.0000000000
41210  39.790  33.403  9.278 0.0000000000
41211  40.527  33.370  9.011 0.0000000000
41798  36.737  36.132  17.351 0.0000000000
41799  37.064  36.500  17.779 0.0000000000
41800  45.966  33.967  25.760 0.0000000000
41803  46.908  32.855  26.138 0.0000000000
41804  46.584  32.945  26.582 0.0000000000
42482  40.707  29.899  19.276 0.0000000000
44198  39.939  39.212  20.636 0.0000000000
44872  46.341  32.024  7.396 0.0000000000
44873  46.819  31.719  7.658 0.0000000000
44885  41.247  25.180  23.952 0.0000000000
44913  44.926  32.584  7.570 0.0000000000
44915  45.681  32.420  7.277 0.0000000000
46680  41.080  35.505  21.817 0.0000000000
46681  40.788  35.249  21.469 0.0000000000
48723  40.787  27.911  15.679 0.0000000000
48725  41.360  27.866  15.372 0.0000000000
48727  41.721  27.582  15.630 0.0000000000
54481  44.189  27.201  25.405 0.0000000000
54514  42.138  33.538  8.183 0.0000000000
54515  42.841  33.216  8.384 0.0000000000
56288  47.273  32.323  23.914 0.0000000000
58323  39.663  28.988  17.583 0.0000000000
63488  43.104  36.110  23.330 0.0000000000
65500  47.778  31.219  8.431 0.0000000000
65502  48.166  30.879  8.678 0.0000000000
65504  47.894  30.754  9.220 0.0000000000
65512  46.938  30.135  10.695 0.0000000000
65514  46.598  29.877  11.139 0.0000000000
65515  45.457  29.207  12.363 0.0000000000
65520  43.288  30.033  21.310 0.0000000000
65523  43.700  28.520  22.437 0.0000000000
65536  42.023  26.314  22.007 0.0000000000
65537  41.833  25.979  22.311 0.0000000000
70897  37.536  33.146  10.515 0.0000000000
70899  37.312  32.782  11.177 0.0000000000
70924  39.227  34.832  20.157 0.0000000000
70925  39.664  34.388  20.233 0.0000000000
70927  40.129  33.997  20.279 0.0000000000
70945  45.846  30.733  22.371 0.0000000000
70952  47.555  30.755  24.372 0.0000000000
70953  46.962  29.079  25.603 0.0000000000
70955  46.600  29.105  25.067 0.0000000000
70957  46.123  28.621  25.327 0.0000000000
70958  45.625  28.069  25.600 0.0000000000
77058  43.387  27.739  14.530 0.0000000000
77059  43.710  28.015  14.053 0.0000000000
77067  40.651  28.001  18.778 0.0000000000
77068  40.719  27.663  18.210 0.0000000000
92588  42.489  32.759  9.207 0.0000000000
92612  40.606  33.680  8.526 0.0000000000
93669  36.422  35.769  16.853 0.0000000000
93672  45.243  34.744  24.676 0.0000000000
93679  47.295  32.237  26.318 0.0000000000
94896  39.371  30.150  17.825 0.0000000000
94897  39.213  29.757  17.308 0.0000000000
94898  39.619  29.767  18.023 0.0000000000
94900  39.985  29.056  18.313 0.0000000000
97987  39.043  39.106  19.566 0.0000000000
97988  39.062  38.528  19.808 0.0000000000
97990  40.010  38.578  20.800 0.0000000000
99205  47.328  31.457  8.018 0.0000000000
99217  43.981  29.429  22.018 0.0000000000
99220  43.824  28.188  22.907 0.0000000000
99224  41.929  25.978  23.612 0.0000000000
99225  41.738  25.864  23.057 0.0000000000
99226  41.591  25.677  22.603 0.0000000000
102443  36.697  32.898  11.607 0.0000000000
102445  36.211  32.804  12.837 0.0000000000
102446  36.244  32.555  13.577 0.0000000000
102447  36.719  33.206  16.816 0.0000000000
102448  36.512  32.788  16.221 0.0000000000
102449  36.998  32.758  16.898 0.0000000000
102460  40.896  34.533  21.207 0.0000000000
102473  46.412  30.886  22.734 0.0000000000
102474  47.842  30.327  25.836 0.0000000000
102476  47.650  29.697  26.037 0.0000000000
106140  42.648  27.781  14.766 0.0000000000
106144  41.428  28.114  20.115 0.0000000000
106146  41.240  27.385  19.084 0.0000000000
116214  43.160  26.142  25.563 0.0000000000
116215  42.790  26.123  25.136 0.0000000000
116216  42.309  25.677  25.131 0.0000000000
116217  41.804  25.212  25.038 0.0000000000
116218  41.293  24.753  24.918 0.0000000000
116258  43.682  33.186  7.784 0.0000000000
116259  44.244  32.709  7.872 0.0000000000
118722  36.106  34.806  16.491 0.0000000000
118723  36.213  34.230  16.591 0.0000000000
118724  36.456  33.699  16.735 0.0000000000
118740  47.034  32.115  23.384 0.0000000000
118743  47.649  32.107  25.219 0.0000000000
121589  39.181  29.378  16.729 0.0000000000
121590  39.332  29.034  16.192 0.0000000000
121592  39.971  28.425  15.830 0.0000000000
121593  40.310  28.082  16.048 0.0000000000
121595  42.023  26.836  21.151 0.0000000000
121596  41.893  27.027  20.609 0.0000000000
128792  41.356  35.859  22.133 0.0000000000
128800  41.616  36.218  22.477 0.0000000000
128803  43.600  35.632  23.452 0.0000000000
128804  44.242  35.511  23.980 0.0000000000
128807  44.745  35.272  24.565 0.0000000000
131364  47.597  30.574  9.705 0.0000000000
131365  47.898  30.217  9.961 0.0000000000
131370  46.348  29.577  11.602 0.0000000000
131376  41.933  30.320  20.219 0.0000000000
131377  41.383  29.954  19.905 0.0000000000
131385  42.300  27.985  21.392 0.0000000000
131389  43.427  27.707  23.034 0.0000000000
131391  42.985  27.230  23.121 0.0000000000
131393  42.750  27.433  22.320 0.0000000000
131396  42.072  26.623  21.595 0.0000000000
138184  36.012  32.880  14.205 0.0000000000
138186  36.456  32.450  15.642 0.0000000000
138197  39.121  30.521  17.641 0.0000000000
138198  39.734  30.579  18.255 0.0000000000
138201  37.449  36.297  18.480 0.0000000000
138202  37.555  35.697  18.691 0.0000000000
138203  37.704  35.128  18.855 0.0000000000
138205  38.424  34.959  19.533 0.0000000000
138215  40.962  33.885  20.774 0.0000000000
138216  40.579  33.650  20.284 0.0000000000
138217  40.115  33.439  19.817 0.0000000000
138220  40.401  32.485  19.268 0.0000000000
138230  43.952  30.222  21.621 0.0000000000
138232  44.575  30.415  21.858 0.0000000000
138233  44.584  29.977  22.087 0.0000000000
138237  46.939  31.542  22.921 0.0000000000
138238  46.947  30.996  23.117 0.0000000000
138246  45.237  28.123  25.085 0.0000000000
138336  38.279  33.483  9.786 0.0000000000
145687  44.080  28.354  13.518 0.0000000000
145688  44.801  28.343  13.340 0.0000000000
145701  41.727  27.061  19.959 0.0000000000
145702  41.565  27.055  19.280 0.0000000000
172  37.114  37.142  17.493 0.0000000000
1857  41.142  27.651  15.947 0.0000000000
3398  36.240  33.329  16.133 0.0000000000
4082  39.895  28.647  17.768 0.0000000000
5782  38.614  38.729  19.145 0.0000000000
6194  43.419  28.073  22.581 0.0000000000
7252  36.883  33.263  10.911 0.0000000000
7261  46.485  28.570  25.863 0.0000000000
8195  43.833  27.414  14.823 0.0000000000
10488  38.287  33.824  9.296 0.0000000000
10490  39.829  33.739  8.699 0.0000000000
11077  36.498  36.408  16.620 0.0000000000
11084  46.985  32.297  26.764 0.0000000000
13479  40.418  38.890  21.265 0.0000000000
14152  47.179  31.871  7.102 0.0000000000
14153  48.072  31.311  7.810 0.0000000000
14166  41.149  25.210  22.430 0.0000000000
14193  44.362  33.001  7.500 0.0000000000
14195  45.831  32.721  6.875 0.0000000000
15954  35.917  33.073  13.407 0.0000000000
15960  40.382  35.776  21.309 0.0000000000
15961  39.655  35.187  20.563 0.0000000000
15970  47.791  29.636  26.619 0.0000000000
23475  42.658  25.639  25.591 0.0000000000
23476  41.576  24.672  25.446 0.0000000000
24549  35.900  34.465  15.871 0.0000000000
25780  40.276  27.955  16.716 0.0000000000
25781  42.041  26.327  21.190 0.0000000000
25782  41.991  26.718  20.156 0.0000000000
28853  37.778  36.730  18.887 0.0000000000
28856  40.947  36.419  22.002 0.0000000000
28860  43.776  36.009  23.761 0.0000000000
28861  44.726  35.506  24.914 0.0000000000
29800  48.815  30.634  8.348 0.0000000000
29801  48.226  30.354  9.428 0.0000000000
29805  46.971  29.455  11.302 0.0000000000
29809  41.490  29.599  20.156 0.0000000000
29816  41.746  25.772  21.910 0.0000000000
32313  38.132  35.491  19.344 0.0000000000
32328  45.458  27.530  26.203 0.0000000000
34888  44.473  27.975  13.835 0.0000000000
34891  40.384  27.984  18.056 0.0000000000
34893  41.841  26.747  18.861 0.0000000000
41209  39.083  33.773  8.999 0.0000000000
41797  36.804  36.745  17.095 0.0000000000
44197  39.861  39.805  20.482 0.0000000000
44199  40.337  39.548  21.100 0.0000000000
44211  39.559  40.171  20.006 0.0000000000
44886  41.043  25.077  23.394 0.0000000000
44887  40.792  24.706  23.820 0.0000000000
44889  40.511  24.320  24.250 0.0000000000
44914  45.047  32.871  7.163 0.0000000000
44916  46.498  32.229  6.947 0.0000000000
46673  35.845  33.341  12.627 0.0000000000
46691  47.499  28.984  26.748 0.0000000000
54480  44.581  27.139  25.850 0.0000000000
54482  44.062  26.603  25.923 0.0000000000
54484  43.011  25.536  26.047 0.0000000000
54486  42.126  25.149  25.543 0.0000000000
56274  35.872  35.101  15.765 0.0000000000
56290  47.565  31.631  26.554 0.0000000000
56291  47.800  31.681  25.971 0.0000000000
58324  39.420  28.997  16.892 0.0000000000
58325  39.695  28.601  17.016 0.0000000000
58326  39.962  28.314  16.483 0.0000000000
63474  38.603  38.154  19.413 0.0000000000
63475  40.009  37.928  21.061 0.0000000000
63476  39.586  37.573  20.710 0.0000000000
63486  41.937  36.682  22.758 0.0000000000
63487  42.663  36.605  23.216 0.0000000000
63489  43.364  36.521  23.669 0.0000000000
63513  38.781  39.450  19.030 0.0000000000
65501  48.466  31.014  8.148 0.0000000000
65503  48.520  30.506  8.886 0.0000000000
65513  47.235  29.637  10.898 0.0000000000
65516  46.068  29.198  12.089 0.0000000000
65517  45.786  28.761  12.607 0.0000000000
65519  45.461  28.314  13.143 0.0000000000
65521  42.597  29.784  21.029 0.0000000000
65522  43.354  29.637  21.525 0.0000000000
65524  43.397  28.794  21.969 0.0000000000
65525  43.240  28.434  22.122 0.0000000000
65526  42.753  28.226  21.778 0.0000000000
65527  43.016  27.951  22.233 0.0000000000
70906  35.920  33.147  14.788 0.0000000000
70907  36.156  32.939  15.500 0.0000000000
70921  37.961  36.101  19.164 0.0000000000
70923  40.046  34.690  20.678 0.0000000000
70950  47.618  31.298  24.195 0.0000000000
70951  47.334  31.152  23.608 0.0000000000
70959  45.981  28.024  26.059 0.0000000000
71030  36.840  33.648  10.393 0.0000000000
71031  37.551  33.539  10.071 0.0000000000
77060  44.125  27.672  14.337 0.0000000000
77069  40.645  27.645  17.553 0.0000000000
77070  41.001  27.367  17.750 0.0000000000
77072  41.894  26.744  19.515 0.0000000000
92610  39.922  34.032  8.214 0.0000000000
92611  40.687  33.948  8.052 0.0000000000
93667  36.185  36.043  16.098 0.0000000000
93668  36.101  35.412  16.332 0.0000000000
93680  47.319  31.641  26.985 0.0000000000
97991  40.468  38.267  21.460 0.0000000000
98013  39.188  39.824  19.516 0.0000000000
99204  47.651  31.594  7.449 0.0000000000
99227  41.300  25.399  22.957 0.0000000000
99275  43.794  33.425  7.455 0.0000000000
102442  36.335  33.435  11.326 0.0000000000
102444  36.222  33.104  12.086 0.0000000000
102458  40.030  35.481  20.967 0.0000000000
102459  40.455  34.992  21.106 0.0000000000
102477  47.279  29.082  26.179 0.0000000000
102478  46.839  28.491  26.365 0.0000000000
106141  43.100  27.464  15.049 0.0000000000
106142  41.810  28.488  20.648 0.0000000000
106143  41.231  28.452  19.964 0.0000000000
116213  43.508  26.111  25.966 0.0000000000
116219  40.780  24.348  24.770 0.0000000000
116220  41.057  24.250  25.324 0.0000000000
116255  41.454  33.842  7.905 0.0000000000
116256  42.213  33.726  7.807 0.0000000000
116257  43.017  33.585  7.642 0.0000000000
118721  36.030  33.879  16.002 0.0000000000
118741  47.525  31.817  24.023 0.0000000000
118742  47.808  31.446  24.764 0.0000000000
118744  47.834  31.573  25.376 0.0000000000
118745  47.884  30.984  25.587 0.0000000000
118746  47.939  30.321  26.423 0.0000000000
121594  40.645  27.763  16.282 0.0000000000
121597  42.047  26.533  20.732 0.0000000000
128783  37.378  36.913  18.189 0.0000000000
128787  39.051  37.868  20.088 0.0000000000
128791  40.640  36.056  21.648 0.0000000000
128799  41.232  36.781  22.332 0.0000000000
128806  44.323  35.822  24.305 0.0000000000
128808  45.143  34.937  25.080 0.0000000000
128809  45.474  34.511  25.581 0.0000000000
128810  45.642  34.037  26.164 0.0000000000
131357  48.543  29.908  9.632 0.0000000000
131366  48.230  29.660  10.171 0.0000000000
131367  47.856  29.366  10.661 0.0000000000
131371  46.667  29.107  11.826 0.0000000000
131378  42.023  29.935  20.496 0.0000000000
131381  43.410  29.249  21.753 0.0000000000
131384  42.337  28.380  21.250 0.0000000000
131392  43.094  27.557  22.671 0.0000000000
131397  41.912  26.066  21.572 0.0000000000
131399  41.463  25.481  22.127 0.0000000000
138183  35.754  33.405  14.053 0.0000000000
138204  38.828  35.282  19.991 0.0000000000
138247  45.071  27.657  25.722 0.0000000000
138335  37.554  33.877  9.586 0.0000000000
145689  45.162  27.924  13.650 0.0000000000
145692  40.866  29.581  19.516 0.0000000000
145693  40.415  29.171  19.041 0.0000000000
145694  40.197  28.737  18.495 0.0000000000
145695  40.779  28.407  19.319 0.0000000000
145696  40.410  28.379  18.645 0.0000000000
145703  41.438  27.037  18.593 0.0000000000
145706  41.397  27.056  17.944 0.0000000000
145709  41.523  27.360  16.189 0.0000000000
145710  42.094  27.264  15.881 0.0000000000
145711  42.812  27.169  15.657 0.0000000000
152199  45.544  33.759  26.670 0.0000000000
152226  46.024  33.209  26.891 0.0000000000
152227  46.460  32.571  27.097 0.0000000000
652  40.241  40.143  20.959 0.0000000000
878  48.877  29.374  9.843 0.0000000000
2800  44.489  26.449  26.413 0.0000000000
2810  40.051  34.296  7.724 0.0000000000
2811  43.141  33.843  7.299 0.0000000000
3397  35.920  35.697  15.540 0.0000000000
3404  47.580  31.003  27.254 0.0000000000
5784  40.537  37.695  21.659 0.0000000000
5785  42.945  37.011  23.561 0.0000000000
6193  41.698  28.861  20.475 0.0000000000
10481  43.380  25.453  26.469 0.0000000000
13490  39.693  40.955  20.028 0.0000000000
13491  38.986  40.228  19.010 0.0000000000
14167  40.605  24.649  23.248 0.0000000000
14169  40.025  23.921  24.105 0.0000000000
15952  35.895  33.668  11.855 0.0000000000
15972  47.166  28.395  26.887 0.0000000000
23477  40.518  23.894  25.142 0.0000000000
23492  41.570  34.056  7.482 0.0000000000
24548  35.719  33.747  14.649 0.0000000000
24559  47.931  31.010  26.198 0.0000000000
25767  48.215  28.929  10.926 0.0000000000
28854  38.645  37.507  19.723 0.0000000000
28855  39.761  36.937  20.964 0.0000000000
28858  41.594  37.223  22.623 0.0000000000
28862  45.101  34.536  25.984 0.0000000000
29806  46.381  28.721  12.345 0.0000000000
29807  45.770  27.838  13.435 0.0000000000
29810  42.752  29.392  21.284 0.0000000000
29811  42.806  28.617  21.632 0.0000000000
32358  36.914  34.034  9.920 0.0000000000
34890  40.563  28.799  19.188 0.0000000000
34892  40.998  27.388  17.135 0.0000000000
34894  41.848  26.800  17.548 0.0000000000
34895  41.955  27.064  16.446 0.0000000000
34896  43.296  26.890  15.965 0.0000000000
37077  44.937  33.885  26.840 0.0000000000
37086  45.870  32.800  27.351 0.0000000000
41808  37.319  37.949  17.339 0.0000000000
41810  37.023  37.550  16.981 0.0000000000
41811  36.723  37.189  16.514 0.0000000000
44210  39.959  40.536  20.511 0.0000000000
44888  40.304  24.279  23.710 0.0000000000
46672  35.594  33.947  12.412 0.0000000000
46674  35.617  33.646  13.206 0.0000000000
46690  47.705  28.877  27.275 0.0000000000
46692  47.423  28.243  27.364 0.0000000000
48705  49.170  29.635  9.332 0.0000000000
54483  42.832  24.940  26.451 0.0000000000
54485  42.515  25.028  26.012 0.0000000000
54487  41.906  24.580  25.931 0.0000000000
54488  41.333  24.158  25.813 0.0000000000
54506  39.275  34.383  7.923 0.0000000000
54512  40.828  34.183  7.583 0.0000000000
56272  35.665  35.382  14.902 0.0000000000
56273  35.696  34.747  15.117 0.0000000000
56292  47.806  30.961  26.811 0.0000000000
56293  47.998  30.262  27.013 0.0000000000
56313  36.112  36.476  15.467 0.0000000000
58327  40.005  28.241  17.203 0.0000000000
58328  42.000  25.818  21.192 0.0000000000
58329  42.209  26.072  20.835 0.0000000000
63472  38.196  38.358  18.696 0.0000000000
63473  38.169  37.752  18.975 0.0000000000
63477  40.148  37.309  21.303 0.0000000000
63478  40.356  36.679  21.498 0.0000000000
63479  40.677  37.045  21.863 0.0000000000
63485  42.238  37.113  23.067 0.0000000000
63491  44.295  36.065  24.703 0.0000000000
63492  44.472  35.636  25.255 0.0000000000
63493  44.892  35.047  25.495 0.0000000000
63514  38.587  39.825  18.538 0.0000000000
63515  38.371  39.085  18.590 0.0000000000
65518  46.074  28.318  12.890 0.0000000000
65538  40.809  24.796  22.286 0.0000000000
65539  41.100  25.011  21.932 0.0000000000
70905  35.906  33.453  15.391 0.0000000000
70920  38.367  36.502  19.604 0.0000000000
70922  38.568  35.879  19.807 0.0000000000
71028  36.329  33.845  10.811 0.0000000000
71029  36.329  34.260  10.278 0.0000000000
77061  44.871  27.615  14.174 0.0000000000
77062  44.564  27.336  14.654 0.0000000000
77063  41.578  29.233  20.298 0.0000000000
77064  40.959  29.228  19.691 0.0000000000
77065  41.040  28.847  19.822 0.0000000000
77071  42.252  26.434  19.749 0.0000000000
77073  42.226  26.484  19.142 0.0000000000
77079  42.565  26.963  16.189 0.0000000000
82486  46.271  32.122  27.588 0.0000000000
92593  43.907  25.989  26.427 0.0000000000
92606  37.605  34.290  9.080 0.0000000000
92608  38.365  34.155  8.740 0.0000000000
92609  39.170  34.101  8.442 0.0000000000
93693  36.409  36.845  16.037 0.0000000000
97997  43.562  36.897  24.037 0.0000000000
98012  39.346  40.591  19.515 0.0000000000
99202  47.956  31.677  6.906 0.0000000000
99203  48.407  31.396  7.240 0.0000000000
99228  40.881  24.965  22.827 0.0000000000
99276  43.932  33.733  7.122 0.0000000000
99277  44.531  33.276  7.212 0.0000000000
99278  45.251  33.195  6.893 0.0000000000
99279  46.010  33.085  6.560 0.0000000000
99281  46.644  32.542  6.603 0.0000000000
99282  47.307  32.070  6.706 0.0000000000
102456  39.654  35.998  20.808 0.0000000000
102457  39.280  35.683  20.428 0.0000000000
102479  46.344  27.916  26.547 0.0000000000
102480  46.697  27.778  27.024 0.0000000000
102522  35.873  34.064  11.305 0.0000000000
115253  40.704  39.880  21.556 0.0000000000
116221  40.792  23.777  25.663 0.0000000000
116254  42.335  33.936  7.397 0.0000000000
118718  35.540  34.025  13.837 0.0000000000
118720  35.761  34.070  15.275 0.0000000000
118747  47.952  29.568  27.171 0.0000000000
121563  48.553  29.119  10.400 0.0000000000
121598  42.272  26.319  20.370 0.0000000000
128782  37.414  37.549  17.842 0.0000000000
128784  37.738  37.339  18.565 0.0000000000
128785  38.205  37.117  19.339 0.0000000000
128788  39.169  37.200  20.393 0.0000000000
128790  40.054  36.333  21.121 0.0000000000
128793  40.795  39.251  21.726 0.0000000000
128794  40.867  38.588  21.860 0.0000000000
128795  40.951  38.025  22.036 0.0000000000
128798  41.056  37.406  22.195 0.0000000000
128805  43.957  36.377  24.125 0.0000000000
131352  48.777  31.089  7.575 0.0000000000
131353  49.114  30.766  7.830 0.0000000000
131354  49.454  30.422  8.053 0.0000000000
131355  49.143  30.287  8.567 0.0000000000
131356  48.844  30.131  9.106 0.0000000000
131368  47.570  29.172  11.123 0.0000000000
131369  47.298  28.907  11.573 0.0000000000
131372  46.998  28.600  12.081 0.0000000000
131379  42.110  29.546  20.715 0.0000000000
131382  42.806  29.009  21.468 0.0000000000
131383  42.266  28.777  21.085 0.0000000000
131398  41.725  25.548  21.471 0.0000000000
131400  41.420  25.272  21.690 0.0000000000
131415  40.242  23.950  24.583 0.0000000000
138248  44.951  27.060  26.338 0.0000000000
138249  45.838  27.361  26.670 0.0000000000
138250  45.323  26.910  26.783 0.0000000000
138334  36.962  34.411  9.422 0.0000000000
145690  45.531  27.534  13.995 0.0000000000
145697  40.142  28.330  17.925 0.0000000000
145698  40.327  27.927  17.388 0.0000000000
145699  40.629  27.663  16.919 0.0000000000
145700  41.003  27.452  16.523 0.0000000000
145704  42.227  26.490  18.518 0.0000000000
145705  41.803  26.752  18.207 0.0000000000
145707  41.395  27.108  17.360 0.0000000000
145708  41.427  27.184  16.751 0.0000000000
145712  43.549  27.134  15.385 0.0000000000
145715  44.280  27.083  15.166 0.0000000000
152198  45.049  34.210  26.422 0.0000000000
152225  45.396  33.430  27.140 0.0000000000
152228  46.846  31.909  27.311 0.0000000000
152229  47.191  31.223  27.539 0.0000000000
1462  35.397  34.290  12.993 0.0000000000
1466  47.676  28.107  27.877 0.0000000000
2802  42.235  24.492  26.363 0.0000000000
2808  37.078  34.854  8.940 0.0000000000
4075  47.641  28.412  11.869 0.0000000000
4083  41.881  25.330  21.114 0.0000000000
4084  42.627  26.239  19.485 0.0000000000
5783  38.957  36.235  20.253 0.0000000000
5786  44.189  35.691  25.625 0.0000000000
6187  48.694  31.420  6.699 0.0000000000
6188  50.148  30.165  7.795 0.0000000000
6196  40.427  24.331  22.143 0.0000000000
6213  46.243  33.413  6.335 0.0000000000
10489  38.518  34.516  8.220 0.0000000000
11088  37.550  38.724  17.220 0.0000000000
11090  36.955  37.979  16.378 0.0000000000
11091  36.343  37.271  15.368 0.0000000000
13483  43.950  36.626  24.612 0.0000000000
14194  44.716  33.646  6.903 0.0000000000
14196  47.447  32.353  6.386 0.0000000000
15973  46.220  27.211  27.138 0.0000000000
15996  35.894  34.492  10.756 0.0000000000
17985  49.453  29.875  8.838 0.0000000000
18012  42.683  26.267  18.298 0.0000000000
23063  41.075  39.667  22.139 0.0000000000
23478  41.077  23.696  26.118 0.0000000000
24547  35.438  35.028  14.246 0.0000000000
24560  47.906  29.515  27.625 0.0000000000
25783  42.521  25.868  20.565 0.0000000000
28852  37.790  37.956  18.250 0.0000000000
28857  41.291  38.373  22.391 0.0000000000
28872  38.166  39.442  18.044 0.0000000000
29799  49.494  30.790  7.346 0.0000000000
29817  41.116  24.780  21.471 0.0000000000
32329  45.218  26.186  27.317 0.0000000000
34889  45.268  27.268  14.522 0.0000000000
34897  44.741  26.822  15.559 0.0000000000
37087  46.677  31.414  27.800 0.0000000000
41809  37.255  38.332  16.862 0.0000000000
44208  40.356  40.923  21.028 0.0000000000
44209  40.109  41.344  20.581 0.0000000000
46693  47.061  27.621  27.478 0.0000000000
46694  47.364  27.475  27.936 0.0000000000
46715  35.357  34.710  12.415 0.0000000000
46716  35.545  34.350  11.852 0.0000000000
48706  49.768  29.392  9.129 0.0000000000
48707  49.506  29.124  9.621 0.0000000000
54489  41.641  24.076  26.216 0.0000000000
54507  38.652  34.810  7.703 0.0000000000
54508  39.417  34.669  7.447 0.0000000000
54510  40.225  34.560  7.266 0.0000000000
54511  40.968  34.419  7.165 0.0000000000
56294  47.826  30.273  27.466 0.0000000000
56314  36.012  36.924  14.795 0.0000000000
56315  35.793  36.104  14.864 0.0000000000
56316  35.506  35.773  14.194 0.0000000000
58305  47.933  28.683  11.389 0.0000000000
58306  48.553  28.457  11.228 0.0000000000
58330  42.250  25.598  20.850 0.0000000000
63481  41.183  39.016  22.262 0.0000000000
63483  42.558  37.510  23.430 0.0000000000
63484  41.952  37.640  22.926 0.0000000000
63490  44.131  36.201  25.149 0.0000000000
63494  44.601  35.107  25.801 0.0000000000
63516  38.002  38.731  18.149 0.0000000000
65499  49.110  31.103  7.026 0.0000000000
65540  40.795  24.544  21.793 0.0000000000
65550  40.247  23.451  25.456 0.0000000000
65551  40.003  23.528  24.957 0.0000000000
65618  42.469  34.165  6.998 0.0000000000
65620  43.282  34.098  6.910 0.0000000000
65621  45.480  33.525  6.659 0.0000000000
65628  48.079  31.827  6.455 0.0000000000
70961  45.730  26.684  27.237 0.0000000000
77075  42.225  26.494  17.909 0.0000000000
77076  42.345  26.609  17.308 0.0000000000
77077  41.886  26.899  17.008 0.0000000000
77078  42.430  26.766  16.742 0.0000000000
77080  43.046  26.680  16.537 0.0000000000
82461  44.444  34.347  26.596 0.0000000000
82462  44.253  33.943  27.058 0.0000000000
82484  45.170  32.928  27.598 0.0000000000
82485  45.646  32.299  27.831 0.0000000000
82487  46.041  31.631  28.073 0.0000000000
92592  44.353  25.803  26.950 0.0000000000
92594  43.777  25.323  26.938 0.0000000000
92595  43.211  24.797  26.919 0.0000000000
92596  42.583  24.388  26.815 0.0000000000
92607  37.733  34.663  8.555 0.0000000000
93692  36.664  37.623  15.889 0.0000000000
94887  47.338  28.161  12.358 0.0000000000
97996  43.145  37.395  23.973 0.0000000000
97998  43.575  37.152  24.524 0.0000000000
98009  39.843  41.754  20.098 0.0000000000
98010  39.499  41.403  19.565 0.0000000000
98011  39.156  41.035  19.034 0.0000000000
99229  40.490  24.558  22.669 0.0000000000
99231  40.166  24.235  23.123 0.0000000000
99232  39.835  23.868  23.588 0.0000000000
99233  39.548  23.528  23.927 0.0000000000
99280  46.820  32.926  6.283 0.0000000000
102481  46.631  27.039  27.614 0.0000000000
102521  35.544  34.806  11.284 0.0000000000
106101  49.787  30.084  8.268 0.0000000000
106148  42.627  26.289  18.859 0.0000000000
115252  40.598  40.519  21.409 0.0000000000
115254  40.959  40.263  21.977 0.0000000000
116222  40.518  23.330  25.931 0.0000000000
116253  41.700  34.281  7.074 0.0000000000
118717  35.380  34.662  13.617 0.0000000000
118719  35.549  34.383  14.458 0.0000000000
118748  47.849  28.773  27.753 0.0000000000
121564  49.203  28.852  10.151 0.0000000000
121565  48.876  28.637  10.690 0.0000000000
121599  42.618  26.111  20.084 0.0000000000
128786  38.754  36.850  20.028 0.0000000000
128789  39.361  36.577  20.624 0.0000000000
128797  41.443  37.794  22.524 0.0000000000
128834  38.811  40.602  18.532 0.0000000000
128835  38.455  40.192  18.037 0.0000000000
128838  37.641  38.351  17.710 0.0000000000
131351  49.835  30.475  7.600 0.0000000000
131373  46.697  28.229  12.625 0.0000000000
131374  46.399  27.778  13.171 0.0000000000
131375  46.115  27.415  13.757 0.0000000000
131380  42.220  29.156  20.903 0.0000000000
131401  41.515  25.038  21.290 0.0000000000
131416  39.770  23.562  24.431 0.0000000000
131504  44.117  34.094  6.807 0.0000000000
138251  44.848  26.347  26.887 0.0000000000
138331  36.558  35.074  9.313 0.0000000000
138332  35.981  34.906  10.184 0.0000000000
138333  36.426  34.638  9.789 0.0000000000
145691  45.904  27.168  14.359 0.0000000000
145713  43.791  26.633  16.291 0.0000000000
145714  44.031  26.856  15.732 0.0000000000
145716  45.002  27.026  15.022 0.0000000000
152197  44.553  34.731  26.220 0.0000000000
152224  44.716  33.473  27.321 0.0000000000
152231  47.064  30.710  28.038 0.0000000000
152232  47.505  30.544  27.802 0.0000000000
384  46.508  27.054  14.182 0.0000000000
2803  39.978  22.952  25.730 0.0000000000
5790  39.305  41.812  19.110 0.0000000000
6198  39.077  23.147  23.721 0.0000000000
8197  42.930  26.475  17.083 0.0000000000
8943  43.523  33.946  27.362 0.0000000000
8946  45.426  31.750  28.315 0.0000000000
10480  44.153  25.120  27.389 0.0000000000
10482  42.955  24.242  27.275 0.0000000000
11755  47.038  27.717  12.968 0.0000000000
13481  42.236  38.049  23.306 0.0000000000
13482  43.174  37.663  24.443 0.0000000000
13488  40.445  41.770  21.145 0.0000000000
13489  39.958  42.583  20.224 0.0000000000
14168  39.717  23.804  23.003 0.0000000000
15974  46.969  26.882  28.053 0.0000000000
15995  35.322  35.154  11.846 0.0000000000
17987  50.148  28.901  9.460 0.0000000000
18014  44.258  26.355  16.729 0.0000000000
23062  40.861  40.902  21.890 0.0000000000
23489  38.843  35.117  7.242 0.0000000000
23490  40.345  34.781  6.877 0.0000000000
23491  41.872  34.496  6.686 0.0000000000
24573  35.672  36.546  14.174 0.0000000000
25768  49.487  28.379  10.525 0.0000000000
25769  48.912  27.967  11.571 0.0000000000
28871  38.598  40.942  17.971 0.0000000000
29823  39.488  23.123  24.768 0.0000000000
29855  43.446  34.363  6.579 0.0000000000
32357  36.106  35.334  9.708 0.0000000000
37076  43.936  34.878  26.426 0.0000000000
37085  44.486  33.009  27.843 0.0000000000
37088  47.404  29.992  28.331 0.0000000000
41201  43.564  24.658  27.363 0.0000000000
42475  46.754  27.347  13.590 0.0000000000
44203  43.453  37.311  25.011 0.0000000000
46713  35.238  35.070  13.008 0.0000000000
46714  35.248  35.470  12.414 0.0000000000
53798  41.149  40.609  22.461 0.0000000000
54503  36.731  35.495  8.849 0.0000000000
54505  37.275  35.252  8.444 0.0000000000
54509  39.561  34.915  6.993 0.0000000000
58307  48.285  28.188  11.694 0.0000000000
63480  41.367  39.412  22.733 0.0000000000
63482  41.493  38.774  22.778 0.0000000000
63506  39.643  42.177  19.659 0.0000000000
63512  38.950  41.358  18.506 0.0000000000
65497  49.458  31.133  6.483 0.0000000000
65498  49.844  30.862  6.768 0.0000000000
65541  40.829  24.288  21.329 0.0000000000
65542  40.420  24.107  21.612 0.0000000000
65544  40.025  23.831  22.014 0.0000000000
65545  39.361  23.460  23.382 0.0000000000
65552  39.742  23.060  25.272 0.0000000000
65619  42.647  34.402  6.619 0.0000000000
65622  44.940  34.016  6.630 0.0000000000
65623  45.714  33.879  6.413 0.0000000000
65625  46.441  33.797  6.135 0.0000000000
65627  46.999  33.248  6.014 0.0000000000
65629  48.228  32.101  6.107 0.0000000000
65630  48.876  31.580  6.272 0.0000000000
70960  46.156  26.449  27.680 0.0000000000
70962  45.635  25.941  27.766 0.0000000000
70963  45.066  25.400  27.811 0.0000000000
71027  35.741  35.608  10.169 0.0000000000
76995  50.524  30.216  7.343 0.0000000000
76997  50.848  29.899  7.536 0.0000000000
77074  42.774  26.337  17.683 0.0000000000
77082  44.526  26.581  16.099 0.0000000000
77083  45.246  26.504  15.976 0.0000000000
77084  45.473  26.732  15.416 0.0000000000
82460  43.763  34.433  26.854 0.0000000000
82483  44.958  32.411  28.108 0.0000000000
82489  46.907  30.200  28.560 0.0000000000
92597  42.000  24.001  26.665 0.0000000000
92598  42.374  23.886  27.126 0.0000000000
93686  37.732  39.461  17.089 0.0000000000
93688  37.460  39.092  16.719 0.0000000000
93689  37.157  38.740  16.265 0.0000000000
93690  36.864  38.396  15.775 0.0000000000
93691  36.585  38.045  15.258 0.0000000000
94888  48.008  27.956  12.226 0.0000000000
94889  47.701  27.658  12.813 0.0000000000
94901  41.750  24.767  20.922 0.0000000000
94902  42.196  25.084  20.785 0.0000000000
97995  42.744  37.893  23.870 0.0000000000
97999  43.805  36.775  25.079 0.0000000000
98000  43.848  36.255  25.544 0.0000000000
98008  40.208  42.186  20.681 0.0000000000
99230  40.068  24.058  22.567 0.0000000000
102482  46.514  26.304  28.123 0.0000000000
102519  35.366  35.557  11.271 0.0000000000
102520  35.605  35.227  10.704 0.0000000000
106102  50.489  29.801  8.039 0.0000000000
106103  50.156  29.637  8.574 0.0000000000
106104  50.488  29.167  8.912 0.0000000000
106147  43.073  26.141  19.319 0.0000000000
106149  43.126  26.123  18.716 0.0000000000
106150  43.196  26.126  18.115 0.0000000000
106152  43.527  26.415  16.935 0.0000000000
109396  45.776  31.114  28.575 0.0000000000
115255  41.267  40.036  22.581 0.0000000000
115272  40.648  41.356  21.519 0.0000000000
116223  41.426  23.613  26.516 0.0000000000
116224  40.845  23.216  26.352 0.0000000000
116225  40.249  22.864  26.146 0.0000000000
116245  37.909  35.026  8.040 0.0000000000
116246  38.142  35.353  7.570 0.0000000000
116252  41.097  34.639  6.765 0.0000000000
118775  36.280  37.682  14.739 0.0000000000
118776  35.947  37.326  14.165 0.0000000000
118778  35.437  36.158  13.570 0.0000000000
118779  35.337  35.416  13.607 0.0000000000
121566  49.185  28.189  11.065 0.0000000000
121600  42.637  25.365  20.622 0.0000000000
121601  42.893  25.674  20.327 0.0000000000
121602  43.027  25.967  19.880 0.0000000000
128796  41.703  38.188  22.839 0.0000000000
128833  38.265  40.532  17.439 0.0000000000
128836  38.051  39.805  17.513 0.0000000000
128837  37.839  39.093  17.602 0.0000000000
131350  50.193  30.542  7.074 0.0000000000
131402  41.279  24.510  21.067 0.0000000000
131417  39.272  23.168  24.253 0.0000000000
131505  44.298  34.361  6.471 0.0000000000
131513  47.584  32.666  6.017 0.0000000000
138252  44.700  25.577  27.394 0.0000000000
138330  36.306  35.749  9.246 0.0000000000
145620  49.821  28.597  9.972 0.0000000000
145717  45.664  26.934  14.874 0.0000000000
145718  46.305  26.848  14.765 0.0000000000
152193  43.589  35.800  25.943 0.0000000000
152196  44.058  35.284  26.054 0.0000000000
152223  44.030  33.519  27.574 0.0000000000
152230  46.491  30.902  28.289 0.0000000000
152233  47.779  29.755  28.016 0.0000000000
152234  47.852  28.970  28.153 0.0000000000
152235  47.828  28.257  28.293 0.0000000000
152244  47.714  27.598  28.448 0.0000000000
152245  47.392  26.961  28.505 0.0000000000
