#!ascii label /projectnb/somerslab/tom/projects/spacetime_network/data/ROIs/probabilistic_sPCS_rh_thresh5.label , from subject  vox2ras=TkReg
2092
44  24.829  0.061  46.031 5.0000000000
51  37.666  0.653  47.309 6.0000000000
171  30.068  -10.432  47.848 8.0000000000
243  46.041  -4.682  50.071 9.0000000000
380  30.849  0.648  47.683 7.0000000000
381  37.308  -6.829  48.517 11.0000000000
872  27.789  -0.800  46.929 7.0000000000
874  33.378  -8.149  48.317 9.0000000000
876  41.962  -6.352  54.881 6.0000000000
1446  23.468  -5.516  46.479 5.0000000000
1459  26.279  -6.361  44.666 6.0000000000
1460  26.525  -11.436  47.716 5.0000000000
1589  41.514  -3.240  43.745 9.0000000000
1846  34.130  1.135  48.009 8.0000000000
1847  29.608  -5.467  44.683 8.0000000000
1848  32.965  -4.238  43.699 8.0000000000
1849  36.987  -4.317  43.425 11.0000000000
1850  41.574  -5.819  48.792 13.0000000000
1851  44.710  -7.364  52.617 7.0000000000
2767  24.403  2.211  46.739 5.0000000000
2791  27.094  1.842  48.475 5.0000000000
2792  26.339  -0.492  46.252 6.0000000000
3008  37.397  2.454  50.574 5.0000000000
3391  24.535  -8.922  46.395 5.0000000000
3608  43.925  -4.606  46.349 8.0000000000
3609  44.331  -2.373  44.671 5.0000000000
3610  46.542  -3.483  47.521 6.0000000000
4053  30.231  1.782  50.791 5.0000000000
4055  32.191  2.662  51.236 6.0000000000
4056  34.232  3.256  51.511 5.0000000000
4057  32.534  1.154  47.862 7.0000000000
4058  27.925  -8.837  45.470 8.0000000000
4059  27.982  -6.218  44.768 8.0000000000
4060  29.760  -8.243  45.467 7.0000000000
4061  35.114  -7.217  48.320 10.0000000000
4062  33.130  -6.554  45.078 9.0000000000
4063  35.081  -6.428  44.983 10.0000000000
4064  34.964  -4.454  43.494 9.0000000000
4065  37.261  -6.312  45.068 11.0000000000
4066  39.447  -5.945  45.210 12.0000000000
4067  39.466  -6.425  48.629 11.0000000000
4069  43.595  -6.643  54.016 10.0000000000
5909  47.268  -6.370  50.866 9.0000000000
5910  48.492  -4.511  49.801 7.0000000000
6176  28.438  4.257  50.489 5.0000000000
6177  28.294  1.207  49.871 5.0000000000
6178  29.425  -0.153  47.554 6.0000000000
6180  31.720  -9.352  48.093 7.0000000000
6181  33.816  -9.424  51.740 5.0000000000
6182  35.426  -8.184  52.039 6.0000000000
6183  37.437  -7.164  52.123 7.0000000000
6184  39.549  -6.434  52.232 11.0000000000
6186  41.970  -7.564  56.660 5.0000000000
7243  25.376  -3.105  45.201 6.0000000000
7244  24.684  -6.133  45.247 5.0000000000
7245  26.119  -9.267  45.638 6.0000000000
7246  28.298  -11.125  47.609 6.0000000000
7248  29.035  -12.559  50.212 5.0000000000
7547  39.052  -1.193  44.467 8.0000000000
7549  41.357  -0.487  44.770 5.0000000000
8163  35.873  3.154  51.160 5.0000000000
8164  35.773  0.756  47.622 8.0000000000
8165  26.950  -3.344  45.214 7.0000000000
8166  28.471  -3.073  45.635 8.0000000000
8167  29.792  -2.453  45.381 8.0000000000
8168  31.469  -7.430  45.404 8.0000000000
8169  31.220  -4.666  44.146 8.0000000000
8170  31.499  -1.624  45.075 8.0000000000
8171  33.224  -1.299  44.959 9.0000000000
8172  35.051  -1.553  44.611 9.0000000000
8173  37.030  -1.619  44.504 10.0000000000
8174  39.182  -3.750  43.425 12.0000000000
8175  41.646  -5.348  45.465 11.0000000000
8176  43.865  -5.163  49.413 11.0000000000
8177  41.712  -5.971  52.255 11.0000000000
8178  43.897  -5.700  52.147 11.0000000000
8179  45.810  -5.910  51.887 10.0000000000
10447  24.608  1.173  46.506 5.0000000000
10449  25.367  1.153  46.538 5.0000000000
10471  26.042  0.962  46.869 5.0000000000
10472  25.605  -0.160  46.038 5.0000000000
10688  37.314  1.507  48.812 6.0000000000
10690  38.450  1.580  48.824 5.0000000000
11288  44.975  -4.599  48.411 10.0000000000
11289  45.297  -4.054  47.003 7.0000000000
11290  46.325  -4.158  48.789 8.0000000000
11733  30.638  1.379  49.177 6.0000000000
11734  31.198  2.299  51.084 5.0000000000
11735  31.524  1.800  49.427 6.0000000000
11736  32.423  2.035  49.488 7.0000000000
11737  31.679  0.951  47.767 6.0000000000
11738  28.905  -9.738  46.442 8.0000000000
11739  28.876  -8.568  45.470 8.0000000000
11740  29.881  -9.454  46.587 8.0000000000
11741  36.168  -6.994  48.405 10.0000000000
11742  35.127  -6.878  46.565 10.0000000000
11743  36.135  -6.835  46.627 10.0000000000
11744  36.156  -6.394  44.990 10.0000000000
11745  37.284  -6.702  46.719 11.0000000000
11746  38.343  -6.564  46.811 12.0000000000
11747  38.372  -6.648  48.602 11.0000000000
13688  46.705  -7.491  49.934 5.0000000000
13689  47.856  -6.637  49.816 5.0000000000
14133  27.354  0.383  47.836 6.0000000000
14134  27.606  1.536  49.270 5.0000000000
14135  28.073  0.171  48.416 6.0000000000
14136  28.932  0.366  48.834 6.0000000000
14137  28.599  -0.615  47.355 7.0000000000
14139  33.027  -10.050  51.566 5.0000000000
14144  36.345  -7.633  52.113 6.0000000000
14145  37.551  -7.338  53.889 5.0000000000
14146  38.603  -6.839  53.872 6.0000000000
15860  22.912  -5.692  47.509 5.0000000000
15862  23.093  -4.329  46.998 5.0000000000
15864  23.614  -4.066  46.019 5.0000000000
15931  24.229  -4.436  45.525 5.0000000000
15932  24.028  -5.770  45.776 5.0000000000
15933  25.425  -10.297  46.853 5.0000000000
15934  25.298  -9.168  45.917 5.0000000000
15935  26.251  -10.291  46.510 5.0000000000
15936  27.174  -10.317  46.410 6.0000000000
15937  27.441  -11.359  47.612 6.0000000000
16583  40.154  -2.216  43.690 9.0000000000
16584  40.192  -0.878  44.545 8.0000000000
16585  41.471  -1.844  43.933 9.0000000000
17928  34.195  2.371  49.754 6.0000000000
17929  35.135  3.325  51.400 6.0000000000
17930  34.884  2.210  49.609 7.0000000000
17931  35.618  1.931  49.376 7.0000000000
17932  34.948  0.994  47.896 7.0000000000
17933  25.784  -4.797  44.866 5.0000000000
17934  26.209  -3.313  45.161 7.0000000000
17935  26.483  -4.862  44.743 7.0000000000
17936  28.859  -5.818  44.839 8.0000000000
17937  28.173  -4.654  45.079 8.0000000000
17938  28.924  -4.263  44.996 8.0000000000
17939  29.105  -2.812  45.533 7.0000000000
17940  29.614  -3.952  44.811 8.0000000000
17941  32.531  -8.719  48.251 7.0000000000
17942  31.649  -8.443  46.647 8.0000000000
17943  32.442  -7.962  46.646 10.0000000000
17944  33.033  -5.524  44.096 9.0000000000
17945  32.156  -5.683  44.237 9.0000000000
17946  32.097  -4.358  43.903 9.0000000000
17947  31.266  -3.146  44.338 8.0000000000
17948  32.104  -2.853  44.186 8.0000000000
17949  32.338  -1.418  44.998 9.0000000000
17950  32.984  -2.746  44.019 9.0000000000
17951  35.974  -4.496  43.481 10.0000000000
17952  34.911  -3.055  43.702 10.0000000000
17953  35.883  -3.132  43.645 10.0000000000
17954  35.940  -1.670  44.505 9.0000000000
17955  36.920  -3.025  43.604 11.0000000000
17956  37.999  -2.752  43.578 10.0000000000
17957  38.047  -4.026  43.392 11.0000000000
17958  40.556  -6.027  46.912 12.0000000000
17959  40.523  -5.645  45.218 12.0000000000
17960  41.584  -5.747  47.076 11.0000000000
17961  42.705  -5.383  47.367 12.0000000000
17962  42.663  -5.491  49.042 12.0000000000
17963  40.765  -6.208  53.826 11.0000000000
17964  40.647  -6.164  52.261 11.0000000000
17965  41.838  -6.062  53.715 11.0000000000
17966  44.165  -6.955  53.421 9.0000000000
17967  43.823  -6.145  53.238 11.0000000000
17968  44.690  -6.330  52.865 10.0000000000
17969  44.923  -5.725  52.095 12.0000000000
17970  45.332  -6.647  52.400 10.0000000000
17971  45.913  -6.975  51.765 8.0000000000
17972  45.041  -7.760  51.794 5.0000000000
23455  27.252  3.318  48.844 5.0000000000
23456  26.580  2.143  47.903 5.0000000000
23457  26.730  0.734  47.336 6.0000000000
23458  27.070  -0.705  46.586 7.0000000000
24495  23.292  -6.923  47.108 5.0000000000
24535  23.876  -7.244  46.280 5.0000000000
24536  23.859  -8.653  47.089 5.0000000000
24537  24.627  -10.152  47.356 5.0000000000
24538  25.634  -11.317  47.964 5.0000000000
24926  42.860  -4.172  44.730 9.0000000000
24927  42.912  -2.894  44.099 8.0000000000
24928  44.260  -3.647  45.221 7.0000000000
24929  45.545  -3.118  45.884 7.0000000000
25727  29.645  2.481  52.047 5.0000000000
25729  30.743  2.740  52.547 5.0000000000
25730  31.882  3.152  52.811 5.0000000000
25731  33.097  3.589  53.098 5.0000000000
25732  34.150  3.912  53.195 5.0000000000
25733  33.199  2.998  51.400 6.0000000000
25734  33.356  2.263  49.621 7.0000000000
25735  33.383  1.225  47.952 8.0000000000
25736  27.018  -7.662  44.738 8.0000000000
25737  27.107  -6.347  44.679 9.0000000000
25738  27.917  -7.498  44.837 8.0000000000
25739  28.851  -7.136  44.874 8.0000000000
25740  29.667  -6.940  44.858 8.0000000000
25741  34.219  -7.625  48.332 9.0000000000
25742  33.254  -7.409  46.619 10.0000000000
25743  34.150  -7.033  46.548 10.0000000000
25744  34.085  -6.437  45.055 10.0000000000
25745  33.992  -5.491  43.946 10.0000000000
25746  33.951  -4.280  43.598 9.0000000000
25747  35.013  -5.617  43.896 10.0000000000
25748  36.022  -5.546  43.822 11.0000000000
25749  37.121  -5.425  43.828 11.0000000000
25750  38.216  -5.266  43.850 12.0000000000
25751  38.309  -6.132  45.102 12.0000000000
25752  39.424  -6.329  46.798 12.0000000000
25753  40.511  -6.139  48.695 11.0000000000
25754  42.732  -7.034  55.250 5.0000000000
25755  42.862  -6.444  54.462 9.0000000000
25756  43.217  -7.316  54.533 6.0000000000
25757  43.586  -7.652  53.713 6.0000000000
25758  43.843  -8.031  52.729 5.0000000000
29147  46.943  -5.286  50.977 9.0000000000
29148  47.283  -4.523  50.096 9.0000000000
29149  47.990  -5.478  50.410 8.0000000000
29771  27.606  3.121  49.628 5.0000000000
29772  28.022  2.841  50.452 5.0000000000
29773  28.643  2.510  51.172 5.0000000000
29774  29.227  1.268  50.438 5.0000000000
29775  29.783  0.817  48.973 6.0000000000
29776  30.144  0.273  47.581 6.0000000000
29777  31.144  -10.684  49.497 6.0000000000
29778  30.899  -9.855  47.981 7.0000000000
29779  31.940  -10.054  49.712 5.0000000000
29780  32.733  -9.495  49.854 6.0000000000
29781  33.546  -8.790  50.000 7.0000000000
29783  34.615  -8.783  51.919 5.0000000000
29784  34.375  -8.253  50.133 7.0000000000
29785  35.210  -7.703  50.213 8.0000000000
29786  36.229  -7.301  50.155 8.0000000000
29787  37.350  -6.995  50.354 9.0000000000
29788  38.440  -6.700  50.410 10.0000000000
29789  38.456  -6.752  52.181 8.0000000000
29790  39.697  -6.460  53.823 7.0000000000
29791  40.963  -6.408  55.163 6.0000000000
29793  41.198  -6.806  56.376 5.0000000000
29794  42.019  -6.840  55.845 5.0000000000
29795  42.432  -7.750  55.841 5.0000000000
32275  25.064  -1.519  45.553 5.0000000000
32276  24.593  -2.993  45.493 5.0000000000
32277  24.960  -4.627  45.100 6.0000000000
32278  25.473  -6.272  44.854 6.0000000000
32279  24.566  -7.636  45.706 5.0000000000
32280  25.285  -7.741  45.205 5.0000000000
32281  26.161  -7.785  44.902 7.0000000000
32282  27.063  -9.098  45.474 8.0000000000
32283  28.063  -10.041  46.308 8.0000000000
32284  29.160  -10.821  47.629 8.0000000000
32287  26.840  -12.267  48.985 5.0000000000
32289  28.139  -12.785  50.229 5.0000000000
32290  27.760  -12.180  48.813 5.0000000000
32291  28.585  -12.021  48.896 6.0000000000
32292  29.490  -11.646  48.972 5.0000000000
32293  30.310  -11.164  49.308 5.0000000000
33101  38.207  -0.295  45.841 8.0000000000
33102  38.719  0.651  47.312 5.0000000000
33103  39.353  -0.150  45.849 8.0000000000
33104  40.448  0.119  45.901 5.0000000000
33106  42.761  -1.410  44.241 5.0000000000
33112  47.611  -3.755  49.023 7.0000000000
33113  47.841  -2.916  47.813 6.0000000000
34793  35.277  4.222  53.172 5.0000000000
34797  36.383  1.615  49.113 5.0000000000
34798  36.723  0.655  47.450 8.0000000000
34799  25.878  -1.732  45.541 5.0000000000
34800  26.678  -1.895  45.602 7.0000000000
34801  27.406  -1.981  45.859 7.0000000000
34802  27.360  -4.794  44.934 7.0000000000
34803  27.716  -3.320  45.447 7.0000000000
34804  28.187  -1.850  46.197 7.0000000000
34805  28.907  -1.503  46.367 7.0000000000
34806  29.590  -1.116  46.364 7.0000000000
34807  30.282  -0.776  46.282 6.0000000000
34808  30.834  -9.030  46.514 8.0000000000
34809  30.676  -7.797  45.361 8.0000000000
34810  30.502  -6.457  44.717 8.0000000000
34811  32.311  -6.941  45.224 9.0000000000
34812  31.338  -6.045  44.557 8.0000000000
34813  30.381  -5.104  44.461 8.0000000000
34814  30.435  -3.525  44.574 8.0000000000
34815  30.651  -1.918  45.165 8.0000000000
34816  31.055  -0.449  46.231 5.0000000000
34817  31.869  -0.169  46.298 6.0000000000
34818  32.763  -0.047  46.372 8.0000000000
34819  33.611  -0.020  46.334 8.0000000000
34820  33.925  -2.851  43.875 9.0000000000
34821  34.123  -1.437  44.771 10.0000000000
34822  34.475  -0.139  46.171 9.0000000000
34823  35.359  -0.337  46.006 9.0000000000
34824  36.269  -0.416  45.866 9.0000000000
34825  37.220  -0.405  45.857 9.0000000000
34826  38.058  -1.434  44.523 9.0000000000
34827  39.078  -2.446  43.565 10.0000000000
34828  40.309  -3.508  43.530 10.0000000000
34829  39.300  -5.047  43.934 12.0000000000
34830  40.481  -4.772  44.038 11.0000000000
34831  41.656  -4.477  44.321 11.0000000000
34832  42.820  -4.998  45.853 11.0000000000
34833  43.837  -5.007  47.832 11.0000000000
34834  44.972  -4.878  49.838 11.0000000000
34835  39.495  -6.438  50.493 11.0000000000
34836  40.598  -6.224  50.577 11.0000000000
34837  41.674  -5.938  50.608 11.0000000000
34838  42.842  -5.995  53.482 11.0000000000
34839  42.767  -5.815  52.184 11.0000000000
34840  42.787  -5.620  50.707 11.0000000000
34841  43.851  -5.326  50.882 10.0000000000
34842  44.979  -5.177  51.089 11.0000000000
34843  46.001  -5.187  51.162 9.0000000000
34844  46.601  -6.148  51.504 9.0000000000
34845  46.409  -7.267  50.962 7.0000000000
41165  24.413  -0.099  46.152 5.0000000000
41166  24.276  0.496  46.351 5.0000000000
41167  24.731  0.579  46.250 5.0000000000
41168  24.988  1.190  46.450 5.0000000000
41169  25.102  0.649  46.247 5.0000000000
41191  25.494  0.521  46.297 5.0000000000
41192  25.221  -0.160  45.965 5.0000000000
41408  37.441  1.086  48.020 6.0000000000
41409  37.881  1.574  48.862 5.0000000000
41410  38.015  1.143  48.087 6.0000000000
42008  45.519  -4.604  49.318 9.0000000000
42009  45.617  -4.375  48.610 9.0000000000
42010  46.177  -4.410  49.464 9.0000000000
42453  30.765  1.020  48.360 6.0000000000
42454  31.054  1.549  49.264 5.0000000000
42455  31.151  1.235  48.515 5.0000000000
42456  31.650  1.432  48.609 6.0000000000
42457  31.283  0.813  47.701 6.0000000000
42458  29.477  -10.177  47.129 8.0000000000
42459  29.402  -9.594  46.536 8.0000000000
42460  29.927  -9.927  47.125 8.0000000000
42461  36.720  -6.920  48.446 11.0000000000
42462  36.157  -6.931  47.473 10.0000000000
42463  36.706  -6.882  47.602 11.0000000000
42464  36.719  -6.796  46.686 11.0000000000
42465  37.260  -6.809  47.679 11.0000000000
42466  37.813  -6.725  47.694 12.0000000000
42467  37.842  -6.738  48.553 12.0000000000
44409  46.817  -7.554  49.304 5.0000000000
44853  27.587  -0.262  47.452 6.0000000000
44854  27.700  0.259  48.122 6.0000000000
44855  27.922  -0.304  47.678 6.0000000000
44856  28.351  -0.267  47.838 6.0000000000
44857  28.184  -0.820  47.090 7.0000000000
44864  37.094  -7.655  53.888 5.0000000000
46580  23.132  -5.583  46.965 5.0000000000
46581  23.026  -5.033  47.231 5.0000000000
46582  23.215  -4.930  46.745 5.0000000000
46583  23.299  -4.260  46.570 5.0000000000
46584  23.513  -4.777  46.197 5.0000000000
46651  23.779  -5.029  45.948 5.0000000000
46652  23.654  -5.811  46.128 5.0000000000
46653  25.935  -10.954  47.286 5.0000000000
46654  25.788  -10.450  46.788 5.0000000000
46655  26.401  -10.917  47.003 5.0000000000
46656  26.907  -10.957  47.019 6.0000000000
46657  26.998  -11.384  47.668 5.0000000000
47303  40.819  -2.733  43.630 9.0000000000
47304  40.821  -2.025  43.804 9.0000000000
47305  41.485  -2.587  43.700 9.0000000000
48648  34.146  1.786  48.884 8.0000000000
48649  34.552  2.318  49.735 7.0000000000
48650  34.466  1.638  48.786 7.0000000000
48651  34.867  1.565  48.730 7.0000000000
48652  34.530  1.075  47.965 8.0000000000
48653  25.987  -5.630  44.662 5.0000000000
48654  26.137  -4.819  44.761 7.0000000000
48655  26.388  -5.565  44.660 7.0000000000
48656  29.251  -5.646  44.749 8.0000000000
48657  28.889  -5.088  44.934 8.0000000000
48658  29.237  -4.936  44.826 8.0000000000
48659  29.294  -4.153  45.015 8.0000000000
48660  29.593  -4.721  44.682 8.0000000000
48661  32.974  -8.460  48.283 8.0000000000
48662  32.498  -8.283  47.420 9.0000000000
48663  32.940  -8.024  47.391 9.0000000000
48664  32.990  -4.870  43.831 9.0000000000
48665  32.516  -5.011  43.875 9.0000000000
48666  32.478  -4.303  43.821 9.0000000000
48667  32.046  -3.627  43.969 8.0000000000
48668  32.512  -3.538  43.856 8.0000000000
48669  32.547  -2.770  44.103 8.0000000000
48670  32.951  -3.512  43.765 8.0000000000
48671  36.471  -4.397  43.458 11.0000000000
48672  35.896  -3.830  43.484 10.0000000000
48673  36.462  -3.784  43.484 10.0000000000
48674  36.398  -3.101  43.634 10.0000000000
48675  36.956  -3.678  43.465 11.0000000000
48676  37.491  -3.555  43.443 11.0000000000
48677  37.494  -4.200  43.388 11.0000000000
48678  41.075  -5.942  47.824 12.0000000000
48679  41.060  -5.896  46.993 12.0000000000
48680  41.591  -5.809  47.902 12.0000000000
48681  42.133  -5.621  48.014 12.0000000000
48682  42.132  -5.639  48.890 13.0000000000
48683  41.390  -6.201  54.438 8.0000000000
48684  41.312  -6.135  53.766 11.0000000000
48685  41.898  -6.169  54.329 10.0000000000
48686  44.457  -7.164  53.025 8.0000000000
48687  44.458  -6.622  53.165 10.0000000000
48688  44.788  -6.810  52.861 9.0000000000
48689  45.043  -6.474  52.636 10.0000000000
48690  45.052  -6.997  52.542 9.0000000000
48691  45.300  -7.181  52.208 8.0000000000
48692  44.918  -7.555  52.208 7.0000000000
54373  23.972  1.594  46.715 5.0000000000
54453  26.203  0.338  46.630 6.0000000000
54454  26.413  0.927  47.147 6.0000000000
54455  26.528  0.108  46.765 6.0000000000
54456  26.861  -0.014  46.979 6.0000000000
54457  26.696  -0.535  46.442 6.0000000000
56183  23.008  -7.040  47.644 5.0000000000
56184  23.275  -7.520  47.462 5.0000000000
56251  23.606  -7.820  47.059 5.0000000000
56252  23.527  -8.376  47.426 5.0000000000
56256  25.103  -10.885  47.639 5.0000000000
56903  43.468  -4.439  45.455 8.0000000000
56904  43.595  -3.927  44.957 8.0000000000
56905  44.099  -4.201  45.730 7.0000000000
56906  45.965  -3.754  47.285 7.0000000000
56907  45.398  -3.674  46.376 7.0000000000
56908  46.070  -3.339  46.663 7.0000000000
56909  46.194  -2.799  46.175 5.0000000000
56910  46.720  -3.008  46.907 5.0000000000
58238  29.933  1.932  51.389 5.0000000000
58239  30.157  2.495  52.224 5.0000000000
58240  30.472  2.246  51.674 5.0000000000
58241  31.664  2.493  51.142 5.0000000000
58242  31.514  2.726  51.965 5.0000000000
58243  32.061  2.960  52.120 5.0000000000
58244  32.487  3.406  52.994 5.0000000000
58245  32.603  3.117  52.196 6.0000000000
58246  33.174  3.312  52.298 6.0000000000
58247  32.720  2.845  51.350 6.0000000000
58248  32.478  1.727  48.704 7.0000000000
58249  32.920  2.223  49.602 7.0000000000
58250  32.921  1.721  48.697 7.0000000000
58251  33.385  1.799  48.828 7.0000000000
58252  32.971  1.190  47.888 7.0000000000
58253  27.476  -8.301  45.031 8.0000000000
58254  27.512  -7.612  44.806 8.0000000000
58255  27.951  -8.172  45.046 8.0000000000
58256  29.364  -8.390  45.438 8.0000000000
58257  28.845  -7.989  45.159 8.0000000000
58258  29.318  -7.834  45.100 7.0000000000
58259  29.301  -7.039  44.836 8.0000000000
58260  29.711  -7.592  45.072 8.0000000000
58261  34.675  -7.388  48.345 10.0000000000
58262  34.186  -7.341  47.438 10.0000000000
58263  34.586  -7.167  47.422 10.0000000000
58264  35.137  -6.722  45.666 10.0000000000
58265  34.616  -6.705  45.681 10.0000000000
58266  34.562  -6.447  45.000 10.0000000000
58267  34.026  -6.044  44.438 10.0000000000
58268  34.560  -6.040  44.386 10.0000000000
58269  34.498  -5.589  43.941 10.0000000000
58270  35.025  -6.046  44.362 10.0000000000
58271  36.693  -6.361  45.003 11.0000000000
58272  36.082  -6.031  44.329 10.0000000000
58273  36.641  -5.967  44.346 11.0000000000
58274  36.539  -5.478  43.818 11.0000000000
58275  37.196  -5.917  44.368 11.0000000000
58276  37.743  -5.840  44.363 12.0000000000
58277  37.762  -6.226  45.115 12.0000000000
58278  38.880  -6.510  47.722 12.0000000000
58279  38.881  -6.452  46.808 12.0000000000
58280  39.420  -6.423  47.735 12.0000000000
58281  40.000  -6.276  47.728 12.0000000000
58282  40.026  -6.289  48.648 11.0000000000
58283  42.822  -7.500  55.157 5.0000000000
58284  42.998  -7.150  54.903 5.0000000000
58285  42.968  -7.635  54.768 5.0000000000
58287  43.209  -7.975  53.831 5.0000000000
58289  43.711  -7.829  53.227 5.0000000000
64103  47.266  -5.799  51.014 9.0000000000
64104  47.500  -5.365  50.721 9.0000000000
64105  47.692  -5.934  50.660 9.0000000000
64107  48.346  -6.204  49.716 5.0000000000
65438  27.059  2.542  48.686 5.0000000000
65439  27.378  3.180  49.212 5.0000000000
65440  27.332  2.459  49.026 5.0000000000
65441  27.876  1.351  49.547 5.0000000000
65442  27.788  2.192  49.918 5.0000000000
65443  28.083  2.019  50.240 5.0000000000
65444  28.356  2.720  50.867 5.0000000000
65445  28.434  1.820  50.538 5.0000000000
65446  28.883  1.727  50.935 5.0000000000
65447  28.732  1.112  50.156 5.0000000000
65448  29.201  0.095  48.092 6.0000000000
65449  29.395  0.614  48.901 6.0000000000
65450  29.605  0.341  48.194 6.0000000000
65451  30.009  0.641  48.307 6.0000000000
65452  29.733  0.021  47.520 6.0000000000
65454  31.523  -10.370  49.621 5.0000000000
65455  32.023  -10.359  50.515 5.0000000000
65456  33.376  -9.753  51.658 5.0000000000
65457  32.863  -9.816  50.747 6.0000000000
65458  33.230  -9.469  50.787 6.0000000000
65459  33.073  -9.145  49.954 6.0000000000
65460  33.609  -9.157  50.916 7.0000000000
65464  35.610  -8.386  52.888 5.0000000000
65465  35.215  -8.701  52.862 5.0000000000
65466  35.016  -8.507  51.955 6.0000000000
65467  34.465  -8.533  51.036 7.0000000000
65468  34.853  -8.271  51.105 7.0000000000
65469  34.786  -7.981  50.162 7.0000000000
65470  35.344  -7.987  51.103 7.0000000000
65471  36.850  -7.379  52.170 7.0000000000
65472  36.243  -7.464  51.149 7.0000000000
65473  36.777  -7.280  51.243 7.0000000000
65474  36.786  -7.143  50.241 7.0000000000
65475  37.379  -7.109  51.247 7.0000000000
65476  37.972  -6.906  51.262 8.0000000000
65477  37.930  -6.948  52.148 8.0000000000
65478  39.216  -6.739  54.678 7.0000000000
65479  39.122  -6.625  53.866 7.0000000000
65480  39.782  -6.550  54.651 7.0000000000
65481  40.341  -6.388  54.579 7.0000000000
65482  40.418  -6.511  55.290 5.0000000000
65486  41.633  -7.512  57.028 5.0000000000
65487  41.236  -7.129  56.885 5.0000000000
65488  41.637  -7.111  56.605 5.0000000000
65489  41.621  -6.791  56.134 5.0000000000
65490  41.999  -7.174  56.305 5.0000000000
65491  42.314  -7.245  55.968 5.0000000000
65492  42.257  -7.628  56.254 5.0000000000
70832  24.232  -2.729  45.616 5.0000000000
70833  24.510  -5.255  45.359 5.0000000000
70834  24.666  -4.456  45.290 5.0000000000
70835  24.827  -5.365  45.132 5.0000000000
70836  25.221  -5.457  44.933 6.0000000000
70837  25.085  -6.202  44.995 5.0000000000
70838  24.195  -8.176  46.376 5.0000000000
70839  24.204  -7.502  46.044 5.0000000000
70840  24.533  -8.255  46.010 5.0000000000
70841  25.701  -9.240  45.788 6.0000000000
70842  25.269  -8.486  45.534 5.0000000000
70843  25.717  -8.564  45.397 6.0000000000
70844  25.721  -7.848  45.061 5.0000000000
70845  26.106  -8.589  45.247 7.0000000000
70846  26.581  -8.431  45.067 7.0000000000
70847  26.622  -9.180  45.540 7.0000000000
70848  27.734  -10.744  46.924 6.0000000000
70849  27.640  -10.184  46.337 8.0000000000
70850  28.125  -10.608  46.911 9.0000000000
70851  28.603  -10.510  47.045 8.0000000000
70852  28.733  -11.010  47.603 7.0000000000
70866  28.597  -12.619  50.125 5.0000000000
70867  27.875  -12.507  49.555 5.0000000000
70868  28.399  -12.377  49.447 5.0000000000
70869  28.224  -12.047  48.791 6.0000000000
70870  28.846  -12.277  49.485 6.0000000000
70874  29.893  -11.419  49.113 5.0000000000
72788  38.587  -0.725  45.150 8.0000000000
72789  38.759  -0.259  45.834 8.0000000000
72790  39.157  -0.613  45.139 8.0000000000
72791  40.785  -0.700  44.641 7.0000000000
72792  40.268  -0.332  45.216 7.0000000000
72793  40.853  -0.171  45.223 6.0000000000
72796  43.640  -2.638  44.361 7.0000000000
72797  42.875  -2.187  44.056 6.0000000000
72811  47.940  -4.486  49.991 8.0000000000
72812  47.457  -4.133  49.575 8.0000000000
72813  48.071  -4.047  49.511 7.0000000000
72815  48.287  -3.183  48.521 5.0000000000
76823  34.243  3.661  52.413 5.0000000000
76824  34.751  4.153  53.279 5.0000000000
76825  34.717  3.721  52.349 5.0000000000
76826  35.558  3.316  51.316 6.0000000000
76833  35.656  1.345  48.552 7.0000000000
76834  35.973  1.784  49.226 7.0000000000
76835  36.024  1.201  48.351 7.0000000000
76836  36.518  1.121  48.259 7.0000000000
76837  36.199  0.691  47.471 8.0000000000
76838  25.225  -2.303  45.408 5.0000000000
76839  25.503  -1.546  45.523 5.0000000000
76840  25.613  -2.468  45.330 5.0000000000
76841  26.566  -3.258  45.142 7.0000000000
76842  26.419  -2.649  45.349 7.0000000000
76843  26.778  -2.580  45.386 7.0000000000
76844  27.043  -1.937  45.761 7.0000000000
76845  27.164  -2.640  45.438 7.0000000000
76846  27.526  -6.241  44.635 9.0000000000
76847  27.221  -5.508  44.769 8.0000000000
76848  27.600  -5.556  44.800 8.0000000000
76849  28.292  -3.903  45.334 9.0000000000
76850  27.873  -3.981  45.280 8.0000000000
76851  28.108  -3.192  45.629 7.0000000000
76852  27.930  -2.628  45.707 7.0000000000
76853  28.351  -2.372  45.868 7.0000000000
76854  28.583  -1.693  46.253 7.0000000000
76855  28.692  -2.260  46.009 7.0000000000
76856  29.485  -2.582  45.450 7.0000000000
76857  29.321  -1.989  45.920 7.0000000000
76858  29.664  -1.784  45.826 7.0000000000
76859  29.936  -0.969  46.309 6.0000000000
76860  30.028  -1.586  45.814 7.0000000000
76861  31.349  -9.564  47.961 8.0000000000
76862  30.864  -9.442  47.231 8.0000000000
76863  31.240  -9.184  47.327 8.0000000000
76864  31.570  -7.963  45.975 8.0000000000
76865  31.130  -8.208  45.944 8.0000000000
76866  31.099  -7.608  45.383 8.0000000000
76867  30.581  -7.156  45.040 8.0000000000
76868  31.017  -6.918  44.970 8.0000000000
76869  33.210  -7.016  45.806 10.0000000000
76870  32.786  -7.235  45.829 9.0000000000
76871  32.710  -6.786  45.091 9.0000000000
76872  31.702  -5.177  44.159 9.0000000000
76873  31.749  -5.833  44.394 9.0000000000
76874  31.270  -5.304  44.234 8.0000000000
76875  30.861  -5.546  44.421 8.0000000000
76876  30.882  -4.825  44.278 8.0000000000
76877  30.385  -4.372  44.486 8.0000000000
76878  30.793  -4.102  44.301 8.0000000000
76879  31.383  -2.347  44.674 8.0000000000
76880  30.938  -2.555  44.727 7.0000000000
76881  31.069  -1.792  45.087 7.0000000000
76882  30.830  -1.131  45.635 5.0000000000
76883  31.236  -1.051  45.606 7.0000000000
76884  31.416  -0.366  46.201 6.0000000000
76885  31.622  -0.874  45.554 7.0000000000
76886  32.747  -1.348  44.968 9.0000000000
76887  32.550  -0.691  45.630 9.0000000000
76888  32.929  -0.704  45.545 9.0000000000
76889  33.179  -0.008  46.352 8.0000000000
76890  33.412  -0.589  45.624 8.0000000000
76891  34.460  -4.365  43.517 9.0000000000
76892  33.916  -3.584  43.641 9.0000000000
76893  34.471  -3.653  43.555 9.0000000000
76894  34.953  -2.321  44.078 10.0000000000
76895  34.490  -2.188  44.177 10.0000000000
76896  34.586  -1.511  44.690 10.0000000000
76897  34.288  -0.767  45.420 9.0000000000
76898  34.779  -0.837  45.312 9.0000000000
76899  34.944  -0.208  46.095 9.0000000000
76900  35.202  -0.913  45.280 9.0000000000
76901  36.458  -1.679  44.489 10.0000000000
76902  36.110  -0.977  45.190 10.0000000000
76903  36.570  -1.012  45.173 10.0000000000
76904  36.724  -0.420  45.891 9.0000000000
76905  37.095  -1.001  45.138 9.0000000000
76906  37.606  -0.904  45.175 9.0000000000
76907  37.565  -1.538  44.539 10.0000000000
76908  38.571  -3.205  43.387 11.0000000000
76909  38.512  -2.612  43.556 10.0000000000
76910  39.082  -3.096  43.417 11.0000000000
76911  39.672  -2.970  43.472 10.0000000000
76912  39.732  -3.603  43.448 11.0000000000
76913  38.806  -5.677  44.450 12.0000000000
76914  38.747  -5.185  43.874 12.0000000000
76915  39.354  -5.606  44.497 12.0000000000
76916  41.042  -5.503  45.313 11.0000000000
76917  40.499  -5.295  44.571 12.0000000000
76918  41.059  -5.166  44.687 11.0000000000
76919  41.062  -4.640  44.183 11.0000000000
76920  41.657  -4.971  44.819 11.0000000000
76921  42.216  -4.854  45.007 11.0000000000
76922  42.252  -5.190  45.624 11.0000000000
76923  43.263  -5.291  48.424 12.0000000000
76924  43.282  -5.189  47.583 12.0000000000
76925  43.838  -5.102  48.676 11.0000000000
76926  44.423  -4.916  48.940 10.0000000000
76927  44.407  -5.030  49.652 11.0000000000
76928  38.975  -6.574  51.343 10.0000000000
76929  38.969  -6.586  50.484 11.0000000000
76930  39.534  -6.439  51.350 11.0000000000
76931  41.192  -6.067  52.262 11.0000000000
76932  40.643  -6.196  51.414 11.0000000000
76933  41.192  -6.070  51.434 11.0000000000
76934  41.135  -6.091  50.558 11.0000000000
76935  41.687  -5.977  51.435 11.0000000000
76936  43.293  -6.527  54.252 10.0000000000
76937  42.878  -6.190  54.035 10.0000000000
76938  43.313  -6.248  53.870 10.0000000000
76939  43.843  -5.908  52.745 11.0000000000
76940  43.352  -5.885  52.795 11.0000000000
76941  43.331  -5.740  52.169 11.0000000000
76942  42.789  -5.709  51.444 11.0000000000
76943  43.325  -5.572  51.482 11.0000000000
76944  43.318  -5.476  50.800 11.0000000000
76945  43.874  -5.468  51.542 11.0000000000
76946  45.386  -5.809  52.013 11.0000000000
76947  44.982  -5.425  51.600 10.0000000000
76948  45.448  -5.446  51.588 11.0000000000
76949  45.479  -5.172  51.144 11.0000000000
76950  45.926  -5.514  51.543 9.0000000000
76951  46.387  -5.603  51.449 8.0000000000
76952  46.211  -6.021  51.729 8.0000000000
76953  45.739  -7.515  51.373 5.0000000000
76954  46.186  -7.131  51.373 8.0000000000
82711  39.291  0.637  47.348 5.0000000000
82712  39.095  1.103  47.919 5.0000000000
92530  24.113  1.089  46.520 5.0000000000
92531  24.453  1.673  46.608 5.0000000000
92532  24.845  2.233  46.750 5.0000000000
92533  24.990  1.780  46.679 5.0000000000
92576  25.757  1.172  46.681 5.0000000000
92577  25.837  0.399  46.402 5.0000000000
92578  25.981  -0.283  46.167 5.0000000000
92966  37.288  1.937  49.711 5.0000000000
92969  38.387  1.999  49.652 5.0000000000
92970  38.913  2.024  49.561 5.0000000000
94046  44.443  -4.635  47.357 9.0000000000
94047  44.609  -4.331  46.680 7.0000000000
94048  45.125  -4.404  47.685 9.0000000000
94049  45.793  -4.111  47.972 8.0000000000
94050  46.431  -3.861  48.205 7.0000000000
94847  30.445  1.577  49.962 5.0000000000
94848  30.712  2.089  50.932 5.0000000000
94849  30.897  1.845  50.092 5.0000000000
94850  31.378  2.059  50.213 5.0000000000
94851  31.834  2.230  50.334 6.0000000000
94852  32.319  2.393  50.429 6.0000000000
94853  31.978  1.928  49.505 7.0000000000
94854  32.040  1.526  48.621 7.0000000000
94855  32.097  1.036  47.761 7.0000000000
94856  28.453  -9.332  45.887 8.0000000000
94857  28.390  -8.772  45.543 8.0000000000
94858  28.902  -9.219  46.025 8.0000000000
94859  29.381  -8.978  45.885 8.0000000000
94860  29.856  -8.814  45.977 8.0000000000
94861  35.633  -7.087  48.356 10.0000000000
94862  35.144  -7.068  47.453 10.0000000000
94863  35.608  -6.965  47.454 10.0000000000
94864  35.639  -6.842  46.549 10.0000000000
94865  35.628  -6.667  45.718 10.0000000000
94866  35.622  -6.422  44.963 10.0000000000
94867  36.145  -6.653  45.732 11.0000000000
94868  36.678  -6.626  45.818 11.0000000000
94869  37.236  -6.573  45.912 11.0000000000
94870  37.798  -6.492  45.903 12.0000000000
94871  37.789  -6.649  46.809 12.0000000000
94872  38.358  -6.606  47.706 12.0000000000
94873  38.906  -6.522  48.587 11.0000000000
98366  47.079  -6.989  50.494 7.0000000000
98367  47.597  -6.503  50.361 7.0000000000
98368  47.294  -7.100  49.900 5.0000000000
98369  47.427  -7.166  49.296 5.0000000000
99166  28.199  4.388  50.025 5.0000000000
99167  27.206  1.106  48.239 5.0000000000
99168  27.403  1.668  48.912 5.0000000000
99169  27.458  0.945  48.576 5.0000000000
99170  27.770  0.709  48.770 5.0000000000
99171  28.193  0.671  49.152 5.0000000000
99172  28.612  0.627  49.404 5.0000000000
99173  28.503  0.215  48.621 6.0000000000
99174  28.788  -0.072  48.097 6.0000000000
99175  29.002  -0.427  47.428 7.0000000000
99180  33.962  -9.677  52.592 5.0000000000
99185  36.031  -8.092  52.960 6.0000000000
99186  35.879  -7.881  52.085 6.0000000000
99187  36.515  -7.785  53.038 6.0000000000
99188  36.937  -7.520  53.054 6.0000000000
99189  37.429  -7.256  53.039 7.0000000000
99190  37.929  -7.024  53.067 7.0000000000
99191  38.053  -7.082  53.894 6.0000000000
99192  38.674  -6.961  54.661 5.0000000000
102281  23.407  -3.456  46.366 5.0000000000
102282  23.778  -3.422  45.966 5.0000000000
102404  23.937  -4.193  45.799 5.0000000000
102405  24.086  -5.075  45.624 5.0000000000
102406  24.366  -6.052  45.492 5.0000000000
102407  24.905  -9.780  46.696 5.0000000000
102408  24.887  -9.176  46.221 5.0000000000
102409  25.345  -9.785  46.410 5.0000000000
102410  25.734  -9.882  46.226 5.0000000000
102411  26.186  -9.768  46.004 6.0000000000
102412  26.623  -9.763  45.975 6.0000000000
102413  26.728  -10.302  46.394 6.0000000000
102414  27.276  -10.808  46.986 6.0000000000
102415  27.814  -11.237  47.553 6.0000000000
102425  29.648  -12.581  51.015 5.0000000000
102426  29.449  -12.345  50.224 5.0000000000
103577  39.532  -1.667  43.970 9.0000000000
103578  39.623  -1.053  44.492 8.0000000000
103579  40.171  -1.490  44.037 9.0000000000
103580  40.794  -1.326  44.168 9.0000000000
103581  41.372  -1.160  44.291 7.0000000000
103582  45.016  -2.058  44.942 5.0000000000
103583  44.261  -1.685  44.610 5.0000000000
103592  48.641  -4.014  49.415 6.0000000000
105998  34.256  2.851  50.600 6.0000000000
105999  34.697  3.326  51.483 6.0000000000
106000  34.649  2.844  50.600 6.0000000000
106001  35.027  2.816  50.513 6.0000000000
106002  35.331  2.725  50.384 7.0000000000
106003  35.693  2.541  50.205 7.0000000000
106004  35.196  2.067  49.459 7.0000000000
106005  35.217  1.452  48.622 7.0000000000
106006  35.331  0.862  47.781 7.0000000000
106007  25.541  -4.001  45.034 6.0000000000
106008  25.764  -3.225  45.146 6.0000000000
106009  25.976  -4.000  44.965 7.0000000000
106010  26.304  -4.039  44.939 7.0000000000
106011  26.701  -4.125  44.983 7.0000000000
106012  28.437  -6.002  44.805 8.0000000000
106013  28.061  -5.471  44.881 8.0000000000
106014  28.453  -5.247  44.882 8.0000000000
106015  28.571  -4.489  45.074 8.0000000000
106016  28.669  -3.717  45.345 8.0000000000
106017  28.855  -2.962  45.632 7.0000000000
106018  29.015  -3.536  45.235 8.0000000000
106019  29.367  -3.387  45.212 8.0000000000
106020  29.745  -3.119  45.096 8.0000000000
106021  32.142  -9.041  48.202 7.0000000000
106022  31.717  -8.916  47.299 8.0000000000
106023  32.100  -8.594  47.372 7.0000000000
106024  32.093  -8.195  46.617 9.0000000000
106025  31.996  -7.687  45.867 8.0000000000
106026  33.122  -6.060  44.468 9.0000000000
106027  32.675  -6.179  44.588 9.0000000000
106028  32.598  -5.556  44.150 9.0000000000
106029  32.101  -5.056  44.042 9.0000000000
106030  31.614  -4.481  44.037 9.0000000000
106031  31.203  -3.964  44.208 8.0000000000
106032  31.592  -3.831  44.072 9.0000000000
106033  31.661  -3.035  44.243 8.0000000000
106034  31.766  -2.234  44.563 8.0000000000
106035  31.930  -1.498  45.036 8.0000000000
106036  32.155  -2.152  44.512 8.0000000000
106037  32.669  -1.996  44.499 9.0000000000
106038  33.093  -1.992  44.421 9.0000000000
106039  35.450  -4.442  43.477 10.0000000000
106040  34.935  -3.815  43.497 9.0000000000
106041  35.402  -3.839  43.469 10.0000000000
106042  35.426  -3.096  43.663 10.0000000000
106043  35.407  -2.346  44.003 10.0000000000
106044  35.514  -1.627  44.576 9.0000000000
106045  35.906  -2.385  43.989 9.0000000000
106046  36.420  -2.333  43.990 10.0000000000
106047  36.925  -2.324  43.967 10.0000000000
106048  37.485  -2.215  43.988 10.0000000000
106049  37.465  -2.882  43.608 10.0000000000
106050  38.056  -3.326  43.370 11.0000000000
106051  38.628  -3.898  43.396 12.0000000000
106052  39.986  -6.044  45.976 12.0000000000
106053  39.975  -5.778  45.195 12.0000000000
106054  40.553  -5.891  46.028 12.0000000000
106055  41.070  -5.754  46.130 11.0000000000
106056  41.584  -5.617  46.245 11.0000000000
106057  42.126  -5.439  46.378 11.0000000000
106058  42.117  -5.582  47.152 11.0000000000
106059  42.685  -5.453  48.158 12.0000000000
106060  43.244  -5.321  49.213 12.0000000000
106061  40.147  -6.277  53.075 11.0000000000
106062  40.099  -6.299  52.258 11.0000000000
106063  40.656  -6.145  53.041 11.0000000000
106064  41.209  -6.011  53.002 11.0000000000
106065  41.812  -5.948  52.942 11.0000000000
106066  43.885  -6.782  53.738 10.0000000000
106067  43.719  -6.337  53.691 10.0000000000
106068  44.095  -6.464  53.458 10.0000000000
106069  44.259  -6.241  53.063 11.0000000000
106070  44.335  -5.929  52.641 11.0000000000
106071  44.412  -5.684  52.133 11.0000000000
106072  44.799  -6.021  52.512 11.0000000000
106073  45.204  -6.157  52.354 11.0000000000
106074  45.592  -6.311  52.185 10.0000000000
106075  45.946  -6.446  51.961 9.0000000000
106076  45.602  -6.805  52.130 8.0000000000
106077  45.525  -7.363  51.823 6.0000000000
116169  26.925  2.751  48.407 5.0000000000
116170  26.841  2.023  48.176 5.0000000000
116171  26.274  1.546  47.376 5.0000000000
116172  26.626  1.489  47.676 5.0000000000
116173  26.890  1.273  47.942 5.0000000000
116174  27.030  0.537  47.596 6.0000000000
116175  27.246  -0.150  47.153 6.0000000000
116176  27.455  -0.793  46.767 7.0000000000
118591  22.873  -6.367  47.890 5.0000000000
118592  23.066  -6.261  47.259 5.0000000000
118593  23.348  -6.306  46.788 5.0000000000
118687  23.608  -6.505  46.389 5.0000000000
118688  23.602  -7.143  46.694 5.0000000000
118689  23.859  -8.063  46.721 5.0000000000
118690  24.180  -8.833  46.760 5.0000000000
118692  24.194  -9.386  47.158 5.0000000000
118693  24.567  -9.557  46.871 5.0000000000
118694  24.989  -10.308  47.145 5.0000000000
118695  25.505  -10.895  47.417 5.0000000000
118696  26.088  -11.549  47.900 5.0000000000
119600  42.225  -3.751  44.121 9.0000000000
119601  42.240  -3.071  43.893 9.0000000000
119602  42.952  -3.540  44.356 8.0000000000
119603  43.664  -3.311  44.589 8.0000000000
119604  44.336  -3.060  44.904 6.0000000000
119605  44.764  -3.956  46.056 7.0000000000
119606  44.917  -3.375  45.537 7.0000000000
119607  45.010  -2.733  45.204 7.0000000000
119608  45.665  -2.468  45.502 5.0000000000
121474  30.997  2.536  51.820 5.0000000000
121475  31.322  2.983  52.666 5.0000000000
121481  33.663  3.746  53.178 5.0000000000
121482  33.647  3.461  52.320 5.0000000000
121483  33.743  3.188  51.439 5.0000000000
121484  32.808  2.520  50.436 7.0000000000
121485  33.343  2.742  50.588 7.0000000000
121486  33.827  2.769  50.614 7.0000000000
121487  33.814  2.347  49.685 7.0000000000
121488  33.730  1.795  48.813 8.0000000000
121489  33.767  1.194  48.009 8.0000000000
121490  26.571  -7.182  44.681 7.0000000000
121491  26.659  -6.360  44.538 7.0000000000
121492  27.038  -7.085  44.662 8.0000000000
121493  27.496  -6.951  44.665 9.0000000000
121494  27.932  -6.836  44.712 9.0000000000
121495  28.409  -8.042  45.181 8.0000000000
121496  28.414  -7.344  44.906 8.0000000000
121497  28.410  -6.736  44.818 8.0000000000
121498  28.869  -6.570  44.809 8.0000000000
121499  29.282  -6.336  44.754 8.0000000000
121500  29.650  -6.176  44.711 8.0000000000
121501  33.789  -7.888  48.374 9.0000000000
121502  33.345  -7.770  47.380 9.0000000000
121503  33.803  -7.518  47.361 10.0000000000
121504  33.700  -7.172  46.508 10.0000000000
121505  33.663  -6.830  45.725 10.0000000000
121506  34.631  -6.950  46.566 10.0000000000
121507  34.122  -6.777  45.780 10.0000000000
121508  33.605  -6.480  45.099 10.0000000000
121509  33.548  -5.987  44.402 9.0000000000
121510  33.528  -5.483  44.007 9.0000000000
121511  33.465  -4.879  43.789 9.0000000000
121512  33.437  -4.190  43.658 9.0000000000
121513  33.986  -4.909  43.690 10.0000000000
121514  34.471  -4.986  43.657 10.0000000000
121515  34.970  -5.068  43.613 10.0000000000
121516  35.559  -6.044  44.350 10.0000000000
121517  35.512  -5.606  43.855 10.0000000000
121518  35.472  -5.062  43.628 10.0000000000
121519  35.974  -5.006  43.566 11.0000000000
121520  36.510  -4.948  43.554 11.0000000000
121521  37.042  -4.882  43.532 11.0000000000
121522  37.543  -4.785  43.519 11.0000000000
121523  37.655  -5.358  43.848 11.0000000000
121524  38.266  -5.775  44.405 12.0000000000
121525  38.898  -6.053  45.139 12.0000000000
121526  38.365  -6.404  45.927 12.0000000000
121527  38.887  -6.296  45.955 12.0000000000
121528  39.444  -6.174  45.954 12.0000000000
121529  39.972  -6.204  46.831 12.0000000000
121530  40.528  -6.116  47.779 12.0000000000
121531  41.050  -5.998  48.734 11.0000000000
121532  42.402  -6.622  55.148 6.0000000000
121533  42.417  -6.389  54.674 6.0000000000
121534  42.792  -6.724  54.862 6.0000000000
121535  43.127  -6.831  54.572 6.0000000000
121536  43.451  -6.961  54.251 7.0000000000
121537  43.091  -7.789  54.341 6.0000000000
121538  43.422  -7.481  54.147 6.0000000000
121539  43.719  -7.142  53.935 7.0000000000
121540  43.953  -7.295  53.552 7.0000000000
121541  44.145  -7.490  53.128 6.0000000000
121542  44.313  -7.734  52.654 6.0000000000
121543  44.432  -7.933  52.193 5.0000000000
129581  46.481  -4.951  50.661 9.0000000000
129582  46.639  -4.585  50.139 9.0000000000
129583  47.099  -4.922  50.576 9.0000000000
129584  47.701  -4.958  50.397 9.0000000000
129585  48.253  -5.002  50.122 8.0000000000
129586  48.035  -6.094  50.257 7.0000000000
129587  48.409  -5.593  50.034 6.0000000000
131273  27.577  3.841  49.219 5.0000000000
131274  27.751  3.775  49.645 5.0000000000
131275  27.998  3.687  50.077 5.0000000000
131276  27.604  2.337  49.486 5.0000000000
131277  27.851  2.987  49.996 5.0000000000
131278  28.176  3.616  50.491 5.0000000000
131279  28.384  3.493  50.919 5.0000000000
131282  29.081  2.478  51.673 5.0000000000
131283  29.417  1.834  51.258 5.0000000000
131284  29.727  1.426  50.523 5.0000000000
131285  29.060  0.807  49.652 5.0000000000
131286  29.565  1.024  49.709 5.0000000000
131287  30.022  1.353  49.927 5.0000000000
131288  30.240  1.124  49.091 6.0000000000
131289  30.407  0.846  48.355 6.0000000000
131290  30.457  0.460  47.588 6.0000000000
131291  30.553  -10.511  48.654 7.0000000000
131292  30.429  -10.060  47.914 7.0000000000
131293  31.041  -10.298  48.768 7.0000000000
131294  31.461  -9.960  48.743 6.0000000000
131295  31.850  -9.688  48.886 7.0000000000
131296  32.399  -10.105  50.622 5.0000000000
131297  32.342  -9.763  49.830 6.0000000000
131298  32.221  -9.377  48.983 7.0000000000
131299  32.651  -9.084  49.078 7.0000000000
131300  33.007  -8.792  49.137 8.0000000000
131301  33.398  -8.504  49.226 8.0000000000
131304  34.370  -9.336  52.681 5.0000000000
131306  34.818  -9.045  52.801 5.0000000000
131307  34.266  -9.120  51.807 5.0000000000
131308  34.024  -8.860  50.935 7.0000000000
131309  33.938  -8.529  50.100 7.0000000000
131310  33.865  -8.205  49.196 8.0000000000
131311  34.315  -7.910  49.237 9.0000000000
131312  34.732  -7.657  49.249 9.0000000000
131313  35.181  -7.450  49.250 9.0000000000
131314  35.768  -7.729  51.127 8.0000000000
131315  35.713  -7.496  50.135 9.0000000000
131316  35.660  -7.232  49.263 9.0000000000
131317  36.204  -7.100  49.232 10.0000000000
131318  36.759  -6.966  49.322 11.0000000000
131319  37.313  -6.894  49.393 11.0000000000
131320  37.879  -6.805  49.427 10.0000000000
131321  37.891  -6.855  50.364 9.0000000000
131322  38.474  -6.746  51.336 9.0000000000
131323  39.013  -6.569  52.198 9.0000000000
131324  38.528  -6.838  53.053 8.0000000000
131325  39.081  -6.630  53.083 8.0000000000
131326  39.589  -6.449  53.084 8.0000000000
131327  40.223  -6.310  53.852 9.0000000000
131328  40.874  -6.274  54.504 8.0000000000
131329  41.502  -6.342  55.029 6.0000000000
131336  41.138  -6.587  55.748 5.0000000000
131337  41.581  -6.566  55.588 5.0000000000
131338  42.011  -6.582  55.385 5.0000000000
131339  42.403  -6.941  55.570 5.0000000000
131340  42.589  -7.343  55.594 5.0000000000
131341  42.573  -7.883  55.370 5.0000000000
137844  24.560  -0.604  45.879 5.0000000000
138091  24.943  -0.801  45.784 5.0000000000
138092  24.680  -1.438  45.682 5.0000000000
138094  24.981  -3.021  45.321 5.0000000000
138096  24.803  -3.685  45.274 5.0000000000
138097  25.144  -3.834  45.101 5.0000000000
138098  25.358  -4.704  44.963 5.0000000000
138099  25.639  -5.507  44.860 5.0000000000
138100  25.890  -6.377  44.680 6.0000000000
138101  23.963  -6.479  45.997 5.0000000000
138102  24.255  -6.719  45.698 5.0000000000
138103  24.594  -6.943  45.474 5.0000000000
138104  24.865  -8.489  45.789 5.0000000000
138105  24.871  -7.740  45.448 5.0000000000
138106  24.960  -6.992  45.200 5.0000000000
138107  25.362  -6.965  44.901 5.0000000000
138108  25.769  -7.170  44.849 6.0000000000
138109  26.170  -7.111  44.670 6.0000000000
138110  26.562  -7.771  44.781 8.0000000000
138111  27.038  -8.425  45.110 8.0000000000
138112  27.505  -8.995  45.348 8.0000000000
138113  27.122  -9.640  45.786 7.0000000000
138114  27.526  -9.604  45.858 9.0000000000
138115  27.957  -9.441  45.854 8.0000000000
138116  28.486  -9.986  46.424 8.0000000000
138117  29.061  -10.341  46.969 8.0000000000
138118  29.559  -10.631  47.831 8.0000000000
138126  26.184  -11.905  48.422 5.0000000000
138127  26.645  -11.937  48.508 5.0000000000
138134  27.502  -12.554  49.482 5.0000000000
138135  27.238  -12.285  48.966 5.0000000000
138136  27.095  -11.864  48.321 5.0000000000
138137  27.584  -11.789  48.207 5.0000000000
138138  27.985  -11.623  48.233 6.0000000000
138139  28.489  -11.600  48.182 6.0000000000
138140  29.245  -12.117  49.571 6.0000000000
138141  29.048  -11.837  48.939 6.0000000000
138142  28.854  -11.475  48.284 6.0000000000
138143  29.296  -11.235  48.363 7.0000000000
138144  29.776  -11.074  48.420 7.0000000000
138145  30.130  -10.750  48.511 6.0000000000
138146  30.732  -10.911  49.377 5.0000000000
140483  37.899  0.165  46.612 8.0000000000
140484  38.212  0.666  47.294 6.0000000000
140485  38.444  0.189  46.628 7.0000000000
140486  39.009  0.202  46.619 7.0000000000
140487  39.570  0.272  46.617 5.0000000000
140488  39.745  -0.491  45.166 8.0000000000
140489  39.899  -0.048  45.885 7.0000000000
140494  42.200  -2.378  43.871 8.0000000000
140495  42.127  -1.638  44.068 6.0000000000
140496  42.021  -0.949  44.428 5.0000000000
140512  46.811  -4.237  49.570 9.0000000000
140513  46.961  -3.943  48.948 8.0000000000
140514  47.094  -3.600  48.353 7.0000000000
140515  48.206  -3.624  49.036 6.0000000000
140516  47.756  -3.369  48.447 6.0000000000
140517  47.187  -3.191  47.722 7.0000000000
140518  47.314  -2.710  47.137 5.0000000000
145406  35.189  3.811  52.303 5.0000000000
145414  36.957  2.558  50.657 5.0000000000
145415  36.059  2.348  50.079 5.0000000000
145416  36.440  2.162  49.922 5.0000000000
145417  36.835  2.029  49.838 5.0000000000
145418  36.884  1.563  48.991 5.0000000000
145419  36.948  1.102  48.112 6.0000000000
145420  37.173  0.629  47.320 7.0000000000
145421  25.338  -0.813  45.736 5.0000000000
145422  25.758  -0.909  45.784 5.0000000000
145423  26.147  -1.002  45.839 5.0000000000
145424  25.992  -2.483  45.275 5.0000000000
145425  26.250  -1.801  45.558 6.0000000000
145426  26.485  -1.189  45.927 6.0000000000
145427  26.887  -1.252  46.078 7.0000000000
145428  27.296  -1.325  46.189 7.0000000000
145429  27.625  -1.310  46.364 7.0000000000
145430  26.816  -5.592  44.709 8.0000000000
145431  26.980  -4.754  44.853 7.0000000000
145432  27.112  -4.065  45.013 7.0000000000
145433  27.706  -4.781  45.014 8.0000000000
145434  27.518  -4.091  45.176 8.0000000000
145435  27.303  -3.374  45.269 7.0000000000
145436  27.557  -2.591  45.548 7.0000000000
145437  27.798  -1.974  45.938 7.0000000000
145438  27.995  -1.423  46.436 7.0000000000
145439  28.380  -1.234  46.705 7.0000000000
145440  28.782  -1.066  46.783 7.0000000000
145441  29.137  -0.845  46.832 7.0000000000
145442  29.048  -2.166  45.924 7.0000000000
145443  29.261  -1.409  46.289 6.0000000000
145444  29.464  -0.679  46.863 5.0000000000
145445  29.852  -0.348  46.912 5.0000000000
145446  30.140  -0.239  46.929 6.0000000000
145447  30.593  -0.057  46.847 6.0000000000
145448  30.416  -9.704  47.126 8.0000000000
145449  30.406  -9.210  46.531 7.0000000000
145450  30.290  -8.628  45.944 7.0000000000
145451  31.233  -8.735  46.616 8.0000000000
145452  30.733  -8.468  45.980 8.0000000000
145453  30.270  -7.930  45.369 7.0000000000
145454  30.166  -7.376  45.085 8.0000000000
145455  30.054  -6.798  44.825 8.0000000000
145456  30.025  -6.050  44.638 8.0000000000
145457  32.802  -7.629  46.651 10.0000000000
145458  32.396  -7.380  45.841 9.0000000000
145459  31.890  -7.205  45.338 8.0000000000
145460  32.188  -6.369  44.661 9.0000000000
145461  31.813  -6.565  44.805 8.0000000000
145462  31.405  -6.697  44.886 8.0000000000
145463  30.915  -6.206  44.632 8.0000000000
145464  30.388  -5.858  44.608 8.0000000000
145465  30.020  -5.361  44.594 8.0000000000
145466  30.021  -4.476  44.577 8.0000000000
145467  30.061  -3.648  44.690 8.0000000000
145468  30.126  -2.952  44.911 8.0000000000
145469  30.848  -3.330  44.486 8.0000000000
145470  30.524  -2.697  44.865 8.0000000000
145471  30.248  -2.142  45.229 8.0000000000
145472  30.390  -1.392  45.693 6.0000000000
145473  30.659  -0.572  46.268 5.0000000000
145474  30.928  0.105  46.959 5.0000000000
145475  31.368  0.248  46.928 6.0000000000
145476  31.765  0.449  47.017 6.0000000000
145477  32.204  0.514  47.034 7.0000000000
145478  32.095  -0.813  45.627 8.0000000000
145479  32.295  -0.116  46.299 8.0000000000
145480  32.576  0.531  47.056 7.0000000000
145481  33.034  0.621  47.201 8.0000000000
145482  33.399  0.562  47.155 8.0000000000
145483  33.847  0.568  47.158 8.0000000000
145484  33.408  -3.508  43.723 9.0000000000
145485  33.464  -2.764  43.943 9.0000000000
145486  33.538  -2.040  44.356 9.0000000000
145487  34.430  -2.989  43.787 9.0000000000
145488  34.009  -2.124  44.253 9.0000000000
145489  33.667  -1.321  44.876 9.0000000000
145490  33.834  -0.636  45.529 8.0000000000
145491  34.065  -0.020  46.290 8.0000000000
145492  34.298  0.555  47.140 8.0000000000
145493  34.728  0.472  47.053 9.0000000000
145494  35.132  0.395  46.982 9.0000000000
145495  35.567  0.237  46.808 8.0000000000
145496  35.626  -0.958  45.180 9.0000000000
145497  35.815  -0.376  45.925 9.0000000000
145498  35.994  0.164  46.701 8.0000000000
145499  36.524  0.142  46.685 9.0000000000
145500  36.940  0.129  46.608 9.0000000000
145501  37.419  0.172  46.567 8.0000000000
145502  37.720  -0.333  45.879 9.0000000000
145503  38.091  -0.847  45.146 9.0000000000
145504  38.546  -1.310  44.522 9.0000000000
145505  38.022  -2.071  43.963 10.0000000000
145506  38.512  -1.987  43.945 10.0000000000
145507  39.019  -1.817  43.937 10.0000000000
145508  39.578  -2.345  43.634 9.0000000000
145509  40.223  -2.859  43.534 9.0000000000
145510  40.925  -3.391  43.645 9.0000000000
145511  38.153  -4.677  43.531 11.0000000000
145512  38.697  -4.533  43.566 12.0000000000
145513  39.243  -4.423  43.586 12.0000000000
145514  39.935  -5.431  44.523 12.0000000000
145515  39.869  -4.908  43.993 12.0000000000
145516  39.794  -4.311  43.665 12.0000000000
145517  40.420  -4.204  43.754 11.0000000000
145518  41.025  -4.074  43.857 10.0000000000
145519  41.601  -3.900  43.959 10.0000000000
145520  42.257  -4.327  44.506 10.0000000000
145521  42.864  -4.643  45.215 11.0000000000
145522  43.374  -4.794  46.089 11.0000000000
145523  42.636  -5.255  46.543 11.0000000000
145524  43.253  -5.055  46.828 11.0000000000
145525  43.841  -4.840  47.089 10.0000000000
145526  44.421  -4.796  48.140 10.0000000000
145527  44.949  -4.776  49.138 10.0000000000
145528  45.508  -4.756  49.977 10.0000000000
145529  38.398  -6.693  49.521 11.0000000000
145530  38.935  -6.558  49.536 12.0000000000
145531  39.452  -6.436  49.564 12.0000000000
145532  40.090  -6.319  51.386 11.0000000000
145533  40.041  -6.316  50.525 11.0000000000
145534  40.006  -6.301  49.619 12.0000000000
145535  40.543  -6.169  49.631 11.0000000000
145536  41.052  -6.040  49.663 11.0000000000
145537  41.620  -5.858  49.728 11.0000000000
145538  42.415  -6.162  54.186 10.0000000000
145539  42.336  -6.021  53.615 11.0000000000
145540  42.299  -5.912  52.912 11.0000000000
145541  43.357  -6.060  53.388 11.0000000000
145542  42.833  -5.870  52.845 11.0000000000
145543  42.270  -5.873  52.201 11.0000000000
145544  42.259  -5.842  51.432 11.0000000000
145545  42.204  -5.771  50.667 11.0000000000
145546  42.166  -5.698  49.821 11.0000000000
145547  42.709  -5.552  49.907 12.0000000000
145548  43.306  -5.396  50.007 11.0000000000
145549  43.857  -5.258  50.165 12.0000000000
145550  44.432  -5.420  51.588 11.0000000000
145551  44.424  -5.222  51.012 11.0000000000
145552  44.421  -5.121  50.354 11.0000000000
145553  44.978  -5.022  50.496 11.0000000000
145554  45.501  -4.973  50.590 11.0000000000
145555  46.028  -4.951  50.667 9.0000000000
145556  46.475  -5.229  51.091 9.0000000000
145557  46.821  -5.665  51.293 9.0000000000
145558  46.944  -6.277  51.233 9.0000000000
145559  46.272  -6.581  51.669 8.0000000000
145560  46.602  -6.726  51.323 9.0000000000
145561  46.876  -6.864  50.933 8.0000000000
145562  46.561  -7.399  50.449 6.0000000000
152497  38.585  1.130  48.006 5.0000000000
3010  39.416  2.540  50.156 0.0000000000
3369  23.301  -8.152  47.877 0.0000000000
4068  42.681  -8.016  54.869 0.0000000000
6179  32.160  -10.587  51.241 0.0000000000
6185  39.917  -6.640  55.379 0.0000000000
7212  23.932  -2.642  45.876 0.0000000000
7548  39.820  0.697  47.319 0.0000000000
8180  45.280  -8.066  50.831 0.0000000000
10445  23.999  -0.167  46.268 0.0000000000
10446  23.753  1.007  46.748 0.0000000000
10448  25.326  2.341  46.892 0.0000000000
10689  38.398  2.447  50.436 0.0000000000
11749  42.791  -8.282  53.862 0.0000000000
13690  46.912  -7.609  48.607 0.0000000000
14132  27.990  4.384  49.615 0.0000000000
14140  34.113  -9.833  53.409 0.0000000000
14142  35.804  -8.540  53.803 0.0000000000
14143  36.649  -7.944  53.904 0.0000000000
14147  38.846  -7.054  55.461 0.0000000000
14149  41.276  -7.468  57.317 0.0000000000
15863  23.263  -2.846  46.652 0.0000000000
15943  30.274  -12.570  51.804 0.0000000000
15944  29.879  -12.144  50.315 0.0000000000
16586  45.685  -1.722  45.291 0.0000000000
16587  44.107  -0.967  44.741 0.0000000000
16592  48.740  -3.527  48.999 0.0000000000
24494  22.861  -7.051  48.294 0.0000000000
24930  46.827  -2.476  46.401 0.0000000000
25759  43.966  -8.412  51.702 0.0000000000
29150  48.768  -5.704  49.619 0.0000000000
29770  28.870  4.127  51.340 0.0000000000
29782  35.037  -9.209  53.651 0.0000000000
32190  24.339  -1.251  45.804 0.0000000000
34796  36.606  2.768  50.836 0.0000000000
37177  39.552  1.573  48.598 0.0000000000
44408  46.115  -7.942  49.285 0.0000000000
44410  46.187  -7.979  48.624 0.0000000000
44852  27.806  4.465  49.181 0.0000000000
44863  37.331  -7.744  54.711 0.0000000000
44865  37.759  -7.475  54.707 0.0000000000
44866  38.209  -7.202  54.676 0.0000000000
54374  23.590  1.569  46.830 0.0000000000
54375  23.915  2.125  46.778 0.0000000000
54377  24.235  2.669  46.758 0.0000000000
54379  24.767  2.743  46.784 0.0000000000
54451  26.605  2.774  47.934 0.0000000000
54452  26.296  2.255  47.519 0.0000000000
55103  37.568  3.012  51.402 0.0000000000
55105  38.024  2.955  51.264 0.0000000000
55106  38.938  2.476  50.372 0.0000000000
56182  22.969  -7.608  48.016 0.0000000000
56254  24.273  -10.078  47.724 0.0000000000
56255  24.708  -10.807  47.896 0.0000000000
56257  25.218  -11.358  48.257 0.0000000000
58286  42.811  -8.453  53.312 0.0000000000
58288  43.301  -8.156  53.331 0.0000000000
58290  43.354  -8.341  52.791 0.0000000000
58291  43.383  -8.515  52.202 0.0000000000
64106  48.063  -6.718  49.242 0.0000000000
64108  48.572  -6.292  49.196 0.0000000000
65433  28.682  4.891  50.365 0.0000000000
65435  28.919  4.796  50.860 0.0000000000
65437  28.663  4.184  50.917 0.0000000000
65453  31.677  -10.658  50.390 0.0000000000
70625  23.549  -2.747  46.225 0.0000000000
70629  24.121  -1.934  45.819 0.0000000000
70831  24.431  -2.108  45.626 0.0000000000
70859  26.391  -12.289  49.070 0.0000000000
70860  26.960  -12.621  49.667 0.0000000000
70864  29.204  -12.781  50.877 0.0000000000
70865  28.803  -12.935  50.887 0.0000000000
70872  29.666  -11.935  49.667 0.0000000000
70873  30.123  -11.743  49.754 0.0000000000
70875  30.498  -11.450  49.917 0.0000000000
70876  30.842  -11.271  50.120 0.0000000000
72794  41.005  0.298  45.926 0.0000000000
72795  41.404  0.073  45.401 0.0000000000
72798  43.581  -1.948  44.283 0.0000000000
72814  48.863  -3.042  48.442 0.0000000000
72816  48.410  -2.708  47.898 0.0000000000
72817  47.918  -2.419  47.304 0.0000000000
76827  35.680  3.767  52.207 0.0000000000
76828  36.061  3.697  52.045 0.0000000000
76830  36.447  3.545  51.873 0.0000000000
76832  36.238  2.973  50.975 0.0000000000
76955  45.883  -7.639  50.911 0.0000000000
76956  45.991  -7.762  50.404 0.0000000000
82713  39.620  1.111  47.903 0.0000000000
92529  23.876  0.434  46.554 0.0000000000
92534  25.263  1.790  46.718 0.0000000000
92535  25.698  1.764  46.934 0.0000000000
92575  25.993  1.720  47.071 0.0000000000
92967  37.876  2.426  50.500 0.0000000000
92968  37.826  1.963  49.681 0.0000000000
93655  23.515  -8.949  47.881 0.0000000000
94875  42.750  -8.140  54.376 0.0000000000
98370  47.559  -7.223  48.629 0.0000000000
99165  28.442  4.950  49.987 0.0000000000
99177  32.627  -10.298  51.375 0.0000000000
99178  33.180  -10.254  52.308 0.0000000000
99179  33.573  -9.949  52.461 0.0000000000
99184  36.217  -8.245  53.857 0.0000000000
99193  39.359  -6.842  55.420 0.0000000000
99197  41.580  -7.902  57.389 0.0000000000
99198  41.872  -7.975  56.950 0.0000000000
99199  42.052  -8.046  56.558 0.0000000000
102274  22.757  -5.845  48.134 0.0000000000
102276  22.793  -5.101  47.779 0.0000000000
102277  22.784  -4.263  47.489 0.0000000000
102278  22.896  -3.630  47.284 0.0000000000
102280  23.171  -3.566  46.798 0.0000000000
102403  24.083  -3.447  45.690 0.0000000000
102424  29.818  -12.795  51.771 0.0000000000
102427  30.042  -12.392  51.094 0.0000000000
103584  44.856  -1.385  44.878 0.0000000000
103591  48.998  -4.537  49.593 0.0000000000
103593  49.167  -4.026  49.238 0.0000000000
106078  45.170  -7.930  51.327 0.0000000000
116068  25.225  2.815  46.926 0.0000000000
116167  27.384  3.896  48.781 0.0000000000
116168  26.939  3.286  48.318 0.0000000000
118590  22.660  -6.394  48.482 0.0000000000
118691  23.890  -9.270  47.562 0.0000000000
119609  46.283  -2.133  45.778 0.0000000000
121469  29.385  3.212  52.313 0.0000000000
121471  29.871  3.150  52.784 0.0000000000
121472  30.447  3.120  53.038 0.0000000000
121473  31.059  3.248  53.294 0.0000000000
121476  31.702  3.481  53.490 0.0000000000
121477  32.379  3.689  53.663 0.0000000000
121478  33.010  3.904  53.840 0.0000000000
121479  33.621  4.090  53.845 0.0000000000
121480  34.188  4.277  53.962 0.0000000000
121544  43.915  -8.230  52.223 0.0000000000
129588  48.730  -5.090  49.815 0.0000000000
131280  28.645  3.390  51.396 0.0000000000
131281  28.967  3.278  51.837 0.0000000000
131303  34.497  -9.531  53.541 0.0000000000
131305  35.415  -8.883  53.758 0.0000000000
131333  40.786  -7.186  57.143 0.0000000000
131334  40.748  -6.885  56.540 0.0000000000
131335  40.630  -6.668  55.927 0.0000000000
131342  42.181  -8.151  56.097 0.0000000000
131343  42.271  -8.277  55.593 0.0000000000
131344  42.328  -8.412  55.049 0.0000000000
137843  24.139  -0.703  46.088 0.0000000000
138093  24.820  -2.229  45.498 0.0000000000
138095  24.394  -3.754  45.493 0.0000000000
138125  25.826  -11.844  48.774 0.0000000000
138132  28.400  -12.968  50.846 0.0000000000
138133  27.660  -12.859  50.340 0.0000000000
138147  31.172  -10.974  50.259 0.0000000000
140490  40.096  0.367  46.607 0.0000000000
140491  40.662  0.508  46.568 0.0000000000
140497  43.422  -1.188  44.456 0.0000000000
140498  42.643  -0.720  44.572 0.0000000000
140499  41.938  -0.324  44.911 0.0000000000
140519  47.426  -2.136  46.586 0.0000000000
145403  34.746  4.484  53.985 0.0000000000
145404  35.256  4.614  53.935 0.0000000000
145405  35.820  4.760  53.913 0.0000000000
145407  35.783  4.293  53.099 0.0000000000
145413  37.187  3.198  51.537 0.0000000000
145563  46.061  -7.875  49.860 0.0000000000
145565  44.520  -8.119  51.718 0.0000000000
145566  44.600  -8.281  51.231 0.0000000000
152498  39.015  1.547  48.669 0.0000000000
152499  39.459  2.055  49.364 0.0000000000
723  45.458  -8.331  48.537 0.0000000000
849  27.506  4.516  48.739 0.0000000000
871  29.470  3.980  52.387 0.0000000000
875  37.917  -7.595  55.559 0.0000000000
1845  34.169  4.644  54.569 0.0000000000
2769  26.038  2.305  47.312 0.0000000000
3368  22.513  -5.613  48.705 0.0000000000
3392  24.832  -11.311  48.594 0.0000000000
4054  31.490  3.841  54.025 0.0000000000
4070  42.814  -8.650  52.711 0.0000000000
5911  48.194  -6.807  48.604 0.0000000000
7211  22.784  -3.068  47.568 0.0000000000
7247  27.177  -12.927  50.381 0.0000000000
7249  30.632  -11.761  50.693 0.0000000000
7552  48.930  -2.544  47.897 0.0000000000
8162  36.367  5.262  54.516 0.0000000000
11071  23.926  -9.961  48.125 0.0000000000
14131  28.896  5.500  50.311 0.0000000000
14138  33.338  -10.418  53.126 0.0000000000
14150  41.721  -8.430  57.206 0.0000000000
14151  41.892  -8.586  56.284 0.0000000000
15861  22.620  -4.342  48.009 0.0000000000
15942  29.410  -12.937  51.652 0.0000000000
16591  49.435  -4.651  49.254 0.0000000000
17921  32.868  4.246  54.367 0.0000000000
17927  35.309  5.080  54.594 0.0000000000
19891  40.901  0.950  47.245 0.0000000000
23410  23.462  2.051  46.982 0.0000000000
23411  24.214  3.226  46.836 0.0000000000
23413  25.160  3.274  46.854 0.0000000000
23415  26.723  3.420  48.040 0.0000000000
23846  37.744  3.598  52.186 0.0000000000
23848  38.710  3.539  51.897 0.0000000000
25728  30.246  3.814  53.398 0.0000000000
25760  42.782  -8.918  51.602 0.0000000000
29769  29.519  5.350  51.227 0.0000000000
29792  40.186  -7.031  56.720 0.0000000000
29796  41.899  -8.806  55.229 0.0000000000
32286  25.952  -12.187  49.259 0.0000000000
32288  28.535  -13.247  51.612 0.0000000000
32294  31.431  -11.200  50.988 0.0000000000
33105  41.559  0.528  45.987 0.0000000000
33107  42.546  -0.114  45.055 0.0000000000
33114  48.002  -1.864  46.761 0.0000000000
34794  36.274  4.254  52.955 0.0000000000
34795  37.023  3.873  52.583 0.0000000000
34846  45.418  -8.211  49.742 0.0000000000
34847  44.051  -8.717  50.561 0.0000000000
44784  27.870  5.002  49.057 0.0000000000
44851  28.227  5.005  49.528 0.0000000000
44859  33.754  -10.124  53.258 0.0000000000
44860  34.273  -9.978  54.257 0.0000000000
44861  37.502  -7.890  55.602 0.0000000000
44862  36.871  -8.051  54.730 0.0000000000
44867  38.338  -7.337  55.525 0.0000000000
44869  41.531  -8.324  57.682 0.0000000000
46662  30.451  -12.777  52.683 0.0000000000
46663  30.792  -12.606  52.815 0.0000000000
46664  30.664  -12.353  51.972 0.0000000000
47306  46.260  -1.439  45.483 0.0000000000
47307  45.492  -1.038  45.170 0.0000000000
47312  49.616  -4.067  48.979 0.0000000000
48641  33.524  4.453  54.518 0.0000000000
48647  34.717  4.833  54.538 0.0000000000
54376  23.800  2.675  46.869 0.0000000000
54378  24.668  3.242  46.725 0.0000000000
54380  25.578  2.357  47.042 0.0000000000
54381  25.642  2.841  47.114 0.0000000000
54384  26.389  2.819  47.680 0.0000000000
55104  38.245  3.563  52.060 0.0000000000
55107  39.043  3.033  51.054 0.0000000000
55108  39.489  3.078  50.781 0.0000000000
55110  39.881  3.191  50.455 0.0000000000
56180  22.970  -8.175  48.414 0.0000000000
56181  22.828  -7.638  48.641 0.0000000000
56253  24.345  -10.571  48.219 0.0000000000
58292  42.791  -8.783  52.160 0.0000000000
64109  49.059  -5.795  49.134 0.0000000000
64110  48.772  -6.354  48.617 0.0000000000
65434  29.177  5.412  50.691 0.0000000000
65436  29.209  4.742  51.338 0.0000000000
65462  35.131  -9.298  54.495 0.0000000000
65463  35.593  -8.952  54.616 0.0000000000
65485  40.305  -7.290  57.381 0.0000000000
65494  41.916  -8.708  55.769 0.0000000000
70618  22.711  -3.721  47.776 0.0000000000
70626  23.387  -2.131  46.482 0.0000000000
70627  23.757  -2.083  46.145 0.0000000000
70628  23.910  -1.391  46.078 0.0000000000
70858  26.555  -12.643  49.734 0.0000000000
70871  30.283  -11.985  50.532 0.0000000000
70877  30.976  -11.492  50.812 0.0000000000
72799  43.924  -0.277  45.058 0.0000000000
72800  43.268  -0.476  44.828 0.0000000000
72818  48.479  -2.159  47.348 0.0000000000
76801  30.750  3.711  53.718 0.0000000000
76829  36.666  4.087  52.779 0.0000000000
76831  36.860  3.365  51.690 0.0000000000
76957  45.375  -8.156  50.336 0.0000000000
76958  43.406  -8.820  51.085 0.0000000000
76959  44.011  -8.579  51.150 0.0000000000
92527  23.637  -0.237  46.553 0.0000000000
92528  23.519  0.395  46.792 0.0000000000
93615  23.292  -8.769  48.318 0.0000000000
93656  23.601  -9.491  48.381 0.0000000000
94874  42.323  -8.552  54.491 0.0000000000
94876  42.295  -8.690  53.918 0.0000000000
94877  42.263  -8.799  53.363 0.0000000000
94878  42.224  -8.917  52.706 0.0000000000
99164  28.659  5.495  49.762 0.0000000000
99176  32.764  -10.522  52.172 0.0000000000
99182  36.070  -8.659  54.679 0.0000000000
99183  36.480  -8.355  54.717 0.0000000000
99195  40.857  -7.513  57.633 0.0000000000
99196  41.276  -7.870  57.772 0.0000000000
99200  41.831  -8.503  56.757 0.0000000000
102275  22.544  -4.945  48.315 0.0000000000
102279  22.995  -2.973  47.086 0.0000000000
102423  29.988  -12.980  52.560 0.0000000000
102428  30.428  -12.154  51.239 0.0000000000
103585  44.727  -0.686  44.987 0.0000000000
103594  49.275  -3.492  48.830 0.0000000000
103595  49.376  -2.967  48.297 0.0000000000
105985  32.166  4.030  54.197 0.0000000000
105997  35.839  5.181  54.529 0.0000000000
109531  40.331  0.782  47.272 0.0000000000
109532  40.116  1.159  47.861 0.0000000000
115548  45.533  -8.377  47.864 0.0000000000
116058  23.301  0.950  46.980 0.0000000000
116059  23.192  1.491  47.070 0.0000000000
116069  25.590  3.358  47.093 0.0000000000
116073  27.114  3.994  48.399 0.0000000000
117085  38.516  2.997  51.212 0.0000000000
118587  22.468  -6.331  49.123 0.0000000000
118589  22.574  -6.812  48.706 0.0000000000
119610  46.867  -1.813  45.986 0.0000000000
121470  29.820  3.915  52.941 0.0000000000
121545  43.393  -8.677  51.652 0.0000000000
129589  49.140  -5.179  49.453 0.0000000000
129592  46.264  -8.011  47.906 0.0000000000
129593  46.972  -7.669  47.889 0.0000000000
129594  47.648  -7.273  47.945 0.0000000000
131271  29.468  4.729  51.825 0.0000000000
131272  29.093  4.016  51.863 0.0000000000
131302  34.676  -9.658  54.385 0.0000000000
131330  39.045  -7.236  56.312 0.0000000000
131331  39.577  -7.022  56.214 0.0000000000
131332  40.096  -6.817  56.086 0.0000000000
131345  41.851  -8.908  54.638 0.0000000000
137839  23.108  -2.273  46.886 0.0000000000
137842  23.790  -0.776  46.277 0.0000000000
138124  25.350  -11.860  48.888 0.0000000000
138130  27.845  -13.180  50.974 0.0000000000
138131  28.956  -13.225  51.696 0.0000000000
138148  31.756  -10.847  51.163 0.0000000000
138151  32.304  -10.913  52.074 0.0000000000
140492  41.193  0.677  46.582 0.0000000000
140500  41.979  0.287  45.496 0.0000000000
140520  47.434  -1.502  46.164 0.0000000000
145408  36.290  4.748  53.762 0.0000000000
145412  37.435  3.756  52.369 0.0000000000
145564  45.448  -8.266  49.143 0.0000000000
145567  44.670  -8.390  50.704 0.0000000000
145570  44.698  -8.483  50.151 0.0000000000
152500  40.017  1.623  48.467 0.0000000000
152501  39.961  2.090  49.145 0.0000000000
152502  39.873  2.603  49.900 0.0000000000
873  34.279  -10.148  55.050 0.0000000000
1461  31.452  -12.499  53.665 0.0000000000
1591  46.820  -1.117  45.716 0.0000000000
2765  23.258  -0.310  46.875 0.0000000000
2794  36.174  -8.827  55.569 0.0000000000
2796  40.416  -7.599  57.924 0.0000000000
4071  42.739  -9.196  50.416 0.0000000000
7550  43.797  0.382  45.413 0.0000000000
11048  22.792  -8.233  49.111 0.0000000000
11049  23.292  -9.385  48.812 0.0000000000
11748  41.774  -9.017  53.976 0.0000000000
11750  41.600  -9.229  52.728 0.0000000000
14064  28.305  5.530  49.316 0.0000000000
14141  37.053  -8.194  55.600 0.0000000000
14148  41.276  -8.313  58.114 0.0000000000
15941  30.561  -12.895  53.457 0.0000000000
15945  31.046  -12.184  52.144 0.0000000000
16588  45.319  -0.373  45.229 0.0000000000
16593  49.739  -3.523  48.560 0.0000000000
17918  30.026  5.249  52.227 0.0000000000
19892  40.455  1.682  48.335 0.0000000000
23190  45.610  -8.399  47.119 0.0000000000
23409  22.986  0.916  47.245 0.0000000000
23414  25.977  3.292  47.321 0.0000000000
23460  35.208  -9.459  55.331 0.0000000000
23464  39.256  -7.395  57.027 0.0000000000
23849  39.602  3.643  51.390 0.0000000000
23850  40.171  3.919  50.503 0.0000000000
24493  22.413  -6.857  49.427 0.0000000000
29151  49.309  -5.857  48.585 0.0000000000
29152  47.045  -7.683  47.220 0.0000000000
32188  22.986  -1.664  47.178 0.0000000000
32189  23.569  -1.439  46.351 0.0000000000
32295  32.523  -11.039  52.813 0.0000000000
34848  44.077  -8.851  49.432 0.0000000000
37178  40.267  2.695  49.604 0.0000000000
41791  23.692  -10.174  48.903 0.0000000000
42469  41.677  -9.134  53.365 0.0000000000
44780  27.226  4.489  48.265 0.0000000000
44782  27.597  5.017  48.596 0.0000000000
44783  27.974  5.516  48.891 0.0000000000
44858  33.785  -10.346  54.091 0.0000000000
44868  41.390  -8.787  57.949 0.0000000000
44870  41.513  -8.853  57.458 0.0000000000
44871  41.593  -8.925  56.954 0.0000000000
46661  31.001  -12.697  53.578 0.0000000000
46665  31.215  -12.315  52.904 0.0000000000
47308  46.097  -0.716  45.406 0.0000000000
47311  49.805  -4.772  48.809 0.0000000000
47313  50.052  -4.185  48.542 0.0000000000
48638  29.606  4.604  52.311 0.0000000000
48640  30.037  4.588  52.890 0.0000000000
48642  33.382  4.871  54.985 0.0000000000
48643  34.036  5.058  55.083 0.0000000000
48645  34.645  5.181  55.159 0.0000000000
48646  35.261  5.472  55.160 0.0000000000
50611  41.417  1.107  47.176 0.0000000000
50612  41.096  1.390  47.735 0.0000000000
54372  23.114  0.264  47.055 0.0000000000
54382  25.968  2.836  47.344 0.0000000000
54383  26.391  3.337  47.614 0.0000000000
55109  39.919  3.789  50.968 0.0000000000
64112  46.340  -8.063  47.170 0.0000000000
65461  35.722  -9.115  55.459 0.0000000000
65483  39.870  -7.440  57.585 0.0000000000
65484  39.700  -7.203  56.867 0.0000000000
65493  41.577  -9.106  55.847 0.0000000000
65495  41.494  -9.217  55.256 0.0000000000
65496  41.392  -9.320  54.634 0.0000000000
70615  22.411  -5.343  49.186 0.0000000000
70617  22.452  -4.877  48.889 0.0000000000
70619  22.620  -3.598  48.411 0.0000000000
70620  22.636  -2.936  48.134 0.0000000000
70622  22.688  -2.357  47.914 0.0000000000
70624  22.885  -2.278  47.361 0.0000000000
70856  26.741  -12.982  50.421 0.0000000000
70857  26.095  -12.515  49.850 0.0000000000
70862  28.728  -13.480  52.520 0.0000000000
70863  29.178  -13.311  52.453 0.0000000000
72801  43.176  0.173  45.252 0.0000000000
72802  42.568  0.493  45.595 0.0000000000
76802  30.753  4.463  53.949 0.0000000000
76803  31.301  4.465  54.381 0.0000000000
76818  36.418  5.773  55.005 0.0000000000
76820  36.930  5.754  54.933 0.0000000000
76822  36.847  5.193  54.304 0.0000000000
76960  43.397  -8.952  50.510 0.0000000000
82715  40.378  2.184  48.971 0.0000000000
93614  23.046  -8.703  48.806 0.0000000000
93657  24.012  -10.484  48.662 0.0000000000
93658  24.461  -11.044  48.768 0.0000000000
94879  42.184  -9.038  52.086 0.0000000000
94880  41.535  -9.312  52.091 0.0000000000
99042  28.731  6.052  49.595 0.0000000000
99163  29.059  5.994  50.057 0.0000000000
99181  36.636  -8.513  55.623 0.0000000000
99194  40.942  -7.883  58.107 0.0000000000
99201  41.629  -8.998  56.408 0.0000000000
102420  27.374  -13.215  51.043 0.0000000000
102421  30.292  -13.047  53.352 0.0000000000
102422  29.659  -13.158  52.510 0.0000000000
102429  30.842  -11.941  51.360 0.0000000000
102430  31.180  -11.702  51.616 0.0000000000
103586  44.543  -0.029  45.250 0.0000000000
105986  31.981  4.483  54.632 0.0000000000
105987  32.768  4.697  54.894 0.0000000000
105996  35.870  5.670  55.170 0.0000000000
109533  40.605  1.255  47.804 0.0000000000
115547  44.813  -8.719  47.784 0.0000000000
115549  44.867  -8.745  47.087 0.0000000000
116057  22.859  1.597  47.402 0.0000000000
116060  23.124  2.158  47.240 0.0000000000
116061  23.427  2.655  47.115 0.0000000000
116062  23.811  3.218  47.009 0.0000000000
116063  24.200  3.783  46.915 0.0000000000
116065  24.670  3.787  46.853 0.0000000000
116066  25.067  3.775  46.847 0.0000000000
116067  25.536  3.782  46.890 0.0000000000
116070  25.966  3.830  47.259 0.0000000000
116072  26.829  3.870  47.872 0.0000000000
116178  34.769  -9.783  55.226 0.0000000000
116186  37.689  -8.017  56.517 0.0000000000
116187  38.133  -7.756  56.487 0.0000000000
116188  38.549  -7.493  56.400 0.0000000000
117080  38.013  4.211  53.019 0.0000000000
117082  38.475  4.171  52.779 0.0000000000
117083  38.978  4.212  52.500 0.0000000000
117084  39.371  4.188  52.247 0.0000000000
117086  39.198  3.577  51.698 0.0000000000
118586  22.342  -6.176  49.640 0.0000000000
118588  22.604  -7.518  49.171 0.0000000000
121546  42.773  -9.060  51.019 0.0000000000
121547  42.144  -9.153  51.502 0.0000000000
121548  42.098  -9.258  50.931 0.0000000000
129590  49.468  -5.317  49.006 0.0000000000
129596  47.729  -7.289  47.255 0.0000000000
129597  48.319  -6.854  47.944 0.0000000000
129598  48.931  -6.407  47.983 0.0000000000
131267  29.316  5.965  50.549 0.0000000000
131268  29.665  5.946  51.013 0.0000000000
131269  29.954  5.866  51.542 0.0000000000
131270  29.764  5.300  51.739 0.0000000000
131346  41.262  -9.409  54.028 0.0000000000
137830  22.528  -4.315  48.675 0.0000000000
137840  23.266  -1.566  46.739 0.0000000000
137841  23.427  -0.886  46.615 0.0000000000
138121  24.991  -11.770  49.234 0.0000000000
138123  25.498  -12.169  49.516 0.0000000000
138129  28.076  -13.410  51.742 0.0000000000
138149  31.543  -11.286  51.681 0.0000000000
138150  31.929  -11.151  51.900 0.0000000000
138152  32.903  -10.754  52.990 0.0000000000
138153  33.329  -10.643  53.947 0.0000000000
140493  41.719  0.888  46.558 0.0000000000
140501  42.099  0.761  46.096 0.0000000000
140522  49.868  -2.951  48.089 0.0000000000
140523  49.480  -2.419  47.783 0.0000000000
140526  48.968  -1.984  47.381 0.0000000000
140527  48.521  -1.585  46.833 0.0000000000
140528  47.977  -1.213  46.325 0.0000000000
140529  47.357  -0.803  45.916 0.0000000000
145376  30.381  4.540  53.463 0.0000000000
145409  36.836  4.656  53.630 0.0000000000
145410  37.252  4.476  53.381 0.0000000000
145411  37.611  4.332  53.208 0.0000000000
145568  43.364  -9.063  49.966 0.0000000000
145569  44.072  -8.807  50.004 0.0000000000
145571  44.722  -8.560  49.583 0.0000000000
145572  44.773  -8.597  49.033 0.0000000000
145573  44.775  -8.674  48.396 0.0000000000
152503  40.245  3.295  50.135 0.0000000000
724  50.114  -4.836  48.346 0.0000000000
847  24.070  4.260  46.922 0.0000000000
864  41.270  -9.314  57.654 0.0000000000
1088  38.162  4.770  53.659 0.0000000000
1590  41.947  1.341  47.014 0.0000000000
2766  22.707  2.058  47.621 0.0000000000
2768  25.977  4.320  47.070 0.0000000000
3009  39.929  4.906  52.252 0.0000000000
3394  29.807  -13.278  53.330 0.0000000000
6135  29.148  6.584  49.918 0.0000000000
6162  41.018  -9.697  55.316 0.0000000000
6175  30.338  6.388  51.845 0.0000000000
11072  24.091  -10.938  49.099 0.0000000000
11751  41.477  -9.415  51.500 0.0000000000
14053  23.311  3.198  47.218 0.0000000000
14060  26.776  4.395  47.846 0.0000000000
14062  27.595  5.450  48.367 0.0000000000
14109  41.222  -9.520  56.502 0.0000000000
15939  26.280  -12.825  50.594 0.0000000000
15940  27.584  -13.475  51.813 0.0000000000
15946  31.746  -11.670  52.474 0.0000000000
17920  30.613  5.157  53.340 0.0000000000
17922  32.562  5.223  55.248 0.0000000000
17923  33.962  5.569  55.519 0.0000000000
17925  35.225  5.928  55.609 0.0000000000
17926  36.404  6.265  55.541 0.0000000000
17974  42.670  -9.370  49.264 0.0000000000
19893  41.203  1.937  48.033 0.0000000000
23189  44.145  -9.081  47.014 0.0000000000
23412  25.021  4.292  46.859 0.0000000000
23463  38.323  -7.855  57.250 0.0000000000
23847  39.120  4.832  53.062 0.0000000000
24492  22.187  -5.553  49.955 0.0000000000
24540  28.924  -13.634  53.277 0.0000000000
25761  41.372  -9.591  50.287 0.0000000000
29153  48.413  -6.877  47.272 0.0000000000
29736  40.715  -9.833  54.034 0.0000000000
29768  29.776  6.505  50.829 0.0000000000
32185  22.332  -4.342  49.220 0.0000000000
32186  22.517  -3.167  48.697 0.0000000000
32187  22.546  -1.810  48.172 0.0000000000
32285  25.100  -12.099  49.592 0.0000000000
32296  33.544  -10.759  54.768 0.0000000000
33108  42.644  0.990  46.138 0.0000000000
33115  49.977  -2.366  47.671 0.0000000000
33116  49.024  -1.385  46.867 0.0000000000
33117  47.863  -0.500  46.061 0.0000000000
34784  31.448  5.149  54.441 0.0000000000
34791  37.448  6.282  55.255 0.0000000000
34792  37.347  5.079  54.155 0.0000000000
34849  44.102  -8.980  48.266 0.0000000000
41768  23.057  -9.352  49.362 0.0000000000
41769  23.315  -9.938  49.299 0.0000000000
41792  23.771  -10.666  49.405 0.0000000000
42468  41.120  -9.494  53.370 0.0000000000
42470  40.987  -9.571  52.716 0.0000000000
42471  40.906  -9.627  52.114 0.0000000000
44773  23.646  3.711  47.070 0.0000000000
44781  27.211  4.937  48.104 0.0000000000
44829  41.268  -9.418  57.096 0.0000000000
46666  31.578  -12.116  53.068 0.0000000000
46667  31.821  -12.204  53.786 0.0000000000
47309  45.893  -0.044  45.469 0.0000000000
47310  46.666  -0.423  45.595 0.0000000000
48639  30.330  5.166  52.739 0.0000000000
48644  34.585  5.743  55.546 0.0000000000
50613  41.570  1.593  47.568 0.0000000000
54009  44.166  -9.130  46.279 0.0000000000
54370  22.933  -0.402  47.187 0.0000000000
54371  22.833  0.342  47.431 0.0000000000
54464  37.854  -8.095  57.270 0.0000000000
56178  22.339  -6.707  49.986 0.0000000000
56179  22.395  -7.645  49.925 0.0000000000
58294  41.420  -9.505  50.905 0.0000000000
64111  45.638  -8.429  46.399 0.0000000000
64113  46.385  -8.092  46.467 0.0000000000
64115  47.805  -7.305  46.486 0.0000000000
64117  49.050  -6.435  47.338 0.0000000000
65193  22.508  1.476  47.821 0.0000000000
65215  25.481  4.296  47.016 0.0000000000
65225  28.708  6.480  49.369 0.0000000000
65364  40.860  -9.783  54.660 0.0000000000
65432  29.449  6.497  50.353 0.0000000000
67396  39.586  4.878  52.653 0.0000000000
70616  22.270  -4.968  49.609 0.0000000000
70621  22.519  -2.455  48.424 0.0000000000
70623  22.757  -1.872  47.726 0.0000000000
70861  29.359  -13.613  53.410 0.0000000000
70879  32.126  -11.364  52.617 0.0000000000
70880  32.614  -11.313  53.629 0.0000000000
70881  32.959  -10.964  53.752 0.0000000000
72803  43.157  0.692  45.678 0.0000000000
72805  43.780  0.957  45.745 0.0000000000
72820  50.342  -2.960  47.838 0.0000000000
72825  48.479  -0.930  46.395 0.0000000000
76819  36.905  6.345  55.519 0.0000000000
76821  37.327  5.640  54.759 0.0000000000
76962  43.360  -9.130  49.366 0.0000000000
76963  43.367  -9.190  48.758 0.0000000000
76964  44.090  -8.917  48.863 0.0000000000
82714  40.714  2.325  48.734 0.0000000000
82716  40.576  2.847  49.257 0.0000000000
82717  40.439  3.430  49.700 0.0000000000
93612  22.587  -8.082  49.628 0.0000000000
93613  22.787  -8.781  49.597 0.0000000000
94881  40.832  -9.682  51.512 0.0000000000
99021  23.045  2.701  47.361 0.0000000000
99034  26.369  4.279  47.433 0.0000000000
99040  27.962  5.963  48.648 0.0000000000
99041  28.381  6.016  49.124 0.0000000000
99123  41.139  -9.612  55.915 0.0000000000
102419  26.961  -13.175  51.187 0.0000000000
102431  31.392  -11.995  52.328 0.0000000000
103587  44.406  0.621  45.536 0.0000000000
103588  45.155  0.269  45.447 0.0000000000
105980  30.229  5.833  52.085 0.0000000000
105982  30.537  5.788  52.625 0.0000000000
105988  33.297  5.371  55.422 0.0000000000
105995  35.768  6.131  55.695 0.0000000000
106079  42.001  -9.490  49.740 0.0000000000
106080  42.701  -9.293  49.849 0.0000000000
109534  40.860  1.769  48.202 0.0000000000
115550  44.911  -8.797  46.370 0.0000000000
116056  22.707  0.905  47.644 0.0000000000
116064  24.562  4.256  46.847 0.0000000000
116071  26.359  3.837  47.580 0.0000000000
116136  41.224  -9.266  58.181 0.0000000000
116177  34.804  -9.996  55.958 0.0000000000
116179  35.303  -9.600  56.116 0.0000000000
116180  35.792  -9.232  56.260 0.0000000000
116181  36.228  -8.927  56.364 0.0000000000
116184  36.771  -8.594  56.455 0.0000000000
116185  37.252  -8.288  56.482 0.0000000000
116189  38.794  -7.630  57.178 0.0000000000
116190  39.414  -7.593  57.739 0.0000000000
116191  39.984  -7.707  58.189 0.0000000000
116194  40.572  -7.916  58.404 0.0000000000
116195  40.974  -8.322  58.501 0.0000000000
116196  41.197  -8.726  58.459 0.0000000000
117081  38.694  4.779  53.458 0.0000000000
117087  39.745  4.258  51.873 0.0000000000
117088  39.994  4.355  51.368 0.0000000000
117089  40.220  4.485  50.798 0.0000000000
117090  40.256  4.521  50.207 0.0000000000
118585  22.142  -6.208  50.353 0.0000000000
118704  30.454  -13.218  54.208 0.0000000000
118705  30.836  -13.115  54.315 0.0000000000
118706  31.204  -12.879  54.348 0.0000000000
118707  31.580  -12.638  54.450 0.0000000000
118708  31.963  -12.389  54.548 0.0000000000
119612  50.415  -4.250  48.076 0.0000000000
121549  42.041  -9.382  50.333 0.0000000000
129591  49.769  -5.359  48.514 0.0000000000
129595  47.105  -7.704  46.508 0.0000000000
129599  49.525  -5.913  47.963 0.0000000000
131178  40.582  -9.865  53.415 0.0000000000
131266  30.068  6.499  51.341 0.0000000000
137831  22.483  -3.716  48.923 0.0000000000
137837  22.810  -1.055  47.414 0.0000000000
137838  23.087  -1.017  47.015 0.0000000000
138120  24.581  -11.475  49.321 0.0000000000
138122  25.709  -12.526  50.124 0.0000000000
138128  28.256  -13.665  52.544 0.0000000000
138154  33.853  -10.482  54.912 0.0000000000
138163  34.385  -10.291  55.817 0.0000000000
140502  42.251  1.149  46.522 0.0000000000
140521  50.201  -3.580  48.236 0.0000000000
140525  49.498  -1.897  47.322 0.0000000000
140530  47.201  -0.083  45.795 0.0000000000
145377  31.009  5.156  53.898 0.0000000000
145379  31.906  5.178  54.901 0.0000000000
145402  37.783  4.886  53.915 0.0000000000
145574  44.121  -9.041  47.618 0.0000000000
152504  40.315  4.005  49.987 0.0000000000
164  23.447  -10.505  49.893 0.0000000000
375  40.464  -9.930  52.732 0.0000000000
1090  40.200  5.119  49.766 0.0000000000
2644  45.696  -8.460  45.694 0.0000000000
3367  22.388  -8.156  50.386 0.0000000000
7250  32.785  -11.401  54.396 0.0000000000
8181  42.685  -9.489  47.999 0.0000000000
8977  40.734  2.966  48.866 0.0000000000
11047  22.777  -9.264  50.021 0.0000000000
11709  40.256  -10.044  51.473 0.0000000000
13692  47.160  -7.684  45.795 0.0000000000
14063  28.337  6.470  48.907 0.0000000000
14786  40.229  5.048  51.068 0.0000000000
15947  32.120  -12.040  54.051 0.0000000000
16589  44.990  0.842  45.671 0.0000000000
16590  46.480  0.307  45.648 0.0000000000
17919  30.993  6.397  52.939 0.0000000000
17973  41.311  -9.752  48.992 0.0000000000
23191  44.233  -9.175  45.571 0.0000000000
23407  22.711  -0.368  47.632 0.0000000000
23408  22.404  0.827  48.096 0.0000000000
23442  41.113  -9.248  58.683 0.0000000000
23459  35.371  -9.705  56.844 0.0000000000
23461  36.421  -8.985  57.129 0.0000000000
23462  37.410  -8.358  57.274 0.0000000000
23465  39.581  -7.805  58.394 0.0000000000
23466  40.626  -8.354  58.861 0.0000000000
24491  22.090  -6.703  50.695 0.0000000000
24542  31.122  -13.248  55.065 0.0000000000
24543  31.934  -12.716  55.288 0.0000000000
24544  32.616  -12.268  55.497 0.0000000000
24932  50.628  -3.644  47.816 0.0000000000
29154  49.640  -5.962  47.342 0.0000000000
32299  34.623  -10.414  56.603 0.0000000000
33109  43.825  1.481  46.051 0.0000000000
37179  40.338  4.067  49.446 0.0000000000
41767  23.056  -9.835  49.826 0.0000000000
42429  40.361  -9.988  52.108 0.0000000000
44774  23.314  3.778  47.335 0.0000000000
44775  23.598  4.304  47.153 0.0000000000
44777  23.966  4.797  46.903 0.0000000000
44779  24.496  4.782  46.830 0.0000000000
44830  40.909  -9.906  56.844 0.0000000000
44831  40.992  -9.862  57.403 0.0000000000
45503  38.286  5.381  54.235 0.0000000000
45505  38.725  5.392  53.945 0.0000000000
45506  40.279  5.147  50.435 0.0000000000
46659  27.182  -13.421  51.855 0.0000000000
46660  27.848  -13.633  52.388 0.0000000000
54008  43.496  -9.395  46.232 0.0000000000
54010  43.508  -9.457  45.536 0.0000000000
54459  35.916  -9.319  56.976 0.0000000000
54463  38.030  -8.245  58.066 0.0000000000
54465  38.515  -8.000  58.022 0.0000000000
54466  38.908  -7.803  57.907 0.0000000000
54471  40.969  -8.740  58.864 0.0000000000
56177  22.207  -7.225  50.366 0.0000000000
56264  31.469  -12.966  55.132 0.0000000000
58293  40.766  -9.746  50.893 0.0000000000
58295  40.708  -9.825  50.249 0.0000000000
58296  40.661  -9.892  49.625 0.0000000000
64114  47.849  -7.272  45.838 0.0000000000
64116  48.473  -6.882  46.590 0.0000000000
64118  49.127  -6.451  46.684 0.0000000000
65194  22.266  1.401  48.316 0.0000000000
65195  22.481  2.148  47.979 0.0000000000
65216  25.364  4.736  46.866 0.0000000000
65217  25.916  4.835  47.152 0.0000000000
65226  28.716  6.929  49.107 0.0000000000
65227  29.049  6.957  49.583 0.0000000000
65229  29.486  7.069  50.123 0.0000000000
65365  40.343  -10.175  54.275 0.0000000000
65366  40.493  -10.120  54.868 0.0000000000
65431  29.834  7.001  50.619 0.0000000000
67397  39.648  5.539  52.993 0.0000000000
67398  40.031  5.553  52.518 0.0000000000
70854  24.677  -11.981  49.947 0.0000000000
70855  25.306  -12.433  50.145 0.0000000000
70878  32.292  -11.576  53.437 0.0000000000
70882  33.115  -11.134  54.582 0.0000000000
72804  43.244  1.241  46.121 0.0000000000
72819  50.806  -3.005  47.499 0.0000000000
72821  50.480  -2.363  47.462 0.0000000000
72823  49.525  -1.267  46.831 0.0000000000
72824  49.021  -0.704  46.431 0.0000000000
72826  48.386  -0.211  46.160 0.0000000000
72827  47.708  0.203  45.868 0.0000000000
76793  30.417  7.022  51.598 0.0000000000
76795  30.712  6.948  52.125 0.0000000000
76804  33.128  5.951  55.552 0.0000000000
76805  32.502  5.883  55.261 0.0000000000
76961  42.649  -9.436  48.630 0.0000000000
76965  43.382  -9.263  48.142 0.0000000000
76966  43.414  -9.310  47.445 0.0000000000
82718  40.524  3.529  49.181 0.0000000000
93611  22.563  -8.587  50.064 0.0000000000
94803  40.147  -10.098  50.816 0.0000000000
98372  46.452  -8.093  45.738 0.0000000000
99022  22.718  2.704  47.754 0.0000000000
99023  23.032  3.252  47.578 0.0000000000
99035  26.387  4.827  47.293 0.0000000000
99036  26.834  4.856  47.657 0.0000000000
99037  27.240  5.376  47.902 0.0000000000
99038  27.600  5.877  48.177 0.0000000000
99039  27.937  6.370  48.388 0.0000000000
99124  40.641  -10.053  55.524 0.0000000000
99125  40.783  -9.980  56.211 0.0000000000
100342  40.119  4.987  51.648 0.0000000000
100343  40.195  5.581  51.911 0.0000000000
102417  25.853  -12.886  50.721 0.0000000000
102418  26.483  -13.202  51.384 0.0000000000
102432  31.902  -11.884  53.273 0.0000000000
103589  45.701  0.544  45.585 0.0000000000
105981  30.661  6.382  52.387 0.0000000000
105983  30.919  5.744  53.133 0.0000000000
105984  31.220  5.733  53.732 0.0000000000
105989  33.830  6.061  55.797 0.0000000000
105991  34.484  6.300  55.876 0.0000000000
105992  35.097  6.474  55.907 0.0000000000
105993  35.788  6.684  55.931 0.0000000000
105994  36.347  6.809  55.899 0.0000000000
106081  41.991  -9.563  49.187 0.0000000000
106082  41.980  -9.642  48.535 0.0000000000
109535  40.956  2.439  48.429 0.0000000000
115551  44.937  -8.856  45.677 0.0000000000
116055  22.544  0.121  47.922 0.0000000000
116137  41.028  -9.830  57.932 0.0000000000
116138  40.992  -9.802  58.465 0.0000000000
116183  36.918  -8.650  57.245 0.0000000000
116193  40.194  -8.003  58.684 0.0000000000
118583  21.997  -5.976  50.926 0.0000000000
118584  22.071  -5.420  50.533 0.0000000000
118698  28.474  -13.701  53.269 0.0000000000
118699  29.132  -13.820  54.123 0.0000000000
118700  29.601  -13.677  54.180 0.0000000000
118701  30.036  -13.405  54.186 0.0000000000
118703  30.715  -13.555  55.050 0.0000000000
118709  32.272  -12.475  55.360 0.0000000000
119611  50.383  -4.914  47.849 0.0000000000
119613  50.719  -4.330  47.625 0.0000000000
121550  41.344  -9.681  49.627 0.0000000000
124231  42.461  1.596  46.818 0.0000000000
124232  42.043  1.828  47.310 0.0000000000
128755  23.859  -11.148  49.990 0.0000000000
129600  50.005  -5.425  47.946 0.0000000000
130990  24.925  4.731  46.787 0.0000000000
131179  40.041  -10.279  52.901 0.0000000000
131180  40.191  -10.223  53.597 0.0000000000
131265  30.157  7.034  51.078 0.0000000000
133753  39.198  5.392  53.501 0.0000000000
137827  22.177  -4.830  50.208 0.0000000000
137828  22.287  -4.295  49.830 0.0000000000
137829  22.322  -3.675  49.595 0.0000000000
137832  22.311  -3.015  49.249 0.0000000000
137833  22.352  -2.357  49.000 0.0000000000
137834  22.381  -1.799  48.738 0.0000000000
137835  22.439  -1.176  48.446 0.0000000000
137836  22.613  -1.161  47.922 0.0000000000
138119  24.192  -11.447  49.646 0.0000000000
138155  32.374  -12.135  54.805 0.0000000000
138161  33.756  -10.980  55.519 0.0000000000
138162  34.077  -10.597  55.664 0.0000000000
138164  34.988  -10.099  56.723 0.0000000000
140503  42.755  1.423  46.458 0.0000000000
140506  44.369  1.194  45.783 0.0000000000
140524  50.015  -1.795  47.208 0.0000000000
140531  47.039  0.590  45.754 0.0000000000
145378  31.644  5.793  54.291 0.0000000000
145380  32.014  5.752  54.736 0.0000000000
145397  36.941  6.899  55.768 0.0000000000
145398  37.372  6.890  55.744 0.0000000000
145399  37.856  6.813  55.460 0.0000000000
145400  37.833  6.152  55.075 0.0000000000
145401  37.835  5.508  54.561 0.0000000000
145575  43.458  -9.354  46.811 0.0000000000
152505  40.218  4.537  49.644 0.0000000000
152506  41.575  2.153  47.751 0.0000000000
152507  41.184  2.581  48.083 0.0000000000
