#!ascii label  , from subject  vox2ras=TkReg
901
56356  6.771  29.324  23.355 0.0000000000
3424  7.128  28.938  23.828 0.0000000000
56354  6.584  28.698  23.700 0.0000000000
56355  6.298  28.996  23.155 0.0000000000
24598  6.494  29.668  22.796 0.0000000000
93717  7.378  29.536  23.374 0.0000000000
118837  7.033  29.949  22.858 0.0000000000
11105  7.709  30.119  22.823 0.0000000000
93716  7.820  29.047  23.807 0.0000000000
93718  8.103  29.628  23.262 0.0000000000
11104  8.576  29.071  23.647 0.0000000000
41825  8.876  29.609  23.093 0.0000000000
93719  8.502  30.132  22.706 0.0000000000
11106  9.330  30.064  22.541 0.0000000000
93720  8.992  30.580  22.144 0.0000000000
56357  8.182  30.637  22.291 0.0000000000
3426  8.670  31.082  21.734 0.0000000000
154417  9.984  30.348  22.107 0.0000000000
154418  9.659  30.835  21.703 0.0000000000
56358  7.406  30.547  22.372 0.0000000000
118838  6.724  30.324  22.350 0.0000000000
24599  7.047  31.009  21.962 0.0000000000
118839  6.482  30.699  21.827 0.0000000000
118836  6.302  29.977  22.174 0.0000000000
118840  6.789  31.379  21.454 0.0000000000
3425  6.110  30.303  21.605 0.0000000000
102595  6.164  31.091  21.332 0.0000000000
16037  6.503  31.778  20.984 0.0000000000
56360  7.570  31.556  21.441 0.0000000000
118841  7.294  31.951  20.981 0.0000000000
24600  8.206  31.994  20.878 0.0000000000
118842  7.941  32.402  20.398 0.0000000000
46757  7.025  32.347  20.482 0.0000000000
1479  7.766  32.762  19.901 0.0000000000
154423  8.986  32.185  20.407 0.0000000000
154424  8.810  32.566  19.933 0.0000000000
37818  10.668  30.613  21.676 0.0000000000
84308  10.953  30.166  22.101 0.0000000000
154416  10.330  29.826  22.506 0.0000000000
154420  10.405  31.105  21.225 0.0000000000
154421  9.427  31.321  21.266 0.0000000000
37819  10.203  31.536  20.795 0.0000000000
84311  11.169  31.335  20.796 0.0000000000
154419  11.360  30.884  21.266 0.0000000000
154422  9.210  31.778  20.835 0.0000000000
56361  8.430  31.543  21.298 0.0000000000
84313  9.997  31.930  20.379 0.0000000000
37820  9.799  32.329  19.934 0.0000000000
154432  9.640  32.714  19.474 0.0000000000
154433  8.645  32.958  19.460 0.0000000000
37823  9.463  33.121  19.000 0.0000000000
84321  10.437  32.862  18.996 0.0000000000
154431  10.607  32.484  19.476 0.0000000000
154434  8.423  33.345  18.988 0.0000000000
46761  7.565  33.141  19.410 0.0000000000
16041  7.389  33.500  18.898 0.0000000000
84323  9.287  33.481  18.528 0.0000000000
154435  8.209  33.748  18.527 0.0000000000
37824  9.157  33.847  18.032 0.0000000000
154436  8.069  34.152  17.988 0.0000000000
102603  7.205  33.927  18.398 0.0000000000
7293  7.039  34.280  17.840 0.0000000000
154438  8.977  34.270  17.524 0.0000000000
154439  7.919  34.540  17.484 0.0000000000
37825  8.820  34.658  17.063 0.0000000000
84326  9.811  34.369  17.071 0.0000000000
154437  9.969  33.980  17.546 0.0000000000
154440  7.761  34.923  17.046 0.0000000000
71166  6.922  34.609  17.326 0.0000000000
32415  6.759  34.973  16.823 0.0000000000
84328  8.647  35.052  16.619 0.0000000000
154441  7.604  35.295  16.532 0.0000000000
138501  6.695  35.278  16.282 0.0000000000
20428  10.746  34.152  17.085 0.0000000000
110498  10.903  33.777  17.564 0.0000000000
84324  10.142  33.582  18.049 0.0000000000
37822  11.349  32.691  18.997 0.0000000000
154430  11.531  32.339  19.477 0.0000000000
84314  10.779  32.112  19.920 0.0000000000
154429  12.238  32.604  19.081 0.0000000000
154427  12.416  32.282  19.567 0.0000000000
9192  11.728  31.990  19.908 0.0000000000
84319  12.064  32.941  18.600 0.0000000000
154428  12.844  32.934  18.796 0.0000000000
37821  13.006  32.613  19.301 0.0000000000
20426  12.748  33.259  18.281 0.0000000000
110494  13.402  33.301  18.546 0.0000000000
84317  13.519  33.010  19.071 0.0000000000
154426  13.146  32.280  19.836 0.0000000000
110492  12.530  31.930  20.122 0.0000000000
84316  13.670  32.715  19.601 0.0000000000
154425  13.777  32.417  20.163 0.0000000000
20424  13.247  31.976  20.391 0.0000000000
27230  14.241  32.916  19.979 0.0000000000
124976  14.306  32.637  20.559 0.0000000000
51144  13.877  32.109  20.714 0.0000000000
20423  12.039  31.230  20.886 0.0000000000
110489  12.229  30.808  21.399 0.0000000000
84309  11.599  30.462  21.730 0.0000000000
37817  11.229  29.688  22.538 0.0000000000
154415  10.652  29.342  22.926 0.0000000000
41826  9.719  29.513  22.914 0.0000000000
154414  11.564  29.276  22.966 0.0000000000
154388  11.046  28.901  23.319 0.0000000000
181  10.111  29.035  23.303 0.0000000000
84306  12.128  29.638  22.633 0.0000000000
154413  12.406  29.261  23.091 0.0000000000
37808  11.895  28.878  23.366 0.0000000000
37816  12.905  29.672  22.850 0.0000000000
154412  13.141  29.313  23.344 0.0000000000
84284  12.655  28.866  23.559 0.0000000000
154411  13.571  29.781  23.183 0.0000000000
154409  13.737  29.425  23.772 0.0000000000
9188  13.336  28.950  23.922 0.0000000000
84304  13.373  30.129  22.633 0.0000000000
154410  13.976  30.296  23.035 0.0000000000
37815  14.143  29.929  23.619 0.0000000000
20421  13.842  30.636  22.463 0.0000000000
110485  14.337  30.862  22.902 0.0000000000
84302  14.436  30.539  23.505 0.0000000000
154408  14.216  29.688  24.210 0.0000000000
110474  13.891  29.130  24.319 0.0000000000
84301  14.495  30.266  24.136 0.0000000000
154407  14.546  29.983  24.749 0.0000000000
20414  14.335  29.405  24.763 0.0000000000
37814  14.736  30.590  24.724 0.0000000000
154406  14.738  30.299  25.348 0.0000000000
51134  14.610  29.664  25.352 0.0000000000
154405  14.833  30.980  25.339 0.0000000000
154397  14.748  30.746  25.936 0.0000000000
2208  14.673  30.074  25.935 0.0000000000
84299  14.877  31.226  24.707 0.0000000000
154404  14.861  31.615  25.333 0.0000000000
37811  14.765  31.373  25.961 0.0000000000
37813  14.956  31.880  24.688 0.0000000000
154403  14.824  32.244  25.363 0.0000000000
84292  14.708  31.959  25.995 0.0000000000
154402  14.920  32.541  24.746 0.0000000000
154400  14.735  32.885  25.364 0.0000000000
9189  14.605  32.585  25.984 0.0000000000
84297  14.983  32.136  24.078 0.0000000000
154401  14.980  32.791  24.082 0.0000000000
37812  14.826  33.177  24.720 0.0000000000
20419  15.017  32.398  23.436 0.0000000000
110481  15.027  33.073  23.429 0.0000000000
84295  14.911  33.453  24.075 0.0000000000
154399  14.575  33.564  25.308 0.0000000000
110479  14.423  33.243  25.939 0.0000000000
84294  14.676  33.844  24.695 0.0000000000
154398  14.331  34.240  25.292 0.0000000000
20417  14.177  33.914  25.899 0.0000000000
27226  14.475  34.532  24.660 0.0000000000
124966  14.066  34.878  25.233 0.0000000000
51137  13.899  34.544  25.856 0.0000000000
154396  14.608  31.066  26.539 0.0000000000
124964  14.612  30.436  26.527 0.0000000000
84291  14.553  31.681  26.580 0.0000000000
154395  14.360  31.400  27.134 0.0000000000
27224  14.442  30.772  27.125 0.0000000000
37810  14.239  31.978  27.149 0.0000000000
154394  14.013  31.713  27.705 0.0000000000
60734  14.174  31.150  27.705 0.0000000000
154393  13.806  32.292  27.690 0.0000000000
154391  13.580  32.033  28.248 0.0000000000
4884  13.775  31.403  28.290 0.0000000000
84289  14.037  32.588  27.147 0.0000000000
154392  13.539  32.869  27.664 0.0000000000
37809  13.297  32.571  28.194 0.0000000000
20416  13.792  33.214  27.090 0.0000000000
110476  13.259  33.471  27.575 0.0000000000
84287  12.981  33.133  28.134 0.0000000000
154390  13.032  32.259  28.720 0.0000000000
96344  13.291  31.681  28.791 0.0000000000
84286  12.730  32.817  28.668 0.0000000000
154389  12.468  32.473  29.218 0.0000000000
12564  12.779  31.909  29.274 0.0000000000
30932  12.104  33.042  29.155 0.0000000000
134426  11.860  32.690  29.716 0.0000000000
43284  12.225  32.134  29.781 0.0000000000
154387  11.473  28.459  23.689 0.0000000000
128895  10.552  28.547  23.676 0.0000000000
84283  12.231  28.426  23.847 0.0000000000
154386  11.803  27.991  24.146 0.0000000000
28893  10.960  28.072  24.041 0.0000000000
37807  12.537  27.990  24.339 0.0000000000
154385  12.146  27.523  24.585 0.0000000000
63561  11.323  27.583  24.441 0.0000000000
154384  12.825  27.569  24.807 0.0000000000
154382  12.455  27.077  25.053 0.0000000000
5799  11.719  27.110  24.826 0.0000000000
84281  13.190  28.099  24.588 0.0000000000
154383  13.409  27.729  25.110 0.0000000000
37806  13.099  27.174  25.315 0.0000000000
20413  13.726  28.269  24.951 0.0000000000
110471  13.906  27.946  25.520 0.0000000000
84279  13.643  27.378  25.649 0.0000000000
154381  12.723  26.702  25.498 0.0000000000
98040  12.031  26.678  25.250 0.0000000000
84278  13.350  26.852  25.775 0.0000000000
154380  12.985  26.360  25.936 0.0000000000
13506  12.346  26.280  25.683 0.0000000000
37805  13.524  26.470  26.312 0.0000000000
154379  13.204  25.964  26.423 0.0000000000
44226  12.637  25.896  26.118 0.0000000000
154378  13.688  26.092  26.820 0.0000000000
154370  13.396  25.567  26.902 0.0000000000
661  12.869  25.489  26.541 0.0000000000
84276  13.947  26.663  26.769 0.0000000000
154377  14.058  26.338  27.280 0.0000000000
37802  13.821  25.755  27.307 0.0000000000
37804  14.223  26.956  27.250 0.0000000000
154376  14.262  26.623  27.779 0.0000000000
84269  14.122  25.996  27.804 0.0000000000
154375  14.368  27.278  27.774 0.0000000000
154373  14.359  26.954  28.335 0.0000000000
9186  14.295  26.286  28.332 0.0000000000
84274  14.349  27.592  27.211 0.0000000000
154374  14.432  27.939  27.806 0.0000000000
37803  14.389  27.635  28.377 0.0000000000
20411  14.436  28.243  27.213 0.0000000000
110467  14.425  28.599  27.835 0.0000000000
84272  14.375  28.308  28.428 0.0000000000
154372  14.334  27.307  28.950 0.0000000000
110465  14.345  26.631  28.936 0.0000000000
84271  14.279  27.971  28.991 0.0000000000
154371  14.170  27.659  29.585 0.0000000000
20409  14.236  27.012  29.571 0.0000000000
27221  14.068  28.288  29.548 0.0000000000
124955  13.921  27.995  30.115 0.0000000000
51129  14.040  27.349  30.148 0.0000000000
154369  13.556  25.213  27.360 0.0000000000
115293  13.071  25.103  26.954 0.0000000000
84268  13.935  25.394  27.815 0.0000000000
154368  13.722  24.830  27.873 0.0000000000
23079  13.278  24.710  27.414 0.0000000000
37801  14.037  25.035  28.372 0.0000000000
154367  13.829  24.454  28.404 0.0000000000
53826  13.455  24.267  27.948 0.0000000000
154366  14.093  24.716  28.918 0.0000000000
154364  13.912  24.081  28.960 0.0000000000
2581  13.582  23.863  28.477 0.0000000000
84266  14.207  25.349  28.930 0.0000000000
154365  14.222  25.036  29.492 0.0000000000
37800  14.124  24.367  29.493 0.0000000000
20408  14.266  25.671  29.488 0.0000000000
110462  14.237  25.343  30.067 0.0000000000
84264  14.202  24.722  30.074 0.0000000000
154363  13.950  23.717  29.503 0.0000000000
92199  13.702  23.464  28.978 0.0000000000
84263  14.090  24.032  30.044 0.0000000000
154362  13.952  23.378  30.015 0.0000000000
10261  13.750  23.095  29.457 0.0000000000
36093  14.048  23.708  30.589 0.0000000000
149253  13.958  23.056  30.578 0.0000000000
40981  13.795  22.727  29.982 0.0000000000
149252  13.886  22.416  31.096 0.0000000000
4  13.830  22.356  30.531 0.0000000000
149254  13.948  23.124  31.137 0.0000000000
36092  13.875  22.498  31.670 0.0000000000
150712  13.837  21.776  31.407 0.0000000000
40982  13.776  21.692  30.831 0.0000000000
138500  6.263  34.501  16.526 0.0000000000
41222  6.246  34.791  16.007 0.0000000000
71165  6.255  34.227  17.078 0.0000000000
138499  6.125  33.583  16.682 0.0000000000
10502  6.167  33.819  16.080 0.0000000000
32414  6.100  33.343  17.266 0.0000000000
138498  6.212  32.643  16.841 0.0000000000
92632  6.351  32.845  16.266 0.0000000000
138497  6.124  32.388  17.436 0.0000000000
138495  6.396  31.695  17.037 0.0000000000
2822  6.603  31.940  16.507 0.0000000000
71163  6.028  33.099  17.903 0.0000000000
138496  5.984  32.131  18.054 0.0000000000
32413  6.242  31.481  17.664 0.0000000000
16040  6.127  32.809  18.475 0.0000000000
102600  6.007  31.956  18.720 0.0000000000
71161  6.097  31.289  18.306 0.0000000000
138494  6.587  30.848  17.354 0.0000000000
54547  6.851  31.121  16.836 0.0000000000
71160  6.379  30.674  17.986 0.0000000000
138493  6.781  30.123  17.750 0.0000000000
23512  7.098  30.360  17.223 0.0000000000
32412  6.492  29.933  18.380 0.0000000000
138492  6.959  29.399  18.192 0.0000000000
138491  6.636  29.167  18.799 0.0000000000
138483  7.099  28.670  18.605 0.0000000000
71158  6.201  29.719  19.006 0.0000000000
138490  6.306  28.930  19.382 0.0000000000
32409  6.745  28.421  19.173 0.0000000000
32411  6.075  29.520  19.676 0.0000000000
138489  6.135  28.767  19.972 0.0000000000
71151  6.428  28.164  19.725 0.0000000000
138488  5.960  29.349  20.288 0.0000000000
138486  5.998  28.565  20.571 0.0000000000
7291  6.238  27.975  20.278 0.0000000000
71156  5.939  30.138  19.986 0.0000000000
138487  5.921  29.966  20.635 0.0000000000
32410  5.907  29.133  20.940 0.0000000000
16038  5.912  30.795  20.356 0.0000000000
102596  5.993  30.558  20.987 0.0000000000
71154  5.958  29.738  21.275 0.0000000000
138485  5.937  28.363  21.252 0.0000000000
102594  6.075  27.764  20.898 0.0000000000
71153  5.906  28.953  21.589 0.0000000000
138484  5.910  28.220  21.905 0.0000000000
16036  5.999  27.610  21.513 0.0000000000
24597  5.912  28.821  22.244 0.0000000000
118833  5.901  28.057  22.536 0.0000000000
46756  5.956  27.446  22.135 0.0000000000
128894  10.234  28.017  24.171 0.0000000000
41822  9.803  28.524  23.823 0.0000000000
63560  10.654  27.496  24.523 0.0000000000
128893  9.990  27.438  24.664 0.0000000000
11102  9.515  27.995  24.326 0.0000000000
28892  10.392  26.954  24.988 0.0000000000
128892  9.708  26.979  25.107 0.0000000000
93712  9.244  27.480  24.799 0.0000000000
128891  10.122  26.463  25.422 0.0000000000
128889  9.457  26.453  25.523 0.0000000000
3422  9.002  26.974  25.246 0.0000000000
63558  10.789  26.496  25.329 0.0000000000
128890  10.488  25.972  25.727 0.0000000000
28891  9.839  25.936  25.818 0.0000000000
13505  11.152  26.046  25.652 0.0000000000
98037  10.816  25.490  26.058 0.0000000000
63556  10.195  25.441  26.146 0.0000000000
128888  9.126  25.908  25.980 0.0000000000
56347  8.743  26.439  25.691 0.0000000000
63555  9.528  25.425  26.273 0.0000000000
128887  8.819  25.307  26.464 0.0000000000
24592  8.375  25.885  26.168 0.0000000000
28890  9.230  24.788  26.741 0.0000000000
128886  8.496  24.717  26.972 0.0000000000
118822  8.100  25.252  26.657 0.0000000000
128885  8.813  24.210  27.277 0.0000000000
128877  8.094  24.178  27.510 0.0000000000
660  7.736  24.682  27.182 0.0000000000
63553  9.542  24.285  27.077 0.0000000000
128884  9.140  23.681  27.604 0.0000000000
28887  8.444  23.632  27.810 0.0000000000
28889  9.867  23.752  27.429 0.0000000000
128883  9.466  23.147  27.929 0.0000000000
63546  8.768  23.097  28.123 0.0000000000
128882  10.130  23.219  27.767 0.0000000000
128880  9.745  22.620  28.223 0.0000000000
5797  9.086  22.533  28.415 0.0000000000
63551  10.517  23.829  27.294 0.0000000000
128881  10.772  23.294  27.647 0.0000000000
28888  10.396  22.703  28.063 0.0000000000
13503  11.160  23.886  27.197 0.0000000000
98033  11.419  23.420  27.566 0.0000000000
63549  11.028  22.799  27.979 0.0000000000
128879  10.028  22.064  28.529 0.0000000000
98031  9.382  21.973  28.712 0.0000000000
63548  10.643  22.136  28.407 0.0000000000
128878  10.313  21.476  28.853 0.0000000000
13501  9.665  21.427  28.998 0.0000000000
23076  10.927  21.586  28.744 0.0000000000
115284  10.573  20.946  29.157 0.0000000000
44221  9.937  20.867  29.279 0.0000000000
128876  7.745  23.582  28.016 0.0000000000
46747  7.406  24.073  27.670 0.0000000000
63545  8.069  23.044  28.330 0.0000000000
128875  7.382  22.969  28.490 0.0000000000
16027  7.085  23.432  28.114 0.0000000000
28886  7.698  22.412  28.802 0.0000000000
128874  7.037  22.243  28.938 0.0000000000
102577  6.781  22.730  28.534 0.0000000000
128873  7.374  21.717  29.240 0.0000000000
128871  6.787  21.484  29.331 0.0000000000
5796  6.527  21.968  28.920 0.0000000000
63543  7.995  21.853  29.080 0.0000000000
128872  7.705  21.161  29.543 0.0000000000
28885  7.122  20.996  29.649 0.0000000000
13500  8.315  21.264  29.356 0.0000000000
98028  8.027  20.609  29.812 0.0000000000
63541  7.436  20.493  29.934 0.0000000000
128870  6.581  20.736  29.666 0.0000000000
71122  6.327  21.197  29.246 0.0000000000
63540  6.878  20.284  29.993 0.0000000000
124975  14.717  32.926  21.048 0.0000000000
2209  14.389  32.336  21.084 0.0000000000
124977  14.656  33.198  20.465 0.0000000000
27229  14.931  33.541  21.000 0.0000000000
124974  14.960  33.266  21.599 0.0000000000
51138  14.758  32.611  21.630 0.0000000000
60741  15.099  33.932  21.530 0.0000000000
124973  15.063  33.641  22.199 0.0000000000
20418  14.970  32.976  22.219 0.0000000000
27228  15.081  34.311  22.172 0.0000000000
124972  15.040  34.033  22.809 0.0000000000
110480  15.047  33.352  22.825 0.0000000000
124971  14.937  34.714  22.754 0.0000000000
124969  14.879  34.442  23.393 0.0000000000
4886  14.987  33.761  23.416 0.0000000000
60739  15.010  34.991  22.105 0.0000000000
124970  14.777  35.382  22.727 0.0000000000
27227  14.691  35.121  23.350 0.0000000000
60737  14.450  35.769  23.338 0.0000000000
124968  14.599  34.844  23.989 0.0000000000
84293  14.795  34.134  24.058 0.0000000000
60736  14.336  35.515  23.945 0.0000000000
124967  14.219  35.213  24.578 0.0000000000
27225  13.880  35.853  24.583 0.0000000000
124965  13.763  35.511  25.164 0.0000000000
1148  13.605  35.155  25.781 0.0000000000
134444  13.252  35.781  25.696 0.0000000000
134445  13.409  36.148  25.108 0.0000000000
124963  14.504  30.156  27.112 0.0000000000
51130  14.600  29.800  26.531 0.0000000000
60733  14.283  30.544  27.692 0.0000000000
124962  14.368  29.913  27.689 0.0000000000
20410  14.536  29.545  27.107 0.0000000000
27223  14.106  30.240  28.280 0.0000000000
124961  14.222  29.615  28.328 0.0000000000
110466  14.411  29.259  27.770 0.0000000000
124960  13.925  29.907  28.929 0.0000000000
124958  14.082  29.294  28.960 0.0000000000
4883  14.315  28.945  28.441 0.0000000000
60731  13.763  30.538  28.828 0.0000000000
124959  13.515  30.215  29.454 0.0000000000
27222  13.702  29.605  29.511 0.0000000000
12563  13.329  30.794  29.391 0.0000000000
96341  13.080  30.453  29.962 0.0000000000
60729  13.265  29.894  30.050 0.0000000000
124957  13.910  28.979  29.535 0.0000000000
84270  14.195  28.634  28.992 0.0000000000
60728  13.527  29.273  30.079 0.0000000000
124956  13.746  28.652  30.097 0.0000000000
27220  13.361  28.902  30.675 0.0000000000
124954  13.570  28.287  30.714 0.0000000000
2013  13.736  27.634  30.718 0.0000000000
149271  13.423  27.658  31.316 0.0000000000
149272  13.221  28.297  31.303 0.0000000000
118835  6.141  29.278  22.551 0.0000000000
71152  5.990  29.567  21.919 0.0000000000
118834  6.021  28.564  22.867 0.0000000000
24596  6.170  28.339  23.492 0.0000000000
118832  6.000  27.853  23.180 0.0000000000
1478  5.947  27.290  22.827 0.0000000000
118831  6.101  27.678  23.860 0.0000000000
46750  6.011  27.147  23.515 0.0000000000
56353  6.388  28.065  24.132 0.0000000000
118830  6.247  27.445  24.562 0.0000000000
16030  6.050  27.001  24.204 0.0000000000
24595  6.673  27.763  24.707 0.0000000000
118829  6.486  27.176  25.150 0.0000000000
102582  6.108  26.785  24.890 0.0000000000
118828  7.074  27.447  25.192 0.0000000000
118826  6.818  26.828  25.627 0.0000000000
3423  6.271  26.499  25.466 0.0000000000
56351  7.286  27.970  24.705 0.0000000000
118827  7.779  27.490  25.079 0.0000000000
24594  7.536  26.962  25.556 0.0000000000
11103  7.983  28.015  24.621 0.0000000000
93713  8.509  27.491  24.949 0.0000000000
56349  8.274  26.976  25.418 0.0000000000
118825  7.230  26.357  25.995 0.0000000000
71130  6.562  26.148  26.014 0.0000000000
56348  7.967  26.446  25.882 0.0000000000
118824  7.638  25.866  26.356 0.0000000000
24593  6.933  25.706  26.420 0.0000000000
118823  7.327  25.228  26.849 0.0000000000
138457  6.677  24.997  26.876 0.0000000000
46749  7.031  24.556  27.336 0.0000000000
115292  12.862  24.467  27.266 0.0000000000
44222  12.585  24.877  26.830 0.0000000000
53825  13.088  24.027  27.764 0.0000000000
115291  12.582  23.774  27.615 0.0000000000
13502  12.356  24.193  27.209 0.0000000000
23078  12.747  23.322  28.034 0.0000000000
115290  12.225  23.088  27.933 0.0000000000
98032  12.020  23.564  27.551 0.0000000000
115289  12.450  22.636  28.353 0.0000000000
115287  11.895  22.433  28.289 0.0000000000
2580  11.650  22.942  27.917 0.0000000000
53823  12.961  22.896  28.486 0.0000000000
115288  12.661  22.173  28.770 0.0000000000
23077  12.109  21.937  28.682 0.0000000000
10260  13.100  22.447  28.953 0.0000000000
92196  12.788  21.707  29.222 0.0000000000
53821  12.297  21.433  29.064 0.0000000000
115286  11.537  21.749  28.681 0.0000000000
63547  11.270  22.255  28.330 0.0000000000
53820  11.750  21.260  29.060 0.0000000000
115285  11.164  21.100  29.090 0.0000000000
23075  11.399  20.605  29.455 0.0000000000
115283  10.807  20.440  29.500 0.0000000000
659  10.222  20.323  29.572 0.0000000000
115303  11.273  20.003  29.840 0.0000000000
44230  10.710  19.861  29.863 0.0000000000
110497  11.760  33.627  17.646 0.0000000000
9193  11.034  33.412  18.050 0.0000000000
110499  11.608  33.993  17.177 0.0000000000
20427  12.427  33.890  17.288 0.0000000000
110496  12.576  33.586  17.798 0.0000000000
84318  11.902  33.285  18.128 0.0000000000
51146  13.195  33.951  17.512 0.0000000000
110495  13.312  33.634  18.021 0.0000000000
110491  12.660  31.578  20.641 0.0000000000
84310  11.881  31.619  20.422 0.0000000000
51143  13.391  31.667  20.891 0.0000000000
110490  12.830  31.199  21.122 0.0000000000
20422  13.535  31.310  21.416 0.0000000000
110488  13.005  30.820  21.615 0.0000000000
9191  12.446  30.420  21.868 0.0000000000
110487  13.683  30.952  21.929 0.0000000000
84303  13.188  30.465  22.101 0.0000000000
51141  14.116  31.468  21.802 0.0000000000
110486  14.230  31.147  22.347 0.0000000000
20420  14.547  31.694  22.270 0.0000000000
110484  14.630  31.437  22.824 0.0000000000
9190  14.687  31.155  23.448 0.0000000000
110483  14.860  32.067  22.812 0.0000000000
84296  14.883  31.778  23.435 0.0000000000
51139  14.826  32.311  22.217 0.0000000000
110482  14.997  32.708  22.833 0.0000000000
110478  14.009  33.568  26.484 0.0000000000
84288  14.267  32.914  26.558 0.0000000000
51136  13.686  34.187  26.456 0.0000000000
110477  13.491  33.824  27.018 0.0000000000
20415  13.101  34.439  27.009 0.0000000000
110475  12.877  34.090  27.531 0.0000000000
6674  12.625  33.714  28.066 0.0000000000
134432  12.212  34.278  27.995 0.0000000000
134433  12.488  34.690  27.443 0.0000000000
110473  14.041  28.827  24.815 0.0000000000
84280  13.547  28.609  24.450 0.0000000000
51133  14.402  29.089  25.360 0.0000000000
110472  14.140  28.515  25.409 0.0000000000
20412  14.430  28.817  25.980 0.0000000000
110470  14.269  28.220  26.014 0.0000000000
9187  14.088  27.616  26.095 0.0000000000
110469  14.466  28.559  26.611 0.0000000000
84273  14.325  27.909  26.605 0.0000000000
51131  14.550  29.174  26.585 0.0000000000
110468  14.486  28.908  27.214 0.0000000000
110464  14.271  26.335  29.530 0.0000000000
84265  14.298  25.991  28.930 0.0000000000
51128  14.132  26.697  30.146 0.0000000000
110463  14.197  26.004  30.100 0.0000000000
20407  14.018  26.369  30.741 0.0000000000
110461  14.074  25.674  30.707 0.0000000000
8613  14.094  25.027  30.701 0.0000000000
149259  13.942  25.108  31.279 0.0000000000
149260  13.879  25.792  31.298 0.0000000000
102602  6.530  33.348  18.833 0.0000000000
71162  6.457  33.623  18.227 0.0000000000
46760  6.707  32.992  19.354 0.0000000000
102601  6.109  32.589  19.078 0.0000000000
16039  6.228  32.348  19.746 0.0000000000
102599  5.973  31.783  19.422 0.0000000000
7292  6.007  31.137  19.021 0.0000000000
102598  5.996  31.576  20.083 0.0000000000
71155  5.934  30.950  19.685 0.0000000000
46758  6.348  32.059  20.371 0.0000000000
102597  6.090  31.339  20.710 0.0000000000
102593  6.188  27.031  21.188 0.0000000000
71147  6.358  27.225  20.614 0.0000000000
46755  6.081  26.856  21.782 0.0000000000
102592  6.260  26.288  21.507 0.0000000000
16035  6.464  26.509  20.952 0.0000000000
16034  6.158  26.139  22.108 0.0000000000
102584  6.010  26.296  24.525 0.0000000000
102583  5.995  26.061  25.187 0.0000000000
102579  6.459  23.190  28.127 0.0000000000
102578  6.276  22.426  28.490 0.0000000000
98039  11.778  26.149  25.649 0.0000000000
63557  11.439  26.559  25.233 0.0000000000
44225  12.091  25.717  26.053 0.0000000000
98038  11.439  25.591  26.034 0.0000000000
13504  11.710  25.130  26.400 0.0000000000
98036  11.149  25.002  26.426 0.0000000000
5798  10.548  24.904  26.476 0.0000000000
98035  11.496  24.509  26.789 0.0000000000
63550  10.868  24.414  26.844 0.0000000000
44223  12.046  24.658  26.800 0.0000000000
98034  11.763  24.025  27.177 0.0000000000
98030  8.983  21.359  29.166 0.0000000000
63542  8.686  21.905  28.889 0.0000000000
44220  9.305  20.809  29.440 0.0000000000
98029  8.643  20.717  29.626 0.0000000000
13499  8.977  20.186  29.885 0.0000000000
98027  8.370  20.079  30.073 0.0000000000
5795  7.756  19.990  30.222 0.0000000000
98053  8.921  19.568  30.289 0.0000000000
63580  8.287  19.505  30.448 0.0000000000
96343  13.040  31.359  29.340 0.0000000000
60730  13.537  31.105  28.824 0.0000000000
43283  12.531  31.555  29.861 0.0000000000
96342  12.815  31.003  29.913 0.0000000000
12562  12.263  31.229  30.425 0.0000000000
96340  12.572  30.688  30.464 0.0000000000
4882  12.827  30.111  30.545 0.0000000000
93715  8.259  28.533  24.161 0.0000000000
56350  7.502  28.490  24.277 0.0000000000
41823  9.067  28.514  24.000 0.0000000000
93714  8.705  28.047  24.479 0.0000000000
92198  13.471  22.727  29.173 0.0000000000
53822  13.355  23.166  28.702 0.0000000000
40980  13.545  22.339  29.691 0.0000000000
92197  13.220  22.002  29.413 0.0000000000
10259  13.319  21.596  29.932 0.0000000000
92195  12.944  21.269  29.690 0.0000000000
2579  12.472  20.997  29.530 0.0000000000
92203  13.234  20.970  30.254 0.0000000000
53830  12.823  20.651  30.039 0.0000000000
84327  9.702  34.753  16.627 0.0000000000
84325  10.650  34.525  16.612 0.0000000000
110500  11.521  34.353  16.680 0.0000000000
84322  10.271  33.233  18.517 0.0000000000
84320  11.172  33.051  18.494 0.0000000000
84312  11.003  31.727  20.338 0.0000000000
84307  11.843  30.044  22.178 0.0000000000
84305  12.669  30.036  22.336 0.0000000000
84300  14.741  30.840  24.086 0.0000000000
84298  14.902  31.492  24.089 0.0000000000
84290  14.453  32.298  26.591 0.0000000000
84285  12.355  33.375  28.609 0.0000000000
134428  11.682  33.637  29.078 0.0000000000
134429  11.946  33.935  28.531 0.0000000000
84282  12.922  28.478  24.095 0.0000000000
84277  13.837  26.997  26.235 0.0000000000
84275  14.156  27.273  26.698 0.0000000000
84267  14.192  25.643  28.366 0.0000000000
84262  14.095  24.374  30.640 0.0000000000
149255  14.001  23.798  31.173 0.0000000000
149256  13.985  24.453  31.238 0.0000000000
71164  6.313  33.970  17.652 0.0000000000
71159  6.125  30.509  18.639 0.0000000000
71157  6.021  30.314  19.316 0.0000000000
71149  6.585  27.429  20.014 0.0000000000
71148  6.715  26.727  20.409 0.0000000000
71132  6.123  25.767  25.803 0.0000000000
71131  6.336  25.438  26.388 0.0000000000
71124  6.083  21.657  28.786 0.0000000000
63559  11.050  27.003  24.876 0.0000000000
63554  9.898  24.879  26.594 0.0000000000
63552  10.244  24.387  26.925 0.0000000000
63544  8.388  22.495  28.633 0.0000000000
60740  15.102  34.620  21.517 0.0000000000
60742  15.065  34.196  20.939 0.0000000000
60735  14.030  36.119  23.958 0.0000000000
134446  13.551  36.473  24.526 0.0000000000
60732  13.962  30.838  28.261 0.0000000000
60727  13.105  29.518  30.620 0.0000000000
149273  12.970  28.909  31.232 0.0000000000
149274  12.672  29.519  31.165 0.0000000000
56359  7.869  31.087  21.862 0.0000000000
56352  6.897  28.348  24.249 0.0000000000
53832  12.371  20.382  29.907 0.0000000000
10263  13.162  20.343  30.545 0.0000000000
53831  12.757  20.032  30.377 0.0000000000
53824  13.216  23.574  28.217 0.0000000000
53819  11.967  20.773  29.432 0.0000000000
53833  11.842  20.181  29.836 0.0000000000
51147  13.068  34.241  17.018 0.0000000000
51142  14.001  31.809  21.240 0.0000000000
51140  14.472  32.007  21.684 0.0000000000
51135  13.350  34.781  26.409 0.0000000000
134434  12.756  35.025  26.882 0.0000000000
134435  13.016  35.378  26.317 0.0000000000
51132  14.578  29.414  25.957 0.0000000000
51127  13.893  27.014  30.729 0.0000000000
149261  13.756  26.468  31.311 0.0000000000
149262  13.601  27.060  31.318 0.0000000000
46759  6.792  32.713  19.933 0.0000000000
46754  6.045  26.703  22.458 0.0000000000
46752  6.019  26.537  23.146 0.0000000000
46753  6.088  25.988  22.762 0.0000000000
102589  6.186  25.474  22.422 0.0000000000
16032  6.063  25.770  23.433 0.0000000000
102588  6.135  25.270  23.063 0.0000000000
46751  6.024  26.419  23.832 0.0000000000
102585  6.017  25.687  24.124 0.0000000000
46748  6.752  23.896  27.754 0.0000000000
16029  6.461  24.299  27.262 0.0000000000
102580  6.277  23.575  27.591 0.0000000000
44232  10.119  19.747  29.961 0.0000000000
13510  11.156  19.393  30.198 0.0000000000
44231  10.603  19.287  30.265 0.0000000000
44224  12.318  25.301  26.440 0.0000000000
44219  9.604  20.248  29.710 0.0000000000
44233  9.501  19.659  30.105 0.0000000000
453  11.601  32.363  30.264 0.0000000000
43282  11.953  31.810  30.330 0.0000000000
41824  9.319  29.050  23.446 0.0000000000
40979  13.618  21.939  30.210 0.0000000000
10262  13.708  21.060  31.134 0.0000000000
40983  13.536  21.306  30.535 0.0000000000
81226  13.839  21.846  31.988 0.0000000000
80013  13.875  23.182  31.709 0.0000000000
80012  13.787  22.572  32.230 0.0000000000
134427  11.466  33.279  29.630 0.0000000000
51148  12.302  34.268  16.831 0.0000000000
102586  6.071  25.102  23.736 0.0000000000
102581  6.039  23.963  27.081 0.0000000000
138458  6.156  24.700  26.762 0.0000000000
98046  11.621  18.983  30.556 0.0000000000
98048  11.082  18.826  30.605 0.0000000000
115302  11.728  19.572  30.195 0.0000000000
92201  13.442  20.067  31.116 0.0000000000
115299  13.095  19.737  30.862 0.0000000000
92202  13.482  20.683  30.813 0.0000000000
92200  13.671  20.441  31.415 0.0000000000
150711  13.817  21.140  31.687 0.0000000000
149277  12.395  30.130  31.077 0.0000000000
98049  10.507  18.712  30.686 0.0000000000
13512  9.996  19.185  30.375 0.0000000000
98052  9.420  19.092  30.501 0.0000000000
115300  12.664  19.448  30.692 0.0000000000
23083  12.305  19.739  30.268 0.0000000000
138451  6.000  22.026  28.243 0.0000000000
32401  6.026  24.990  26.111 0.0000000000
138460  5.931  25.284  25.480 0.0000000000
80014  13.749  23.234  32.283 0.0000000000
36094  13.858  23.853  31.757 0.0000000000
149257  13.684  23.880  32.328 0.0000000000
36580  13.822  21.166  32.284 0.0000000000
2582  13.599  19.800  31.764 0.0000000000
150710  13.787  20.458  31.951 0.0000000000
53829  13.367  19.439  31.451 0.0000000000
2583  12.046  18.633  30.970 0.0000000000
98047  11.520  18.432  30.964 0.0000000000
115301  12.172  19.170  30.558 0.0000000000
128910  11.418  17.941  31.367 0.0000000000
13511  10.992  18.271  31.018 0.0000000000
63572  11.928  18.114  31.393 0.0000000000
98050  9.929  18.603  30.791 0.0000000000
63573  10.430  18.133  31.104 0.0000000000
5803  9.824  18.045  31.209 0.0000000000
16028  6.120  22.813  27.917 0.0000000000
71125  5.964  23.191  27.332 0.0000000000
7288  5.914  23.475  26.757 0.0000000000
138459  5.947  24.243  26.444 0.0000000000
16031  5.955  25.523  24.799 0.0000000000
71133  5.996  24.956  24.430 0.0000000000
7289  6.062  24.393  24.052 0.0000000000
102587  6.167  24.577  23.408 0.0000000000
16033  6.278  24.745  22.740 0.0000000000
23082  12.979  19.151  31.211 0.0000000000
115298  12.557  18.874  31.047 0.0000000000
28899  11.804  17.604  31.793 0.0000000000
63574  10.875  17.746  31.435 0.0000000000
128911  11.272  17.408  31.788 0.0000000000
28900  10.714  17.214  31.861 0.0000000000
128912  11.125  16.879  32.225 0.0000000000
128909  11.687  17.048  32.192 0.0000000000
5802  11.535  16.500  32.661 0.0000000000
30933  11.265  34.196  28.975 0.0000000000
134431  11.539  34.496  28.437 0.0000000000
30934  11.829  34.843  27.874 0.0000000000
67931  11.148  35.073  28.337 0.0000000000
134430  10.872  34.741  28.887 0.0000000000
67933  12.125  35.271  27.311 0.0000000000
30935  12.413  35.655  26.760 0.0000000000
134443  12.728  36.011  26.177 0.0000000000
30938  12.878  36.391  25.615 0.0000000000
67941  12.272  36.624  26.138 0.0000000000
134442  12.013  36.265  26.687 0.0000000000
67943  13.035  36.733  25.043 0.0000000000
71126  5.884  22.391  27.667 0.0000000000
138461  5.901  24.501  25.774 0.0000000000
138462  5.871  23.740  26.112 0.0000000000
71134  5.933  24.760  25.121 0.0000000000
32402  5.924  23.962  25.433 0.0000000000
138463  5.888  23.206  25.749 0.0000000000
71129  5.876  22.972  26.431 0.0000000000
71136  5.964  23.471  25.074 0.0000000000
149258  13.827  24.512  31.791 0.0000000000
80016  13.612  24.540  32.340 0.0000000000
36095  13.778  25.188  31.803 0.0000000000
80018  13.632  25.848  31.875 0.0000000000
36096  13.474  26.476  31.859 0.0000000000
149270  13.276  27.088  31.872 0.0000000000
36099  13.049  27.716  31.884 0.0000000000
80026  12.911  27.088  32.391 0.0000000000
149269  13.159  26.439  32.398 0.0000000000
80028  12.817  28.291  31.866 0.0000000000
150709  13.792  20.505  32.534 0.0000000000
150707  13.723  19.830  32.315 0.0000000000
36579  13.810  19.929  32.874 0.0000000000
150706  13.693  19.232  32.658 0.0000000000
53827  13.529  19.185  32.113 0.0000000000
81221  13.808  19.279  33.221 0.0000000000
150705  13.664  18.639  32.983 0.0000000000
23080  13.480  18.611  32.439 0.0000000000
36578  13.795  18.644  33.546 0.0000000000
150704  13.629  18.061  33.306 0.0000000000
115294  13.411  18.066  32.758 0.0000000000
150703  13.763  18.018  33.873 0.0000000000
150695  13.579  17.420  33.665 0.0000000000
662  13.326  17.460  33.183 0.0000000000
81219  13.868  18.649  34.120 0.0000000000
150702  13.826  18.019  34.454 0.0000000000
36575  13.714  17.394  34.207 0.0000000000
36577  13.841  18.693  34.687 0.0000000000
150701  13.828  18.083  35.034 0.0000000000
81212  13.786  17.436  34.776 0.0000000000
150694  13.486  16.874  34.044 0.0000000000
44227  13.247  16.912  33.555 0.0000000000
81211  13.650  16.852  34.548 0.0000000000
150693  13.391  16.304  34.395 0.0000000000
13507  13.147  16.366  33.929 0.0000000000
36574  13.584  16.268  34.882 0.0000000000
150692  13.318  15.693  34.739 0.0000000000
98041  13.049  15.798  34.302 0.0000000000
150691  13.512  15.670  35.224 0.0000000000
150689  13.230  15.091  35.121 0.0000000000
5800  12.970  15.169  34.675 0.0000000000
81209  13.715  16.281  35.440 0.0000000000
150690  13.642  15.690  35.732 0.0000000000
36573  13.402  15.080  35.547 0.0000000000
150688  13.101  14.538  35.333 0.0000000000
63562  12.843  14.575  34.969 0.0000000000
81206  13.321  14.484  35.774 0.0000000000
150687  13.020  13.894  35.597 0.0000000000
28894  12.732  13.962  35.222 0.0000000000
36572  13.247  13.824  36.023 0.0000000000
150686  12.961  13.229  35.840 0.0000000000
128896  12.671  13.311  35.462 0.0000000000
150685  13.198  13.158  36.273 0.0000000000
150659  12.938  12.570  36.057 0.0000000000
182  12.627  12.638  35.648 0.0000000000
81204  13.389  13.761  36.530 0.0000000000
150684  13.395  13.093  36.778 0.0000000000
36563  13.207  12.504  36.504 0.0000000000
150658  12.971  11.925  36.341 0.0000000000
41827  12.659  11.990  35.985 0.0000000000
81181  13.220  11.870  36.749 0.0000000000
150657  12.971  11.323  36.603 0.0000000000
11107  12.632  11.396  36.246 0.0000000000
30937  11.562  36.803  26.658 0.0000000000
134441  11.287  36.439  27.197 0.0000000000
67934  11.732  35.895  27.229 0.0000000000
134440  10.863  36.952  27.168 0.0000000000
134438  10.607  36.590  27.715 0.0000000000
6675  11.027  36.051  27.721 0.0000000000
30936  10.290  37.078  27.683 0.0000000000
134437  10.071  36.712  28.239 0.0000000000
100664  10.387  36.215  28.233 0.0000000000
128908  12.189  17.235  32.269 0.0000000000
98045  12.050  16.662  32.684 0.0000000000
63571  12.308  17.793  31.868 0.0000000000
128907  12.691  17.457  32.388 0.0000000000
13509  12.531  16.882  32.777 0.0000000000
23081  12.764  17.988  31.999 0.0000000000
115295  13.066  17.728  32.566 0.0000000000
44229  12.964  17.160  32.959 0.0000000000
128898  12.321  13.653  35.032 0.0000000000
128897  12.288  13.018  35.285 0.0000000000
115297  12.868  18.562  31.604 0.0000000000
63570  12.445  18.327  31.468 0.0000000000
53828  13.242  18.848  31.805 0.0000000000
115296  13.151  18.286  32.173 0.0000000000
98044  12.409  16.350  33.189 0.0000000000
63565  11.931  16.153  33.148 0.0000000000
44228  12.879  16.633  33.295 0.0000000000
98043  12.733  16.048  33.698 0.0000000000
13508  12.304  15.797  33.602 0.0000000000
98042  12.663  15.488  34.138 0.0000000000
128901  12.239  15.236  34.042 0.0000000000
63564  12.571  14.883  34.508 0.0000000000
81218  13.815  19.323  34.367 0.0000000000
8775  13.807  17.472  35.363 0.0000000000
81210  13.749  16.862  35.122 0.0000000000
81208  13.780  16.870  35.687 0.0000000000
81205  13.453  14.430  36.260 0.0000000000
81207  13.539  15.065  36.029 0.0000000000
80017  13.500  25.202  32.361 0.0000000000
80019  13.319  25.774  32.451 0.0000000000
71135  5.982  24.211  24.754 0.0000000000
71127  5.895  22.706  27.037 0.0000000000
67942  12.458  36.973  25.571 0.0000000000
67940  11.818  37.158  26.097 0.0000000000
67932  11.434  35.445  27.781 0.0000000000
67930  10.781  35.673  28.242 0.0000000000
14963  10.492  35.295  28.807 0.0000000000
63575  10.290  17.598  31.530 0.0000000000
63567  11.416  15.963  33.128 0.0000000000
63566  11.851  15.568  33.542 0.0000000000
63563  12.457  14.268  34.802 0.0000000000
28896  12.137  14.632  34.383 0.0000000000
128899  11.997  14.028  34.617 0.0000000000
41829  12.271  12.367  35.526 0.0000000000
41828  12.265  11.723  35.808 0.0000000000
81182  13.432  12.440  36.992 0.0000000000
128900  11.593  14.376  34.307 0.0000000000
128902  11.728  14.973  33.961 0.0000000000
11109  11.834  12.088  35.400 0.0000000000
138531  11.876  12.753  35.151 0.0000000000
28897  11.317  15.394  33.554 0.0000000000
28895  11.906  13.406  34.866 0.0000000000
71190  11.470  13.777  34.522 0.0000000000
5801  11.032  14.150  34.263 0.0000000000
128903  11.176  14.770  33.980 0.0000000000
71191  11.461  13.163  34.780 0.0000000000
138532  11.391  12.474  35.079 0.0000000000
32427  10.927  12.919  34.755 0.0000000000
71192  10.952  13.535  34.506 0.0000000000
