#!ascii label /projectnb/somerslab/tom/projects/spacetime_network/data/ROIs/probabilistic_tgPCS_rh_thresh5.label , from subject  vox2ras=TkReg
991
245  51.538  -5.063  43.513 9.0000000000
726  46.146  -8.162  38.703 5.0000000000
1592  50.826  0.041  45.180 9.0000000000
1593  54.235  -1.215  41.547 9.0000000000
1594  56.017  -1.193  38.059 5.0000000000
1595  52.045  -5.226  38.656 8.0000000000
3611  51.008  -4.998  46.104 8.0000000000
3612  50.951  -2.377  47.125 7.0000000000
3613  52.529  -2.857  45.352 11.0000000000
3614  52.663  -0.501  43.591 8.0000000000
3615  53.644  -3.328  42.870 12.0000000000
3616  54.446  -3.485  40.600 11.0000000000
3617  51.776  -5.097  40.995 10.0000000000
3619  46.300  -7.910  36.614 6.0000000000
4734  56.722  -0.694  36.179 5.0000000000
4735  55.579  -2.639  34.498 5.0000000000
5913  48.639  -6.611  43.275 6.0000000000
5914  48.742  -6.543  41.034 7.0000000000
7553  48.912  -0.021  46.126 6.0000000000
7556  51.373  -0.121  41.565 5.0000000000
7559  55.304  -1.387  39.818 8.0000000000
7560  54.862  -3.460  38.650 7.0000000000
7561  52.190  -5.096  36.583 7.0000000000
7562  48.867  -6.488  38.691 9.0000000000
7563  49.094  -6.543  36.453 7.0000000000
9004  55.220  0.462  36.465 5.0000000000
11291  51.359  -5.017  44.859 6.0000000000
11292  51.947  -3.906  45.906 11.0000000000
11293  52.388  -4.071  44.707 10.0000000000
11294  53.107  -3.060  44.235 11.0000000000
11295  52.762  -4.266  43.341 11.0000000000
11296  52.964  -4.296  42.145 10.0000000000
11297  51.698  -5.050  42.281 9.0000000000
12413  54.009  -4.066  35.603 5.0000000000
12414  55.421  -2.887  35.613 5.0000000000
12415  54.123  -3.823  34.524 5.0000000000
13694  48.567  -6.680  44.572 5.0000000000
16594  51.033  -1.135  46.186 9.0000000000
16595  50.025  -1.191  46.712 6.0000000000
16596  49.889  0.084  45.776 8.0000000000
16597  48.560  1.203  45.513 8.0000000000
16598  49.436  1.110  44.886 6.0000000000
16599  48.709  1.380  43.854 5.0000000000
16600  50.311  0.798  44.165 7.0000000000
16601  53.461  -0.864  42.622 10.0000000000
16602  52.143  -0.041  42.616 8.0000000000
16603  53.086  -0.388  41.707 7.0000000000
16605  53.975  -0.565  40.699 7.0000000000
16606  54.561  -0.668  39.958 7.0000000000
16607  54.838  -1.343  40.714 8.0000000000
16608  53.512  -4.491  39.728 10.0000000000
16609  54.646  -3.547  39.613 8.0000000000
16610  53.578  -4.541  38.686 8.0000000000
16611  53.750  -4.471  37.754 7.0000000000
16612  52.094  -5.215  37.643 8.0000000000
16613  47.398  -7.305  39.816 5.0000000000
16614  48.830  -6.458  39.942 9.0000000000
16615  47.429  -7.279  38.676 7.0000000000
16616  46.461  -7.856  35.568 6.0000000000
16617  47.714  -7.222  36.504 6.0000000000
16618  47.873  -7.229  35.451 5.0000000000
16619  49.219  -6.463  35.439 5.0000000000
19958  55.506  -0.428  38.262 6.0000000000
19961  57.009  -0.482  35.157 5.0000000000
24931  50.642  -4.888  47.273 6.0000000000
24932  50.628  -3.644  47.816 5.0000000000
24933  51.356  -3.808  46.882 8.0000000000
24934  51.818  -2.606  46.308 10.0000000000
24935  51.931  -1.334  45.384 11.0000000000
24936  51.715  -0.171  44.431 10.0000000000
24937  52.757  -1.595  44.545 10.0000000000
24938  53.479  -1.982  43.522 11.0000000000
24939  54.102  -2.272  42.400 12.0000000000
24940  54.675  -2.330  41.341 9.0000000000
24941  54.055  -3.403  41.746 12.0000000000
24942  53.211  -4.416  40.853 11.0000000000
24943  51.953  -5.161  39.800 11.0000000000
24945  46.120  -8.023  37.641 5.0000000000
24946  44.981  -8.751  36.664 5.0000000000
24947  45.059  -8.587  35.623 5.0000000000
26951  55.899  -2.109  37.484 6.0000000000
26952  56.388  -0.945  37.125 5.0000000000
26953  56.187  -1.905  36.446 5.0000000000
26954  56.382  -1.630  35.396 5.0000000000
26955  56.589  -1.413  34.381 5.0000000000
29155  49.828  -5.947  46.050 6.0000000000
29156  49.965  -5.867  44.765 6.0000000000
29157  50.145  -5.826  43.421 6.0000000000
29158  50.196  -5.825  42.278 9.0000000000
29159  48.687  -6.563  42.135 5.0000000000
29160  47.249  -7.408  40.820 5.0000000000
33115  49.977  -2.366  47.671 6.0000000000
33116  49.024  -1.385  46.867 5.0000000000
33118  47.559  0.847  45.756 5.0000000000
33124  51.182  0.361  43.428 8.0000000000
33125  50.407  0.327  42.346 5.0000000000
33132  55.071  -0.556  39.087 6.0000000000
33133  55.706  -1.315  38.917 8.0000000000
33134  55.097  -2.372  40.346 8.0000000000
33135  55.411  -2.352  39.385 8.0000000000
33136  55.645  -2.266  38.463 7.0000000000
33137  55.003  -3.240  37.657 7.0000000000
33138  53.859  -4.270  36.654 6.0000000000
33140  50.283  -5.776  41.069 9.0000000000
33141  50.335  -5.796  39.860 10.0000000000
33142  50.395  -5.841  38.668 9.0000000000
33143  47.580  -7.160  37.597 6.0000000000
33144  48.977  -6.518  37.534 7.0000000000
33145  50.497  -5.855  37.530 8.0000000000
33146  50.621  -5.826  36.517 8.0000000000
37261  56.267  0.152  36.548 5.0000000000
42011  51.471  -5.039  44.213 9.0000000000
42012  51.914  -4.558  44.800 10.0000000000
42013  52.085  -4.608  44.125 10.0000000000
42014  52.577  -4.155  44.074 10.0000000000
42015  52.235  -4.662  43.401 9.0000000000
42016  52.297  -4.685  42.833 9.0000000000
42017  51.625  -5.050  42.911 9.0000000000
43133  53.265  -4.473  34.986 5.0000000000
43134  54.085  -3.940  35.067 5.0000000000
43135  53.334  -4.333  34.467 5.0000000000
47314  50.948  -0.553  45.657 9.0000000000
47315  50.463  -0.522  45.952 8.0000000000
47316  50.361  0.064  45.516 8.0000000000
47317  49.733  0.694  45.385 8.0000000000
47318  50.185  0.625  45.048 9.0000000000
47319  49.871  0.962  44.531 7.0000000000
47320  50.625  0.533  44.687 8.0000000000
47321  53.857  -1.067  42.075 10.0000000000
47322  53.287  -0.554  42.185 9.0000000000
47323  53.696  -0.732  41.649 9.0000000000
47324  53.498  -0.509  41.200 7.0000000000
47325  54.121  -0.805  41.164 7.0000000000
47326  54.434  -0.853  40.804 7.0000000000
47327  54.553  -1.265  41.109 8.0000000000
47328  52.800  -4.876  39.200 10.0000000000
47329  53.566  -4.521  39.174 9.0000000000
47330  52.845  -4.897  38.657 8.0000000000
47331  52.877  -4.895  38.180 8.0000000000
47332  52.094  -5.231  38.144 8.0000000000
47333  46.795  -7.706  39.293 6.0000000000
47334  47.417  -7.299  39.245 6.0000000000
47335  46.765  -7.674  38.720 5.0000000000
47336  46.506  -7.820  35.018 5.0000000000
47337  47.174  -7.526  35.504 5.0000000000
50678  55.832  -0.767  38.214 5.0000000000
50679  55.690  -0.309  37.837 5.0000000000
50680  56.023  -0.652  37.771 5.0000000000
56911  50.818  -4.966  46.720 6.0000000000
56912  51.034  -4.387  47.103 6.0000000000
56913  51.298  -4.442  46.563 7.0000000000
56914  52.275  -3.368  45.695 11.0000000000
56915  51.945  -3.283  46.186 11.0000000000
56916  52.188  -2.725  45.851 11.0000000000
56917  51.914  -1.992  45.920 11.0000000000
56918  52.310  -2.099  45.419 11.0000000000
56919  52.341  -1.475  44.946 11.0000000000
56920  52.706  -2.230  44.927 10.0000000000
56921  53.381  -3.205  43.548 11.0000000000
56922  53.368  -2.528  43.874 11.0000000000
56923  53.675  -2.639  43.295 11.0000000000
56924  53.813  -2.129  42.982 11.0000000000
56925  53.926  -2.779  42.667 12.0000000000
56926  54.170  -2.832  42.111 12.0000000000
56927  53.841  -3.372  42.318 12.0000000000
56928  52.413  -4.715  41.612 11.0000000000
56929  53.067  -4.337  41.508 11.0000000000
56930  52.502  -4.740  40.987 11.0000000000
56931  52.647  -4.789  40.346 11.0000000000
56932  51.882  -5.106  40.379 11.0000000000
60278  55.646  -2.591  37.069 5.0000000000
60279  56.061  -2.015  36.966 5.0000000000
60280  55.727  -2.511  36.536 5.0000000000
60281  55.510  -2.744  35.061 5.0000000000
60282  55.942  -2.255  35.490 5.0000000000
60283  56.026  -2.118  34.935 5.0000000000
60284  56.481  -1.488  34.904 5.0000000000
60285  56.125  -2.043  34.398 5.0000000000
64119  49.737  -5.974  46.717 5.0000000000
64121  48.569  -6.672  43.930 6.0000000000
64122  49.255  -6.267  44.694 6.0000000000
64123  49.308  -6.238  44.032 6.0000000000
64124  50.018  -5.843  44.092 7.0000000000
64125  49.385  -6.231  43.335 7.0000000000
64126  49.417  -6.251  42.743 6.0000000000
64127  48.671  -6.580  42.707 5.0000000000
72819  50.806  -3.005  47.499 7.0000000000
72820  50.342  -2.960  47.838 6.0000000000
72821  50.480  -2.363  47.462 6.0000000000
72822  49.531  -0.599  46.384 6.0000000000
72823  49.525  -1.267  46.831 6.0000000000
72824  49.021  -0.704  46.431 6.0000000000
72826  48.386  -0.211  46.160 5.0000000000
72828  48.246  0.445  45.900 5.0000000000
72829  48.343  1.598  45.100 5.0000000000
72840  49.031  0.675  42.481 5.0000000000
72841  52.198  -0.327  44.019 10.0000000000
72842  51.495  0.221  43.988 9.0000000000
72843  51.954  0.061  43.570 9.0000000000
72844  51.788  -0.032  42.098 6.0000000000
72845  51.329  0.170  42.482 5.0000000000
72846  50.903  0.063  41.946 5.0000000000
72851  52.735  -0.338  40.226 5.0000000000
72858  55.010  -0.958  39.949 8.0000000000
72859  54.810  -0.617  39.522 7.0000000000
72860  55.238  -0.930  39.488 8.0000000000
72861  55.465  -0.878  39.046 7.0000000000
72862  55.497  -1.352  39.365 8.0000000000
72863  54.631  -2.916  41.045 9.0000000000
72864  54.895  -2.372  40.852 8.0000000000
72865  54.816  -2.924  40.521 8.0000000000
72866  54.771  -3.495  39.115 8.0000000000
72867  55.097  -2.908  39.531 8.0000000000
72868  55.199  -2.859  39.041 7.0000000000
72869  55.517  -2.312  38.918 7.0000000000
72870  55.302  -2.808  38.559 7.0000000000
72871  55.396  -2.762  38.091 7.0000000000
72872  54.945  -3.375  38.181 7.0000000000
72873  52.985  -4.790  37.137 7.0000000000
72874  53.827  -4.365  37.202 7.0000000000
72875  53.049  -4.709  36.622 7.0000000000
72876  53.118  -4.642  36.079 5.0000000000
72877  52.247  -5.071  36.034 5.0000000000
72878  49.484  -6.179  41.642 7.0000000000
72879  50.263  -5.791  41.679 8.0000000000
72880  49.511  -6.160  41.054 8.0000000000
72881  48.836  -6.474  39.300 9.0000000000
72882  49.573  -6.120  39.875 10.0000000000
72883  49.595  -6.132  39.241 9.0000000000
72884  50.357  -5.832  39.243 10.0000000000
72885  49.596  -6.191  38.647 9.0000000000
72886  46.192  -7.958  37.125 6.0000000000
72887  46.830  -7.583  37.607 6.0000000000
72888  46.915  -7.529  37.097 6.0000000000
72889  48.418  -6.877  36.491 7.0000000000
72890  48.301  -6.875  37.004 7.0000000000
72891  49.033  -6.532  36.983 7.0000000000
72892  49.722  -6.199  37.529 8.0000000000
72893  49.771  -6.201  36.961 8.0000000000
72894  50.558  -5.844  37.014 8.0000000000
72895  49.847  -6.174  36.453 8.0000000000
82916  54.956  0.331  36.864 5.0000000000
82918  54.486  0.496  36.265 5.0000000000
82921  56.560  -0.799  36.636 5.0000000000
82922  56.401  -0.355  36.891 5.0000000000
82923  56.578  -0.214  36.434 5.0000000000
94051  51.209  -5.009  45.478 7.0000000000
94052  51.513  -4.482  46.023 8.0000000000
94053  51.753  -4.479  45.487 10.0000000000
94054  52.187  -3.992  45.346 10.0000000000
94055  52.556  -3.478  45.134 10.0000000000
94056  52.820  -2.951  44.861 11.0000000000
94057  52.800  -3.562  44.512 11.0000000000
94058  53.036  -3.678  43.850 11.0000000000
94059  53.262  -3.785  43.150 12.0000000000
94060  53.405  -3.846  42.546 12.0000000000
94061  52.867  -4.274  42.758 12.0000000000
94062  52.359  -4.689  42.218 11.0000000000
94063  51.701  -5.105  41.631 9.0000000000
96072  55.275  -3.030  36.125 5.0000000000
96073  54.750  -3.507  35.638 5.0000000000
96074  54.855  -3.370  35.090 5.0000000000
96075  54.907  -3.207  34.524 5.0000000000
98379  47.879  -7.080  43.189 5.0000000000
98380  47.915  -7.034  42.649 5.0000000000
103596  51.040  -1.746  46.709 9.0000000000
103597  50.551  -1.727  47.017 7.0000000000
103598  50.529  -1.122  46.502 9.0000000000
103599  49.982  -0.538  46.196 9.0000000000
103600  49.400  0.068  45.999 7.0000000000
103601  48.794  0.633  45.829 7.0000000000
103602  49.259  0.694  45.659 8.0000000000
103603  49.035  1.194  45.212 8.0000000000
103604  48.739  1.499  44.730 5.0000000000
103606  49.119  1.362  44.342 5.0000000000
103607  49.526  1.107  43.966 7.0000000000
103608  49.949  0.862  43.586 7.0000000000
103609  53.064  -0.674  43.140 9.0000000000
103610  52.428  -0.179  43.155 9.0000000000
103611  52.859  -0.371  42.675 10.0000000000
103612  52.596  -0.211  42.157 8.0000000000
103613  52.270  -0.165  41.640 6.0000000000
103615  52.736  -0.292  41.206 7.0000000000
103616  53.172  -0.392  40.760 6.0000000000
103617  53.684  -0.429  40.283 6.0000000000
103618  53.963  -0.453  39.870 5.0000000000
103619  54.300  -0.619  40.330 7.0000000000
103620  54.727  -0.927  40.388 8.0000000000
103621  55.082  -1.372  40.287 8.0000000000
103622  54.055  -4.036  40.208 11.0000000000
103623  54.545  -3.531  40.107 8.0000000000
103624  54.132  -4.089  39.670 9.0000000000
103625  54.203  -4.092  39.156 9.0000000000
103626  54.240  -4.081  38.689 7.0000000000
103627  54.319  -4.036  38.233 7.0000000000
103628  53.628  -4.530  38.227 8.0000000000
103629  52.935  -4.853  37.675 8.0000000000
103630  52.141  -5.152  37.115 8.0000000000
103631  48.067  -6.889  40.398 6.0000000000
103632  48.791  -6.514  40.491 7.0000000000
103633  48.112  -6.868  39.846 6.0000000000
103634  48.122  -6.868  39.288 8.0000000000
103635  48.121  -6.863  38.710 9.0000000000
103636  46.388  -7.905  36.097 6.0000000000
103637  47.025  -7.552  36.555 6.0000000000
103638  47.113  -7.551  36.025 6.0000000000
103639  47.813  -7.227  35.997 6.0000000000
103640  48.498  -6.870  35.954 6.0000000000
103641  49.171  -6.528  35.926 7.0000000000
103642  48.529  -6.863  35.410 5.0000000000
109652  54.963  -0.183  38.210 5.0000000000
109657  56.869  -0.589  35.672 5.0000000000
109658  56.765  -0.105  35.954 5.0000000000
109659  56.952  -0.004  35.451 5.0000000000
119611  50.383  -4.914  47.849 5.0000000000
119612  50.415  -4.250  48.076 5.0000000000
119613  50.719  -4.330  47.625 6.0000000000
119614  50.994  -3.724  47.391 7.0000000000
119615  51.246  -3.072  47.072 8.0000000000
119616  51.668  -3.848  46.393 9.0000000000
119617  51.588  -3.183  46.658 10.0000000000
119618  51.433  -2.478  46.728 9.0000000000
119619  51.516  -1.859  46.319 9.0000000000
119620  51.498  -1.208  45.802 11.0000000000
119621  51.417  -0.636  45.266 11.0000000000
119622  51.244  -0.043  44.818 11.0000000000
119623  51.846  -0.709  44.845 11.0000000000
119624  52.316  -0.867  44.464 11.0000000000
119625  52.747  -1.034  44.059 10.0000000000
119626  53.046  -2.361  44.436 11.0000000000
119627  53.126  -1.812  44.062 11.0000000000
119628  53.140  -1.226  43.612 11.0000000000
119629  53.524  -1.402  43.112 10.0000000000
119630  53.924  -1.596  42.538 10.0000000000
119631  54.239  -1.718  41.968 10.0000000000
119632  54.537  -1.762  41.500 10.0000000000
119633  54.419  -2.293  41.827 12.0000000000
119634  54.439  -2.859  41.571 12.0000000000
119635  54.266  -3.427  41.150 11.0000000000
119636  53.554  -3.885  41.938 11.0000000000
119637  53.706  -3.946  41.342 11.0000000000
119638  53.871  -4.013  40.779 11.0000000000
119639  53.379  -4.468  40.254 11.0000000000
119640  52.745  -4.832  39.763 11.0000000000
119641  51.984  -5.217  39.201 11.0000000000
119645  45.515  -8.413  37.158 5.0000000000
119646  45.613  -8.333  36.655 6.0000000000
119648  45.012  -8.662  36.164 6.0000000000
119649  45.687  -8.277  36.126 6.0000000000
119650  45.737  -8.237  35.593 6.0000000000
119651  45.800  -8.173  35.045 5.0000000000
124325  56.011  -1.630  37.841 6.0000000000
124326  56.198  -1.077  37.598 5.0000000000
124327  56.174  -1.559  37.368 5.0000000000
124328  56.361  -1.433  36.870 5.0000000000
124329  56.551  -1.278  36.335 5.0000000000
124330  55.840  -2.400  36.034 5.0000000000
124331  56.285  -1.785  35.927 5.0000000000
124332  56.666  -1.177  35.833 5.0000000000
124333  56.760  -1.042  35.331 5.0000000000
124334  56.867  -0.926  34.829 5.0000000000
124335  56.984  -0.867  34.296 5.0000000000
129601  50.161  -5.465  47.349 5.0000000000
129602  50.298  -5.480  46.749 6.0000000000
129603  50.435  -5.476  46.087 6.0000000000
129604  49.229  -6.324  45.334 5.0000000000
129605  49.902  -5.906  45.389 6.0000000000
129606  50.569  -5.460  45.483 7.0000000000
129607  50.669  -5.456  44.836 7.0000000000
129608  50.763  -5.447  44.202 6.0000000000
129609  50.840  -5.437  43.523 9.0000000000
129610  50.886  -5.417  42.927 9.0000000000
129611  50.180  -5.831  42.837 8.0000000000
129612  49.461  -6.200  42.220 8.0000000000
129613  48.704  -6.560  41.583 6.0000000000
129615  47.950  -6.964  41.490 5.0000000000
129616  47.978  -6.924  40.929 6.0000000000
129617  47.311  -7.367  40.277 6.0000000000
129618  46.728  -7.765  39.837 5.0000000000
133857  52.575  -4.707  33.859 5.0000000000
140521  50.201  -3.580  48.236 5.0000000000
140522  49.868  -2.951  48.089 5.0000000000
140524  50.015  -1.795  47.208 6.0000000000
140525  49.498  -1.897  47.322 5.0000000000
140533  48.056  1.051  45.687 5.0000000000
140548  51.053  0.423  44.337 10.0000000000
140549  50.712  0.588  43.833 7.0000000000
140550  50.353  0.603  43.245 5.0000000000
140551  51.690  0.176  43.018 8.0000000000
140552  50.799  0.365  42.888 5.0000000000
140571  54.492  -0.350  39.052 5.0000000000
140572  54.742  -0.272  38.628 5.0000000000
140573  55.320  -0.509  38.664 6.0000000000
140574  55.666  -0.833  38.606 6.0000000000
140575  55.880  -1.266  38.462 6.0000000000
140576  54.837  -1.778  41.068 9.0000000000
140577  55.058  -1.809  40.600 8.0000000000
140578  55.249  -1.855  40.110 8.0000000000
140579  54.971  -2.921  40.018 8.0000000000
140580  55.269  -2.375  39.860 8.0000000000
140581  55.438  -1.861  39.625 8.0000000000
140582  55.610  -1.788  39.161 8.0000000000
140583  55.771  -1.739  38.699 7.0000000000
140584  55.897  -1.696  38.265 6.0000000000
140585  55.761  -2.190  37.987 6.0000000000
140586  55.521  -2.682  37.581 6.0000000000
140587  55.130  -3.184  37.145 6.0000000000
140588  54.431  -3.888  37.740 7.0000000000
140589  54.518  -3.768  37.206 6.0000000000
140590  54.567  -3.744  36.665 5.0000000000
140594  50.963  -5.410  42.317 9.0000000000
140595  50.990  -5.436  41.687 9.0000000000
140596  51.003  -5.461  41.040 9.0000000000
140597  49.535  -6.133  40.485 9.0000000000
140598  50.311  -5.768  40.470 10.0000000000
140599  51.040  -5.455  40.403 10.0000000000
140600  51.110  -5.477  39.828 11.0000000000
140601  51.185  -5.498  39.246 11.0000000000
140602  51.224  -5.506  38.644 9.0000000000
140603  46.780  -7.632  38.145 5.0000000000
140604  47.464  -7.235  38.114 7.0000000000
140605  48.195  -6.849  38.133 8.0000000000
140606  47.642  -7.184  37.051 6.0000000000
140607  48.271  -6.838  37.570 7.0000000000
140608  48.918  -6.502  38.109 8.0000000000
140609  49.665  -6.195  38.090 8.0000000000
140610  50.455  -5.835  38.129 8.0000000000
140611  51.275  -5.531  38.119 8.0000000000
140612  51.301  -5.535  37.583 8.0000000000
140613  51.329  -5.519  37.086 8.0000000000
140614  51.367  -5.513  36.526 8.0000000000
140615  49.884  -6.176  35.957 8.0000000000
140616  50.655  -5.825  36.013 8.0000000000
140617  51.426  -5.484  35.975 6.0000000000
152749  56.216  -0.512  37.331 5.0000000000
152750  56.094  0.010  36.973 5.0000000000
152752  56.471  0.288  36.109 5.0000000000
152767  53.393  -4.198  33.931 5.0000000000
152768  54.174  -3.689  33.920 5.0000000000
152769  54.929  -3.117  33.944 5.0000000000
152772  55.636  -2.587  33.930 5.0000000000
152773  56.239  -1.956  33.908 5.0000000000
152774  56.714  -1.330  33.875 5.0000000000
246  52.472  -4.849  34.376 0.0000000000
724  50.114  -4.836  48.346 0.0000000000
1596  46.535  -7.794  34.461 0.0000000000
2146  57.319  -0.250  34.206 0.0000000000
4733  55.198  -3.134  36.629 0.0000000000
7554  47.961  1.792  44.596 0.0000000000
7555  49.512  0.828  43.059 0.0000000000
7557  53.189  -0.368  39.746 0.0000000000
7558  54.299  -0.105  38.074 0.0000000000
13695  47.215  -7.535  43.084 0.0000000000
13696  47.220  -7.462  41.981 0.0000000000
16593  49.739  -3.523  48.560 0.0000000000
16604  52.327  -0.288  40.697 0.0000000000
19959  54.686  0.191  37.238 0.0000000000
19960  55.908  -0.172  37.397 0.0000000000
19962  56.703  0.391  35.642 0.0000000000
24948  45.125  -8.416  34.574 0.0000000000
29154  49.640  -5.962  47.342 0.0000000000
29161  46.092  -8.264  39.816 0.0000000000
30723  52.639  -4.565  33.340 0.0000000000
33117  47.863  -0.500  46.061 0.0000000000
33123  48.566  0.488  41.936 0.0000000000
33131  53.810  -0.297  38.887 0.0000000000
33139  52.367  -4.985  35.516 0.0000000000
33147  50.728  -5.802  35.477 0.0000000000
37259  53.684  0.365  35.929 0.0000000000
37267  54.229  -3.568  33.333 0.0000000000
37268  55.701  -2.497  33.408 0.0000000000
37269  56.812  -1.230  33.356 0.0000000000
47313  50.052  -4.185  48.542 0.0000000000
47338  47.221  -7.517  35.022 0.0000000000
47339  47.936  -7.206  34.944 0.0000000000
50681  57.169  -0.370  34.690 0.0000000000
50682  57.156  0.116  34.993 0.0000000000
56934  44.954  -8.833  37.170 0.0000000000
56935  44.315  -9.171  36.637 0.0000000000
56937  44.397  -8.953  35.635 0.0000000000
56938  44.424  -8.813  35.143 0.0000000000
56939  45.095  -8.507  35.091 0.0000000000
64118  49.127  -6.451  46.684 0.0000000000
64120  49.179  -6.420  46.032 0.0000000000
64129  47.217  -7.444  41.399 0.0000000000
64130  46.621  -7.871  40.865 0.0000000000
64131  46.650  -7.832  40.344 0.0000000000
72825  48.479  -0.930  46.395 0.0000000000
72827  47.708  0.203  45.868 0.0000000000
72830  47.892  1.551  45.365 0.0000000000
72831  47.580  1.847  44.934 0.0000000000
72836  49.096  1.088  43.419 0.0000000000
72837  48.255  1.237  43.228 0.0000000000
72838  48.629  0.956  42.825 0.0000000000
72839  48.131  0.794  42.277 0.0000000000
72847  49.921  0.113  41.803 0.0000000000
72848  50.409  -0.125  41.389 0.0000000000
72850  50.887  -0.312  41.000 0.0000000000
72852  51.852  -0.440  40.112 0.0000000000
72853  52.280  -0.447  39.645 0.0000000000
72857  53.513  -0.354  39.312 0.0000000000
72896  49.288  -6.405  34.939 0.0000000000
72897  49.927  -6.176  35.472 0.0000000000
82917  54.195  0.364  36.673 0.0000000000
82919  53.963  0.539  35.534 0.0000000000
82920  54.738  0.639  35.813 0.0000000000
82925  56.290  0.685  35.690 0.0000000000
82937  53.431  -4.084  33.388 0.0000000000
82942  56.327  -1.870  33.403 0.0000000000
96071  54.634  -3.643  36.163 0.0000000000
98376  48.550  -6.760  45.271 0.0000000000
98377  47.868  -7.159  44.487 0.0000000000
98378  47.880  -7.116  43.854 0.0000000000
98381  47.214  -7.499  42.528 0.0000000000
103595  49.376  -2.967  48.297 0.0000000000
103605  48.333  1.604  44.195 0.0000000000
103614  51.853  -0.210  41.137 0.0000000000
103643  48.611  -6.836  34.952 0.0000000000
109653  54.491  0.037  37.658 0.0000000000
109654  55.172  -0.070  37.789 0.0000000000
109655  55.367  0.065  37.382 0.0000000000
109656  55.614  0.179  36.999 0.0000000000
109660  56.933  0.568  35.212 0.0000000000
119642  45.534  -8.540  38.172 0.0000000000
119643  46.135  -8.081  38.188 0.0000000000
119644  45.517  -8.472  37.688 0.0000000000
119647  44.356  -9.066  36.134 0.0000000000
119652  45.847  -8.085  34.500 0.0000000000
129600  50.005  -5.425  47.946 0.0000000000
129614  47.937  -6.992  42.065 0.0000000000
129619  46.132  -8.229  39.245 0.0000000000
129628  45.559  -8.612  38.609 0.0000000000
133856  51.727  -5.191  33.876 0.0000000000
133858  51.824  -5.043  33.368 0.0000000000
140523  49.480  -2.419  47.783 0.0000000000
140526  48.968  -1.984  47.381 0.0000000000
140527  48.521  -1.585  46.833 0.0000000000
140531  47.039  0.590  45.754 0.0000000000
140532  46.830  1.162  45.712 0.0000000000
140534  47.385  1.401  45.642 0.0000000000
140542  47.899  1.532  43.632 0.0000000000
140553  49.937  0.561  42.704 0.0000000000
140554  49.474  0.401  42.165 0.0000000000
140569  54.073  -0.204  38.476 0.0000000000
140570  54.236  -0.432  39.462 0.0000000000
140591  53.890  -4.192  36.119 0.0000000000
140592  53.199  -4.562  35.538 0.0000000000
140593  52.433  -4.916  34.951 0.0000000000
140618  51.498  -5.432  35.439 0.0000000000
152751  55.827  0.337  36.561 0.0000000000
152753  56.033  0.519  36.123 0.0000000000
152754  55.464  0.630  36.013 0.0000000000
152771  54.971  -3.044  33.372 0.0000000000
152775  57.159  -0.722  33.758 0.0000000000
3618  43.587  -9.590  36.621 0.0000000000
3620  43.773  -9.028  34.680 0.0000000000
5912  48.518  -6.833  45.926 0.0000000000
5915  46.082  -8.335  40.820 0.0000000000
7551  46.092  1.401  45.735 0.0000000000
7552  48.930  -2.544  47.897 0.0000000000
7564  49.375  -6.371  34.424 0.0000000000
11299  43.685  -9.304  35.641 0.0000000000
13693  47.195  -7.606  44.415 0.0000000000
16590  46.480  0.307  45.648 0.0000000000
16620  47.992  -7.150  34.467 0.0000000000
19963  57.152  0.735  34.782 0.0000000000
24944  44.928  -8.918  37.665 0.0000000000
29164  44.890  -9.138  38.559 0.0000000000
30722  51.032  -5.488  33.386 0.0000000000
33114  48.002  -1.864  46.761 0.0000000000
33119  47.130  1.808  45.268 0.0000000000
33121  47.071  1.684  43.476 0.0000000000
33122  47.771  1.074  42.645 0.0000000000
33126  49.406  -0.088  41.231 0.0000000000
33127  50.391  -0.494  40.372 0.0000000000
33128  51.329  -0.656  39.443 0.0000000000
37260  54.258  0.737  35.145 0.0000000000
37262  55.703  0.826  35.609 0.0000000000
44414  47.203  -7.563  43.768 0.0000000000
44415  46.601  -7.956  43.065 0.0000000000
44416  46.553  -7.957  42.524 0.0000000000
47311  49.805  -4.772  48.809 0.0000000000
47312  49.616  -4.067  48.979 0.0000000000
47340  47.284  -7.475  34.492 0.0000000000
47342  46.619  -7.710  33.978 0.0000000000
50683  57.343  0.210  34.532 0.0000000000
50685  57.491  0.319  34.059 0.0000000000
56933  44.281  -9.280  37.134 0.0000000000
56936  43.727  -9.163  35.160 0.0000000000
56940  44.465  -8.714  34.636 0.0000000000
56941  44.518  -8.604  34.133 0.0000000000
64116  48.473  -6.882  46.590 0.0000000000
64117  49.050  -6.435  47.338 0.0000000000
64128  46.608  -7.902  41.394 0.0000000000
64132  46.094  -8.299  40.327 0.0000000000
67479  51.081  -5.351  32.834 0.0000000000
72814  48.863  -3.042  48.442 0.0000000000
72818  48.479  -2.159  47.348 0.0000000000
72832  46.822  2.064  44.851 0.0000000000
72833  47.199  1.995  44.437 0.0000000000
72835  47.551  1.784  44.058 0.0000000000
72849  49.892  -0.333  40.794 0.0000000000
72854  51.758  -0.629  38.979 0.0000000000
72855  52.714  -0.436  39.138 0.0000000000
72856  53.060  -0.397  38.688 0.0000000000
72898  50.041  -6.108  34.967 0.0000000000
72899  50.804  -5.750  34.940 0.0000000000
82913  53.555  -0.155  37.914 0.0000000000
82915  53.751  -0.013  37.455 0.0000000000
82924  56.533  0.907  35.257 0.0000000000
82926  55.983  1.053  35.205 0.0000000000
82936  52.663  -4.420  32.801 0.0000000000
82938  53.450  -3.962  32.821 0.0000000000
82940  55.021  -2.970  32.806 0.0000000000
82941  55.729  -2.421  32.848 0.0000000000
82943  56.379  -1.812  32.872 0.0000000000
94065  43.634  -9.452  36.117 0.0000000000
98375  47.858  -7.222  45.160 0.0000000000
98382  46.585  -7.930  41.952 0.0000000000
103590  46.249  0.878  45.686 0.0000000000
103594  49.275  -3.492  48.830 0.0000000000
103644  48.648  -6.768  34.461 0.0000000000
109661  56.776  1.112  34.843 0.0000000000
119653  45.886  -7.985  33.978 0.0000000000
119654  45.207  -8.274  34.095 0.0000000000
129591  49.769  -5.359  48.514 0.0000000000
129599  49.525  -5.913  47.963 0.0000000000
129626  45.550  -8.760  39.622 0.0000000000
129627  45.557  -8.702  39.131 0.0000000000
129629  44.911  -9.016  38.109 0.0000000000
133859  51.882  -4.893  32.872 0.0000000000
140528  47.977  -1.213  46.325 0.0000000000
140529  47.357  -0.803  45.916 0.0000000000
140530  47.201  -0.083  45.795 0.0000000000
140535  46.641  1.653  45.565 0.0000000000
140543  47.421  1.408  43.063 0.0000000000
140545  47.303  0.848  42.091 0.0000000000
140546  47.690  0.507  41.721 0.0000000000
140547  48.104  0.220  41.385 0.0000000000
140555  48.997  0.185  41.598 0.0000000000
140560  51.387  -0.401  40.566 0.0000000000
140561  50.868  -0.612  39.913 0.0000000000
140568  53.323  -0.279  38.330 0.0000000000
140619  51.594  -5.343  34.925 0.0000000000
140620  51.660  -5.277  34.394 0.0000000000
140621  50.967  -5.601  33.910 0.0000000000
152743  53.935  0.187  37.049 0.0000000000
152744  53.386  0.239  36.308 0.0000000000
152745  52.866  0.213  35.570 0.0000000000
152746  53.158  0.370  35.215 0.0000000000
152747  53.469  0.566  34.828 0.0000000000
152755  54.977  0.830  35.417 0.0000000000
152770  54.261  -3.466  32.763 0.0000000000
152782  56.917  -1.164  32.794 0.0000000000
152783  57.266  -0.627  33.246 0.0000000000
152784  57.451  -0.137  33.698 0.0000000000
725  45.959  -8.473  42.946 0.0000000000
1091  47.574  -0.028  40.763 0.0000000000
1591  46.820  -1.117  45.716 0.0000000000
3017  52.047  0.040  35.320 0.0000000000
6585  52.641  -4.282  32.218 0.0000000000
9005  56.235  1.282  34.793 0.0000000000
9007  55.727  -2.338  32.258 0.0000000000
13697  46.033  -8.392  41.885 0.0000000000
14791  46.793  0.606  41.523 0.0000000000
16591  49.435  -4.651  49.254 0.0000000000
16592  48.740  -3.527  48.999 0.0000000000
16622  46.707  -7.581  33.485 0.0000000000
19965  57.523  0.942  33.893 0.0000000000
19967  54.277  -3.370  32.183 0.0000000000
23863  52.642  0.387  34.495 0.0000000000
24949  45.239  -8.140  33.571 0.0000000000
24950  43.838  -8.741  33.678 0.0000000000
29151  49.309  -5.857  48.585 0.0000000000
29153  48.413  -6.877  47.272 0.0000000000
29163  44.926  -9.239  39.548 0.0000000000
30724  51.131  -5.208  32.334 0.0000000000
33120  46.398  2.158  44.315 0.0000000000
33129  52.237  -0.551  38.453 0.0000000000
33130  52.721  -0.304  37.652 0.0000000000
33148  50.879  -5.679  34.414 0.0000000000
37258  53.142  0.064  36.753 0.0000000000
37271  56.977  -1.149  32.268 0.0000000000
37272  57.570  -0.061  33.194 0.0000000000
44412  46.551  -8.065  44.310 0.0000000000
44413  46.594  -8.013  43.673 0.0000000000
44417  45.999  -8.437  42.422 0.0000000000
45511  47.178  0.266  41.150 0.0000000000
47309  45.893  -0.044  45.469 0.0000000000
47310  46.666  -0.423  45.595 0.0000000000
47341  47.348  -7.388  33.947 0.0000000000
50684  57.335  0.848  34.336 0.0000000000
55132  52.354  0.217  34.881 0.0000000000
56942  43.802  -8.887  34.169 0.0000000000
64114  47.849  -7.272  45.838 0.0000000000
64115  47.805  -7.305  46.486 0.0000000000
64139  44.892  -9.222  39.031 0.0000000000
64140  44.187  -9.649  38.517 0.0000000000
64141  44.210  -9.542  38.064 0.0000000000
67478  50.331  -5.740  32.852 0.0000000000
67480  50.362  -5.606  32.301 0.0000000000
72806  45.556  1.089  45.724 0.0000000000
72808  45.513  1.667  45.743 0.0000000000
72810  45.976  1.873  45.543 0.0000000000
72815  48.287  -3.183  48.521 0.0000000000
72816  48.410  -2.708  47.898 0.0000000000
72817  47.918  -2.419  47.304 0.0000000000
72834  46.720  1.969  43.869 0.0000000000
72900  50.115  -6.049  34.444 0.0000000000
72901  50.190  -5.972  33.927 0.0000000000
72902  49.422  -6.299  33.933 0.0000000000
82914  52.945  -0.138  37.253 0.0000000000
82927  55.246  1.063  35.043 0.0000000000
82928  55.593  1.344  34.640 0.0000000000
82939  55.067  -2.866  32.270 0.0000000000
82950  57.355  -0.588  32.729 0.0000000000
94064  42.885  -9.805  36.127 0.0000000000
94066  42.923  -9.644  35.653 0.0000000000
94067  42.980  -9.478  35.171 0.0000000000
94068  43.038  -9.339  34.678 0.0000000000
94069  43.065  -9.184  34.172 0.0000000000
98374  47.186  -7.644  45.087 0.0000000000
98383  46.063  -8.367  41.327 0.0000000000
100351  46.428  0.929  41.956 0.0000000000
103589  45.701  0.544  45.585 0.0000000000
103593  49.167  -4.026  49.238 0.0000000000
103645  48.689  -6.666  33.956 0.0000000000
103646  48.007  -7.035  33.939 0.0000000000
109662  56.512  1.515  34.413 0.0000000000
109663  57.015  1.248  34.456 0.0000000000
109667  53.467  -3.837  32.199 0.0000000000
117121  52.941  0.600  34.065 0.0000000000
119655  44.572  -8.475  33.626 0.0000000000
129590  49.468  -5.317  49.006 0.0000000000
129598  48.931  -6.407  47.983 0.0000000000
129622  45.497  -8.875  40.703 0.0000000000
129625  45.528  -8.817  40.132 0.0000000000
129630  44.245  -9.416  37.596 0.0000000000
129631  43.549  -9.734  37.084 0.0000000000
129634  42.861  -9.962  36.587 0.0000000000
133860  51.887  -4.749  32.299 0.0000000000
140519  47.426  -2.136  46.586 0.0000000000
140520  47.434  -1.502  46.164 0.0000000000
140536  46.406  2.015  45.245 0.0000000000
140537  46.043  2.289  44.788 0.0000000000
140540  46.220  1.794  43.322 0.0000000000
140541  46.542  1.480  42.929 0.0000000000
140544  46.950  1.182  42.560 0.0000000000
140556  48.513  -0.081  41.015 0.0000000000
140557  48.923  -0.346  40.599 0.0000000000
140558  49.386  -0.562  40.156 0.0000000000
140559  49.845  -0.715  39.706 0.0000000000
140562  50.301  -0.833  39.229 0.0000000000
140563  50.776  -0.855  38.750 0.0000000000
140564  51.227  -0.777  38.272 0.0000000000
140567  52.484  -0.438  38.007 0.0000000000
140622  50.290  -5.866  33.389 0.0000000000
140630  45.905  -7.887  33.479 0.0000000000
152742  52.605  0.033  36.042 0.0000000000
152748  53.804  0.786  34.460 0.0000000000
152756  54.569  0.971  34.755 0.0000000000
152781  56.402  -1.790  32.323 0.0000000000
152785  57.639  0.445  33.602 0.0000000000
1097  53.304  0.879  33.716 0.0000000000
3011  49.276  -0.941  39.027 0.0000000000
5916  43.531  -10.091  38.464 0.0000000000
6571  46.039  1.258  42.384 0.0000000000
6584  49.608  -5.946  32.373 0.0000000000
10691  50.188  -0.997  38.043 0.0000000000
11298  42.200  -10.036  35.691 0.0000000000
11300  42.286  -9.698  34.676 0.0000000000
11301  42.359  -9.410  33.710 0.0000000000
13691  45.827  -8.516  44.280 0.0000000000
13692  47.160  -7.684  45.795 0.0000000000
16588  45.319  -0.373  45.229 0.0000000000
16589  44.990  0.842  45.671 0.0000000000
16621  48.042  -6.887  33.428 0.0000000000
19964  56.782  1.704  34.063 0.0000000000
23851  48.392  -0.560  39.968 0.0000000000
24930  46.827  -2.476  46.401 0.0000000000
29162  44.838  -9.412  40.602 0.0000000000
29165  43.520  -9.884  37.528 0.0000000000
29166  42.137  -10.352  36.563 0.0000000000
30691  45.387  1.922  43.213 0.0000000000
33110  44.850  1.943  45.736 0.0000000000
33111  45.714  2.248  45.161 0.0000000000
33113  47.841  -2.916  47.813 0.0000000000
33149  49.502  -6.198  33.413 0.0000000000
37263  54.900  1.215  34.384 0.0000000000
41411  50.640  -0.893  37.564 0.0000000000
42019  42.244  -9.864  35.188 0.0000000000
44411  45.894  -8.481  43.627 0.0000000000
45512  46.205  0.366  40.947 0.0000000000
45513  46.612  0.034  40.542 0.0000000000
45528  52.478  0.715  33.390 0.0000000000
47306  46.260  -1.439  45.483 0.0000000000
47308  46.097  -0.716  45.406 0.0000000000
55111  48.812  -0.774  39.524 0.0000000000
55128  51.195  -0.130  35.016 0.0000000000
55130  51.541  0.086  34.581 0.0000000000
55131  51.864  0.269  34.156 0.0000000000
64109  49.059  -5.795  49.134 0.0000000000
64110  48.772  -6.354  48.617 0.0000000000
64137  44.224  -9.756  39.481 0.0000000000
64138  44.232  -9.705  38.997 0.0000000000
64142  43.528  -9.989  37.998 0.0000000000
67411  45.689  1.606  42.788 0.0000000000
72807  44.975  1.425  45.805 0.0000000000
72809  45.330  2.137  45.477 0.0000000000
72908  44.543  -8.333  33.109 0.0000000000
72909  45.276  -7.996  33.033 0.0000000000
82929  55.184  1.534  34.051 0.0000000000
82930  55.884  1.607  34.281 0.0000000000
82948  57.036  -1.122  31.756 0.0000000000
82949  57.453  -0.599  32.248 0.0000000000
82951  57.700  -0.034  32.668 0.0000000000
82952  57.768  0.508  33.082 0.0000000000
92971  49.707  -1.017  38.522 0.0000000000
92983  51.692  -0.225  35.759 0.0000000000
94070  42.326  -9.546  34.171 0.0000000000
98373  46.504  -8.081  45.012 0.0000000000
100352  45.492  1.015  41.780 0.0000000000
100353  45.875  0.692  41.349 0.0000000000
100392  49.634  -5.812  31.831 0.0000000000
103588  45.155  0.269  45.447 0.0000000000
103591  48.998  -4.537  49.593 0.0000000000
103592  48.641  -4.014  49.415 0.0000000000
103647  47.381  -7.242  33.436 0.0000000000
103648  46.775  -7.432  32.979 0.0000000000
109664  57.231  1.386  34.047 0.0000000000
109665  57.450  1.491  33.618 0.0000000000
109666  52.645  -4.143  31.630 0.0000000000
109668  53.475  -3.702  31.620 0.0000000000
109669  54.312  -3.239  31.675 0.0000000000
109670  55.073  -2.744  31.723 0.0000000000
115557  45.258  -8.965  42.873 0.0000000000
115558  45.333  -8.955  42.270 0.0000000000
117091  47.968  -0.295  40.378 0.0000000000
117092  47.015  -0.264  40.126 0.0000000000
117120  52.169  0.451  33.775 0.0000000000
119610  46.867  -1.813  45.986 0.0000000000
119656  43.875  -8.598  33.185 0.0000000000
119657  43.079  -9.027  33.669 0.0000000000
119658  43.146  -8.894  33.179 0.0000000000
129589  49.140  -5.179  49.453 0.0000000000
129595  47.105  -7.704  46.508 0.0000000000
129596  47.729  -7.289  47.255 0.0000000000
129597  48.319  -6.854  47.944 0.0000000000
129620  45.414  -8.921  41.765 0.0000000000
129621  45.468  -8.898  41.243 0.0000000000
129624  44.905  -9.343  40.060 0.0000000000
129633  42.845  -10.136  37.069 0.0000000000
129635  42.162  -10.186  36.120 0.0000000000
133861  50.371  -5.480  31.758 0.0000000000
133862  51.126  -5.062  31.715 0.0000000000
133863  51.856  -4.611  31.678 0.0000000000
140511  45.302  2.457  44.696 0.0000000000
140515  48.206  -3.624  49.036 0.0000000000
140516  47.756  -3.369  48.447 0.0000000000
140518  47.314  -2.710  47.137 0.0000000000
140538  45.595  2.281  44.252 0.0000000000
140539  45.916  2.062  43.762 0.0000000000
140565  51.615  -0.633  37.769 0.0000000000
140566  51.860  -0.492  37.330 0.0000000000
140623  49.584  -6.075  32.880 0.0000000000
140624  48.753  -6.532  33.437 0.0000000000
140631  46.036  -7.754  32.966 0.0000000000
152740  52.106  -0.331  36.950 0.0000000000
152741  52.343  -0.166  36.526 0.0000000000
152757  54.108  1.070  34.069 0.0000000000
152761  56.191  1.875  33.941 0.0000000000
152778  55.725  -2.218  31.675 0.0000000000
152780  56.439  -1.698  31.734 0.0000000000
152786  57.696  1.017  33.409 0.0000000000
110  51.015  -0.722  37.087 0.0000000000
244  44.797  2.428  44.115 0.0000000000
3621  43.911  -8.466  32.682 0.0000000000
5910  48.492  -4.511  49.801 0.0000000000
5911  48.194  -6.807  48.604 0.0000000000
7565  46.764  -7.269  32.457 0.0000000000
9006  57.281  2.016  33.318 0.0000000000
9008  57.800  -0.023  32.167 0.0000000000
10696  50.335  -0.307  34.780 0.0000000000
10697  51.449  -0.395  36.208 0.0000000000
13699  43.468  -10.226  39.407 0.0000000000
14792  44.894  0.838  41.240 0.0000000000
14793  45.655  0.166  40.365 0.0000000000
14808  51.635  0.600  33.136 0.0000000000
14814  49.666  -5.663  31.247 0.0000000000
16586  45.685  -1.722  45.291 0.0000000000
19966  52.634  -4.008  31.069 0.0000000000
19968  54.251  -3.105  31.129 0.0000000000
19970  57.116  -1.045  31.219 0.0000000000
23193  44.561  -9.411  42.750 0.0000000000
23194  44.672  -9.434  41.640 0.0000000000
23852  46.432  -0.454  39.527 0.0000000000
23862  51.041  0.170  33.914 0.0000000000
24951  42.490  -9.121  32.711 0.0000000000
29150  48.768  -5.704  49.619 0.0000000000
29152  47.045  -7.683  47.220 0.0000000000
30725  51.111  -4.903  31.110 0.0000000000
33112  47.611  -3.755  49.023 0.0000000000
33152  45.364  -7.834  32.533 0.0000000000
37264  55.511  1.855  33.731 0.0000000000
37270  55.781  -2.090  31.176 0.0000000000
37273  57.858  1.087  32.916 0.0000000000
41412  49.571  -1.097  37.339 0.0000000000
41413  50.003  -0.957  36.892 0.0000000000
41417  51.215  -0.557  36.657 0.0000000000
42018  41.527  -10.215  35.169 0.0000000000
42020  41.577  -10.035  34.633 0.0000000000
42021  41.634  -9.887  34.166 0.0000000000
43111  44.548  2.622  44.614 0.0000000000
45529  51.972  0.874  32.760 0.0000000000
45530  52.839  1.013  33.017 0.0000000000
45532  53.661  1.196  33.364 0.0000000000
47307  45.492  -1.038  45.170 0.0000000000
50687  53.476  -3.554  31.105 0.0000000000
55112  47.860  -0.783  39.288 0.0000000000
55113  48.260  -0.942  38.826 0.0000000000
55129  50.661  -0.058  34.346 0.0000000000
56909  46.194  -2.799  46.175 0.0000000000
56910  46.720  -3.008  46.907 0.0000000000
56943  41.770  -9.594  33.140 0.0000000000
56944  42.412  -9.264  33.219 0.0000000000
64108  48.572  -6.292  49.196 0.0000000000
64113  46.385  -8.092  46.467 0.0000000000
64134  44.745  -9.435  41.149 0.0000000000
64135  44.123  -9.839  40.470 0.0000000000
64136  43.522  -10.178  38.938 0.0000000000
64144  42.130  -10.520  37.012 0.0000000000
64145  41.467  -10.736  36.545 0.0000000000
64146  41.463  -10.551  36.084 0.0000000000
67412  44.827  1.708  42.615 0.0000000000
67413  45.157  1.352  42.179 0.0000000000
67482  50.386  -5.304  31.161 0.0000000000
72813  48.071  -4.047  49.511 0.0000000000
72903  47.421  -7.086  32.934 0.0000000000
72904  48.093  -6.731  32.928 0.0000000000
72910  44.609  -8.176  32.619 0.0000000000
82931  57.034  1.869  33.702 0.0000000000
82932  56.496  2.108  33.633 0.0000000000
82947  57.543  -0.563  31.734 0.0000000000
82953  57.896  0.555  32.569 0.0000000000
92972  48.668  -1.083  38.343 0.0000000000
92973  49.090  -1.143  37.851 0.0000000000
92982  50.910  -0.380  35.483 0.0000000000
94071  41.698  -9.745  33.685 0.0000000000
98371  45.794  -8.473  45.007 0.0000000000
98372  46.452  -8.093  45.738 0.0000000000
98388  42.790  -10.519  38.371 0.0000000000
98389  42.809  -10.404  37.954 0.0000000000
100354  45.267  0.509  40.780 0.0000000000
100391  48.904  -6.139  31.882 0.0000000000
100393  48.932  -5.976  31.297 0.0000000000
103585  44.727  -0.686  44.987 0.0000000000
103586  44.543  -0.029  45.250 0.0000000000
103587  44.406  0.621  45.536 0.0000000000
115555  45.105  -8.935  44.225 0.0000000000
115556  45.165  -8.958  43.549 0.0000000000
115559  44.620  -9.426  42.187 0.0000000000
117093  47.423  -0.518  39.712 0.0000000000
117119  51.346  0.361  33.513 0.0000000000
119609  46.283  -2.133  45.778 0.0000000000
119659  43.204  -8.786  32.666 0.0000000000
129588  48.730  -5.090  49.815 0.0000000000
129594  47.648  -7.273  47.945 0.0000000000
129623  44.183  -9.804  39.969 0.0000000000
129632  42.825  -10.278  37.522 0.0000000000
129636  41.485  -10.379  35.629 0.0000000000
133771  45.055  2.198  43.654 0.0000000000
133773  44.485  2.040  43.059 0.0000000000
133776  44.597  1.141  41.589 0.0000000000
133782  46.040  -0.162  39.942 0.0000000000
133864  51.823  -4.476  31.085 0.0000000000
140506  44.369  1.194  45.783 0.0000000000
140507  44.357  1.706  45.964 0.0000000000
140508  44.274  2.193  45.843 0.0000000000
140509  44.670  2.392  45.512 0.0000000000
140510  44.999  2.485  45.124 0.0000000000
140514  47.094  -3.600  48.353 0.0000000000
140517  47.187  -3.191  47.722 0.0000000000
140625  48.829  -6.401  32.908 0.0000000000
140626  48.879  -6.273  32.393 0.0000000000
140632  46.094  -7.593  32.449 0.0000000000
152758  54.450  1.378  33.734 0.0000000000
152759  54.783  1.719  33.426 0.0000000000
152762  55.869  2.177  33.419 0.0000000000
152777  55.050  -2.595  31.161 0.0000000000
152779  56.475  -1.587  31.171 0.0000000000
152787  57.658  1.586  33.157 0.0000000000
